Number,N,P,corr,method,beta,S1,S21,S22,S23,S24,S25,S3,prop.s2,prop.s3,V1,V2,V3,V4,V5,No_Predictors,MSE,V1_TURE,V2_TURE,V3_TURE,V4_TURE,V5_TURE,VaddMethod
69,100,50,0.7,3,wide,5,4,4,4,4,4,20,0.799,0.806,4.13143590885237,4.635828474608788,4.975275896586068,4.461444180099713,3.3422672720811812,5,15.605461778433243,3.5925823643887465,3.64530049276275,3.744555364622504,3.910378358556679,3.56102190485768,Method4
69,100,50,0.7,3,wide,5,4,4,4,4,4,20,0.799,0.806,4.13143590885237,4.635828474608788,4.975275896586068,4.461444180099713,3.3422672720811812,6,15.605461778433243,3.5925823643887465,3.64530049276275,3.744555364622504,3.910378358556679,3.56102190485768,Method4
69,100,50,0.7,3,wide,5,4,4,4,4,4,20,0.799,0.806,4.238430369880682,4.671080236711126,4.996646076950307,3.8070324959554784,3.438064370818675,7,15.108820922158605,3.5925823643887465,3.64530049276275,3.744555364622504,3.910378358556679,3.56102190485768,Method4
69,100,50,0.7,3,wide,5,4,4,4,4,4,20,0.799,0.806,4.679617201718146,4.016775409786178,4.769698202544816,3.431173584270091,3.528714524427913,8,6.633942135363113,3.5925823643887465,3.64530049276275,3.744555364622504,3.910378358556679,3.56102190485768,Method4
69,100,50,0.7,3,wide,5,4,4,4,4,4,20,0.799,0.806,4.661187657263578,4.019270172459678,4.768061947035645,3.2197022825709776,3.469439298772642,9,6.536200366999067,3.5925823643887465,3.64530049276275,3.744555364622504,3.910378358556679,3.56102190485768,Method4
69,100,50,0.7,3,wide,5,4,4,4,4,4,20,0.799,0.806,4.47459800426606,4.132238906725773,4.88111556147185,3.4618074042626725,3.539720215780437,10,4.56503463726823,3.5925823643887465,3.64530049276275,3.744555364622504,3.910378358556679,3.56102190485768,Method4
69,100,50,0.7,3,wide,5,4,4,4,4,4,20,0.799,0.806,4.598486945541211,4.173847096067997,4.904364404811622,3.5957187045689927,3.745458855216083,11,3.890675260701019,3.5925823643887465,3.64530049276275,3.744555364622504,3.910378358556679,3.56102190485768,Method4
69,100,50,0.7,3,wide,5,4,4,4,4,4,20,0.799,0.806,4.7863966802846285,4.100495889994021,4.838209599075833,3.591288072646274,3.8207274517914143,12,3.1984659102712145,3.5925823643887465,3.64530049276275,3.744555364622504,3.910378358556679,3.56102190485768,Method4
69,100,50,0.7,3,wide,5,4,4,4,4,4,20,0.799,0.806,4.794372748973171,4.101064413413035,4.873981553887955,3.399266545678278,3.8384740651394957,13,3.1248001959359177,3.5925823643887465,3.64530049276275,3.744555364622504,3.910378358556679,3.56102190485768,Method4
69,100,50,0.7,3,wide,5,4,4,4,4,4,20,0.799,0.806,4.79996283458902,4.094010406667008,4.893534526345135,3.299334682428895,3.814358661546195,14,3.0657828296755785,3.5925823643887465,3.64530049276275,3.744555364622504,3.910378358556679,3.56102190485768,Method4
69,100,50,0.7,3,wide,5,4,4,4,4,4,20,0.799,0.806,4.253014399809479,4.139178873104396,4.842129616539123,3.509480415202531,3.900919705702025,15,2.7948647716702952,3.5925823643887465,3.64530049276275,3.744555364622504,3.910378358556679,3.56102190485768,Method4
69,100,50,0.7,3,wide,5,4,4,4,4,4,20,0.799,0.806,3.8422338448747437,4.159933326446204,4.993966112112979,3.342785404189251,3.906108210113829,16,2.375827477059793,3.5925823643887465,3.64530049276275,3.744555364622504,3.910378358556679,3.56102190485768,Method4
69,100,50,0.7,3,wide,5,4,4,4,4,4,20,0.799,0.806,4.0028879274798275,4.176602680538045,5.0390774507435845,3.283592199449517,3.830427996707712,17,2.2464109916815844,3.5925823643887465,3.64530049276275,3.744555364622504,3.910378358556679,3.56102190485768,Method4
69,100,50,0.7,3,wide,5,4,4,4,4,4,20,0.799,0.806,3.861801421902027,4.128568350485089,4.947067157431221,3.426238771259367,3.891191264618518,18,1.9022695149466478,3.5925823643887465,3.64530049276275,3.744555364622504,3.910378358556679,3.56102190485768,Method4
69,100,50,0.7,3,wide,5,4,4,4,4,4,20,0.799,0.806,3.973944935858701,4.179642063450661,3.996394552577494,3.3913721700289936,3.993539177195585,19,1.4695911610130676,3.5925823643887465,3.64530049276275,3.744555364622504,3.910378358556679,3.56102190485768,Method4
69,100,50,0.7,3,wide,5,4,4,4,4,4,20,0.799,0.806,3.9626940108164157,4.173241735712752,3.976334596496935,3.3397543009073445,4.0090125216842285,20,1.278025088307534,3.5925823643887465,3.64530049276275,3.744555364622504,3.910378358556679,3.56102190485768,Method4
69,100,50,0.7,3,wide,5,4,4,4,4,4,20,0.799,0.806,3.9835670364584073,4.235789656768912,3.906973550500966,3.3742507813762685,4.006486646396808,21,1.180413220038341,3.5925823643887465,3.64530049276275,3.744555364622504,3.910378358556679,3.56102190485768,Method4
69,100,50,0.7,3,wide,5,4,4,4,4,4,20,0.799,0.806,3.9865608519208986,4.2681379548162175,3.9060872832369284,3.3684129518658907,4.003815701070586,22,1.1796780947377823,3.5925823643887465,3.64530049276275,3.744555364622504,3.910378358556679,3.56102190485768,Method4
69,100,50,0.7,3,wide,5,4,4,4,4,4,20,0.799,0.806,4.0512346416656255,4.170089921504073,3.843313610180321,3.3386264257770035,4.008306433779271,23,1.1157301469611183,3.5925823643887465,3.64530049276275,3.744555364622504,3.910378358556679,3.56102190485768,Method4
69,100,50,0.7,3,wide,5,4,4,4,4,4,20,0.799,0.806,4.091871776596591,4.1632081645907775,3.9467501874545667,3.408489407208735,3.6285495557299385,24,1.0285431484976717,3.5925823643887465,3.64530049276275,3.744555364622504,3.910378358556679,3.56102190485768,Method4
69,100,50,0.7,3,wide,5,4,4,4,4,4,20,0.799,0.806,4.143170846959717,4.138115278634426,3.9577965830479984,3.308339242526727,3.476982406358531,25,0.9843063325139754,3.5925823643887465,3.64530049276275,3.744555364622504,3.910378358556679,3.56102190485768,Method4
69,100,50,0.7,3,wide,5,4,4,4,4,4,20,0.799,0.806,4.104935791386472,4.125569035693511,3.939314658103646,3.3215610040336965,3.480921572388009,26,0.9769603932826795,3.5925823643887465,3.64530049276275,3.744555364622504,3.910378358556679,3.56102190485768,Method4
69,100,50,0.7,3,wide,5,4,4,4,4,4,20,0.799,0.806,4.091271685361813,4.109476203135998,3.8296125067554,3.3057101270803706,3.52673514047911,27,0.9667742323870769,3.5925823643887465,3.64530049276275,3.744555364622504,3.910378358556679,3.56102190485768,Method4
69,100,50,0.7,3,wide,5,4,4,4,4,4,20,0.799,0.806,4.098302148239594,4.111302166407478,3.831703176857829,3.3172066428903473,3.5377421052670135,28,0.9661678850165788,3.5925823643887465,3.64530049276275,3.744555364622504,3.910378358556679,3.56102190485768,Method4
69,100,50,0.7,3,wide,5,4,4,4,4,4,20,0.799,0.806,4.059770938960801,4.003927190979239,3.8292460889288678,3.3651665880724204,3.5416434827507204,29,0.9542392619519656,3.5925823643887465,3.64530049276275,3.744555364622504,3.910378358556679,3.56102190485768,Method4
69,100,50,0.7,3,wide,5,4,4,4,4,4,20,0.799,0.806,4.01752246409951,3.9219254366429137,3.9981201806772093,3.4336894464534744,3.5980821899463726,30,0.8152184271034897,3.5925823643887465,3.64530049276275,3.744555364622504,3.910378358556679,3.56102190485768,Method4
69,100,50,0.7,3,wide,5,4,4,4,4,4,20,0.799,0.806,4.0213100093278245,3.923693021925824,4.004708015403764,3.422584218032463,3.5971673188844933,31,0.8146301736322823,3.5925823643887465,3.64530049276275,3.744555364622504,3.910378358556679,3.56102190485768,Method4
69,100,50,0.7,3,wide,5,4,4,4,4,4,20,0.799,0.806,4.043861943370237,3.9209891789408773,4.00909488323004,3.4036980707476916,3.588158363845372,32,0.8078555357339994,3.5925823643887465,3.64530049276275,3.744555364622504,3.910378358556679,3.56102190485768,Method4
69,100,50,0.7,3,wide,5,4,4,4,4,4,20,0.799,0.806,3.8590187524635367,3.988017761896239,4.0330669429234085,3.3506759496171914,3.587201209542727,33,0.7354664030786655,3.5925823643887465,3.64530049276275,3.744555364622504,3.910378358556679,3.56102190485768,Method4
69,100,50,0.7,3,wide,5,4,4,4,4,4,20,0.799,0.806,3.8291429585246832,3.9399611122845775,4.065718421503,3.397510820881284,3.584056961221523,34,0.7170708908942636,3.5925823643887465,3.64530049276275,3.744555364622504,3.910378358556679,3.56102190485768,Method4
69,100,50,0.7,3,wide,5,4,4,4,4,4,20,0.799,0.806,3.756790513557697,3.920286993426058,4.066145725462329,3.4360371655269137,3.59231418647469,35,0.6559557983146604,3.5925823643887465,3.64530049276275,3.744555364622504,3.910378358556679,3.56102190485768,Method4
69,100,50,0.7,3,wide,5,4,4,4,4,4,20,0.799,0.806,3.7004601590647965,3.83968576100613,4.155979334569432,3.4990521529804703,3.6036158669744593,36,0.6213031230868935,3.5925823643887465,3.64530049276275,3.744555364622504,3.910378358556679,3.56102190485768,Method4
69,100,50,0.7,3,wide,5,4,4,4,4,4,20,0.799,0.806,3.6656990464704147,3.828967398613138,4.179344879280585,3.5086825865197833,3.563128721839524,37,0.6078685647658743,3.5925823643887465,3.64530049276275,3.744555364622504,3.910378358556679,3.56102190485768,Method4
69,100,50,0.7,3,wide,5,4,4,4,4,4,20,0.799,0.806,3.6640090467895376,3.8016025627433603,4.125790129796544,3.476781603749018,3.544873428118003,38,0.602363965565539,3.5925823643887465,3.64530049276275,3.744555364622504,3.910378358556679,3.56102190485768,Method4
69,100,50,0.7,3,wide,5,4,4,4,4,4,20,0.799,0.806,3.6454484516119656,3.749213789148597,4.149652473076174,3.5399678644670254,3.623665001035696,39,0.5774252536091856,3.5925823643887465,3.64530049276275,3.744555364622504,3.910378358556679,3.56102190485768,Method4
69,100,50,0.7,3,wide,5,4,4,4,4,4,20,0.799,0.806,3.6554114725532667,3.7563242991575225,4.131744488192221,3.5575030706698896,3.621519207422622,40,0.5742813860918372,3.5925823643887465,3.64530049276275,3.744555364622504,3.910378358556679,3.56102190485768,Method4
69,100,50,0.7,3,wide,5,4,4,4,4,4,20,0.799,0.806,3.676411462472078,3.7498889470035865,4.134536649773208,3.556309422488952,3.6111325235937244,41,0.573606130960544,3.5925823643887465,3.64530049276275,3.744555364622504,3.910378358556679,3.56102190485768,Method4
69,100,50,0.7,3,wide,5,4,4,4,4,4,20,0.799,0.806,4.175939805557546,4.3557613770840415,3.5371875889662423,3.7537551766258503,4.6782821729876005,5,19.85160930963333,3.5527149569267453,3.8085995638386874,3.744789235235623,3.5443928443395865,3.92799712139016,Method4
69,100,50,0.7,3,wide,5,4,4,4,4,4,20,0.799,0.806,4.175939805557546,4.3557613770840415,3.5371875889662423,3.7537551766258503,4.6782821729876005,6,19.85160930963333,3.5527149569267453,3.8085995638386874,3.744789235235623,3.5443928443395865,3.92799712139016,Method4
69,100,50,0.7,3,wide,5,4,4,4,4,4,20,0.799,0.806,4.192730972551754,4.18835613540343,3.553814680307202,3.7716474914503526,4.68142154999186,7,19.83209046279594,3.5527149569267453,3.8085995638386874,3.744789235235623,3.5443928443395865,3.92799712139016,Method4
69,100,50,0.7,3,wide,5,4,4,4,4,4,20,0.799,0.806,4.232419592982313,4.216113695040394,3.0115362770769694,3.7665605376518787,4.6512898490998165,8,19.493690954877735,3.5527149569267453,3.8085995638386874,3.744789235235623,3.5443928443395865,3.92799712139016,Method4
69,100,50,0.7,3,wide,5,4,4,4,4,4,20,0.799,0.806,4.275164309455666,4.255835333916833,3.1135239326288904,3.3559105615425393,4.699697328399872,9,19.15142640636172,3.5527149569267453,3.8085995638386874,3.744789235235623,3.5443928443395865,3.92799712139016,Method4
69,100,50,0.7,3,wide,5,4,4,4,4,4,20,0.799,0.806,4.3479026868769255,4.138882942799401,3.7023871085691566,3.9127224967693697,4.570191328468369,10,7.2378568682433535,3.5527149569267453,3.8085995638386874,3.744789235235623,3.5443928443395865,3.92799712139016,Method4
69,100,50,0.7,3,wide,5,4,4,4,4,4,20,0.799,0.806,4.343141656417564,4.136069627183231,3.7093208345440964,3.85301751621725,4.573009799470032,11,7.2326157749252005,3.5527149569267453,3.8085995638386874,3.744789235235623,3.5443928443395865,3.92799712139016,Method4
69,100,50,0.7,3,wide,5,4,4,4,4,4,20,0.799,0.806,4.279797111674776,4.223887989292299,3.8121537772838914,3.5819609112872013,4.444173669319453,12,4.195998546383071,3.5527149569267453,3.8085995638386874,3.744789235235623,3.5443928443395865,3.92799712139016,Method4
69,100,50,0.7,3,wide,5,4,4,4,4,4,20,0.799,0.806,4.2187732184973905,4.229271997557417,3.799077028183733,3.5704082533372143,4.451344279570367,13,4.1929553049169375,3.5527149569267453,3.8085995638386874,3.744789235235623,3.5443928443395865,3.92799712139016,Method4
69,100,50,0.7,3,wide,5,4,4,4,4,4,20,0.799,0.806,4.2568343338757195,4.215333219616978,3.742957125018091,3.48430457790774,3.985325616812403,14,3.981879270995053,3.5527149569267453,3.8085995638386874,3.744789235235623,3.5443928443395865,3.92799712139016,Method4
69,100,50,0.7,3,wide,5,4,4,4,4,4,20,0.799,0.806,4.250638932243704,4.182897367427385,3.742288173452722,3.4811037385270502,3.9878697883575964,15,3.978818934078214,3.5527149569267453,3.8085995638386874,3.744789235235623,3.5443928443395865,3.92799712139016,Method4
69,100,50,0.7,3,wide,5,4,4,4,4,4,20,0.799,0.806,4.377913414611748,4.295941040632006,3.7461777840559276,3.5738899353877303,4.097624917847112,16,3.4172773807994075,3.5527149569267453,3.8085995638386874,3.744789235235623,3.5443928443395865,3.92799712139016,Method4
69,100,50,0.7,3,wide,5,4,4,4,4,4,20,0.799,0.806,4.520516209720622,4.156435700488492,3.662102929776901,3.809661729229384,4.145731531993008,17,2.5074484429229704,3.5527149569267453,3.8085995638386874,3.744789235235623,3.5443928443395865,3.92799712139016,Method4
69,100,50,0.7,3,wide,5,4,4,4,4,4,20,0.799,0.806,4.403295694070827,4.234024062255728,3.6950047175577536,3.7030647700911876,4.033129401394197,18,2.2431859119135735,3.5527149569267453,3.8085995638386874,3.744789235235623,3.5443928443395865,3.92799712139016,Method4
69,100,50,0.7,3,wide,5,4,4,4,4,4,20,0.799,0.806,4.387799409535381,4.240879798021899,3.6471505646450346,3.699183106417107,4.042505340230997,19,2.238849043208278,3.5527149569267453,3.8085995638386874,3.744789235235623,3.5443928443395865,3.92799712139016,Method4
69,100,50,0.7,3,wide,5,4,4,4,4,4,20,0.799,0.806,4.340476708815041,4.222188911798518,3.72294555238761,3.7114819547426956,4.013770019237664,20,2.1576752893134548,3.5527149569267453,3.8085995638386874,3.744789235235623,3.5443928443395865,3.92799712139016,Method4
69,100,50,0.7,3,wide,5,4,4,4,4,4,20,0.799,0.806,4.349183615911663,4.140602680866827,3.674790621134641,3.672276014757385,3.965804574618112,21,2.0515111041823118,3.5527149569267453,3.8085995638386874,3.744789235235623,3.5443928443395865,3.92799712139016,Method4
69,100,50,0.7,3,wide,5,4,4,4,4,4,20,0.799,0.806,4.329718666144906,4.304186351267634,3.68712477468033,3.71038166730662,3.986441170752284,22,1.8269159255798393,3.5527149569267453,3.8085995638386874,3.744789235235623,3.5443928443395865,3.92799712139016,Method4
69,100,50,0.7,3,wide,5,4,4,4,4,4,20,0.799,0.806,4.063583604195928,4.353980516173501,3.734140719780968,3.7018096232793423,3.9586263224236937,23,1.6719215208123703,3.5527149569267453,3.8085995638386874,3.744789235235623,3.5443928443395865,3.92799712139016,Method4
69,100,50,0.7,3,wide,5,4,4,4,4,4,20,0.799,0.806,3.99168112351513,4.378868007733563,3.7554920263236373,3.7162339739541017,3.894153763914942,24,1.6051550128852123,3.5527149569267453,3.8085995638386874,3.744789235235623,3.5443928443395865,3.92799712139016,Method4
69,100,50,0.7,3,wide,5,4,4,4,4,4,20,0.799,0.806,3.9903523922700788,4.405641180759766,3.7420957778074655,3.6907087492034147,3.9127059919057596,25,1.5962580695355852,3.5527149569267453,3.8085995638386874,3.744789235235623,3.5443928443395865,3.92799712139016,Method4
69,100,50,0.7,3,wide,5,4,4,4,4,4,20,0.799,0.806,4.00079972757395,4.415866949873211,3.7387286118997354,3.6941493570593154,3.92159368233382,26,1.5943021655990322,3.5527149569267453,3.8085995638386874,3.744789235235623,3.5443928443395865,3.92799712139016,Method4
69,100,50,0.7,3,wide,5,4,4,4,4,4,20,0.799,0.806,4.004307219175938,4.418197236446497,3.753816859191071,3.691361680067521,3.92280253515951,27,1.593649580501231,3.5527149569267453,3.8085995638386874,3.744789235235623,3.5443928443395865,3.92799712139016,Method4
69,100,50,0.7,3,wide,5,4,4,4,4,4,20,0.799,0.806,4.002608032293755,4.487346435679392,3.8618181251551036,3.6846788063939324,3.726825600484388,28,1.5590824910735046,3.5527149569267453,3.8085995638386874,3.744789235235623,3.5443928443395865,3.92799712139016,Method4
69,100,50,0.7,3,wide,5,4,4,4,4,4,20,0.799,0.806,4.120148047098774,4.4221344688641615,3.8421524418806032,3.6517216162534245,3.7360299360510023,29,1.4013282816614525,3.5527149569267453,3.8085995638386874,3.744789235235623,3.5443928443395865,3.92799712139016,Method4
69,100,50,0.7,3,wide,5,4,4,4,4,4,20,0.799,0.806,4.120433564140987,4.423223329723565,3.8422246105055167,3.652616753565932,3.732698481290426,30,1.4012694845019453,3.5527149569267453,3.8085995638386874,3.744789235235623,3.5443928443395865,3.92799712139016,Method4
69,100,50,0.7,3,wide,5,4,4,4,4,4,20,0.799,0.806,4.120990217852894,4.419038211550569,3.838469373959591,3.6848408351234783,3.7656302409874938,31,1.3937121319200174,3.5527149569267453,3.8085995638386874,3.744789235235623,3.5443928443395865,3.92799712139016,Method4
69,100,50,0.7,3,wide,5,4,4,4,4,4,20,0.799,0.806,4.119217038865365,4.433136925203806,3.836557311455572,3.6866007230207214,3.770632200103612,32,1.3935345626511684,3.5527149569267453,3.8085995638386874,3.744789235235623,3.5443928443395865,3.92799712139016,Method4
69,100,50,0.7,3,wide,5,4,4,4,4,4,20,0.799,0.806,4.052965273992057,4.450639979170884,3.671195213146876,3.5436678332215874,3.917783807289125,33,1.0820968158536608,3.5527149569267453,3.8085995638386874,3.744789235235623,3.5443928443395865,3.92799712139016,Method4
69,100,50,0.7,3,wide,5,4,4,4,4,4,20,0.799,0.806,4.016071585740155,4.478520597205507,3.6564339264357377,3.547744952484922,3.911986719321927,34,1.0669492841878905,3.5527149569267453,3.8085995638386874,3.744789235235623,3.5443928443395865,3.92799712139016,Method4
69,100,50,0.7,3,wide,5,4,4,4,4,4,20,0.799,0.806,4.011446531200168,4.384240314840339,3.642029210016875,3.6162784871295943,3.9285721582555033,35,1.0219970723884966,3.5527149569267453,3.8085995638386874,3.744789235235623,3.5443928443395865,3.92799712139016,Method4
69,100,50,0.7,3,wide,5,4,4,4,4,4,20,0.799,0.806,3.857463051474953,4.302804177128268,3.6139992981843885,3.5850626165297323,3.8476889883126826,36,0.9951234257013288,3.5527149569267453,3.8085995638386874,3.744789235235623,3.5443928443395865,3.92799712139016,Method4
69,100,50,0.7,3,wide,5,4,4,4,4,4,20,0.799,0.806,3.8627782572611724,4.318745864565339,3.640409918473439,3.5839065167717243,3.879796975850701,37,0.9847578610378441,3.5527149569267453,3.8085995638386874,3.744789235235623,3.5443928443395865,3.92799712139016,Method4
69,100,50,0.7,3,wide,5,4,4,4,4,4,20,0.799,0.806,3.8708510020361397,4.33014428232544,3.6567544260922937,3.5969822839991643,3.873353715337615,38,0.9816163421846915,3.5527149569267453,3.8085995638386874,3.744789235235623,3.5443928443395865,3.92799712139016,Method4
69,100,50,0.7,3,wide,5,4,4,4,4,4,20,0.799,0.806,3.861152795362645,4.320104599169218,3.6662452151243063,3.5970075041577227,3.8640148847465317,39,0.9808884025624708,3.5527149569267453,3.8085995638386874,3.744789235235623,3.5443928443395865,3.92799712139016,Method4
69,100,50,0.7,3,wide,5,4,4,4,4,4,20,0.799,0.806,3.8433216782884605,4.289281293366175,3.688690170676253,3.579873045498785,3.8792683527133036,40,0.9621923052518735,3.5527149569267453,3.8085995638386874,3.744789235235623,3.5443928443395865,3.92799712139016,Method4
69,100,50,0.7,3,wide,5,4,4,4,4,4,20,0.799,0.806,3.7959771935668662,4.243878682486991,3.7152501175105073,3.5497133892579766,3.845044752395886,41,0.9367712106880426,3.5527149569267453,3.8085995638386874,3.744789235235623,3.5443928443395865,3.92799712139016,Method4
69,100,50,0.7,3,wide,5,4,4,4,4,4,20,0.799,0.806,3.45891166828649,4.144135684885997,5.20656736908129,3.724232459674984,4.793477948621606,5,20.160757124109594,3.5443877047967445,3.860589399236003,3.651638843701105,3.623351137453298,3.7590173080386364,Method4
69,100,50,0.7,3,wide,5,4,4,4,4,4,20,0.799,0.806,3.45891166828649,4.144135684885997,5.20656736908129,3.724232459674984,4.793477948621606,6,20.160757124109594,3.5443877047967445,3.860589399236003,3.651638843701105,3.623351137453298,3.7590173080386364,Method4
69,100,50,0.7,3,wide,5,4,4,4,4,4,20,0.799,0.806,3.479030639519993,4.140677029522516,5.200370015836581,3.718733255857249,4.669416898214823,7,20.150041323754163,3.5443877047967445,3.860589399236003,3.651638843701105,3.623351137453298,3.7590173080386364,Method4
69,100,50,0.7,3,wide,5,4,4,4,4,4,20,0.799,0.806,3.509226314141625,4.107587802112635,5.143104108566974,2.7413582772098786,4.775487650596016,8,19.62185866596175,3.5443877047967445,3.860589399236003,3.651638843701105,3.623351137453298,3.7590173080386364,Method4
69,100,50,0.7,3,wide,5,4,4,4,4,4,20,0.799,0.806,3.5265045144154246,4.101017362783926,5.133257593313283,2.7245906652829874,4.605759247498061,9,19.550487719911683,3.5443877047967445,3.860589399236003,3.651638843701105,3.623351137453298,3.7590173080386364,Method4
69,100,50,0.7,3,wide,5,4,4,4,4,4,20,0.799,0.806,4.2741325115896815,4.729560897108201,4.6233235979266025,3.1236391914422197,4.4583299731904455,10,6.140523103852816,3.5443877047967445,3.860589399236003,3.651638843701105,3.623351137453298,3.7590173080386364,Method4
69,100,50,0.7,3,wide,5,4,4,4,4,4,20,0.799,0.806,4.472843963957816,4.7569806863768545,4.713407763856301,3.7247017980132715,4.089832138378119,11,3.5885741972622753,3.5443877047967445,3.860589399236003,3.651638843701105,3.623351137453298,3.7590173080386364,Method4
69,100,50,0.7,3,wide,5,4,4,4,4,4,20,0.799,0.806,4.3668385681763136,4.8132361048752434,3.932414440904936,3.7669554802636394,4.069262835686653,12,3.24155604439496,3.5443877047967445,3.860589399236003,3.651638843701105,3.623351137453298,3.7590173080386364,Method4
69,100,50,0.7,3,wide,5,4,4,4,4,4,20,0.799,0.806,4.328201098853344,4.852760432669971,3.9482291593249625,3.8207913837628635,4.073204411979064,13,2.6282620929092553,3.5443877047967445,3.860589399236003,3.651638843701105,3.623351137453298,3.7590173080386364,Method4
69,100,50,0.7,3,wide,5,4,4,4,4,4,20,0.799,0.806,4.331709007336735,4.842987900475767,3.866636609374273,3.829397808741664,4.055548906663389,14,2.432228800053849,3.5443877047967445,3.860589399236003,3.651638843701105,3.623351137453298,3.7590173080386364,Method4
69,100,50,0.7,3,wide,5,4,4,4,4,4,20,0.799,0.806,4.318219510495382,4.842944213409273,3.8016228474054037,3.8413895134940907,4.112572950120009,15,2.3902046132969614,3.5443877047967445,3.860589399236003,3.651638843701105,3.623351137453298,3.7590173080386364,Method4
69,100,50,0.7,3,wide,5,4,4,4,4,4,20,0.799,0.806,4.349664359715337,4.890530065712445,3.8205637694554495,3.8424736191717903,3.9894460320870366,16,2.2486215379457137,3.5443877047967445,3.860589399236003,3.651638843701105,3.623351137453298,3.7590173080386364,Method4
69,100,50,0.7,3,wide,5,4,4,4,4,4,20,0.799,0.806,4.4207070891488325,4.915945477317534,3.914256225974864,3.8657999046586125,4.042430438326751,17,2.1702965867019164,3.5443877047967445,3.860589399236003,3.651638843701105,3.623351137453298,3.7590173080386364,Method4
69,100,50,0.7,3,wide,5,4,4,4,4,4,20,0.799,0.806,4.375979367640839,4.832054713234808,3.8906616579881135,3.965273184589357,4.104242696758727,18,2.023145423633251,3.5443877047967445,3.860589399236003,3.651638843701105,3.623351137453298,3.7590173080386364,Method4
69,100,50,0.7,3,wide,5,4,4,4,4,4,20,0.799,0.806,4.346965874604012,4.830133659470305,3.873381436928641,4.024568856316151,4.108640692959368,19,2.004695241171625,3.5443877047967445,3.860589399236003,3.651638843701105,3.623351137453298,3.7590173080386364,Method4
69,100,50,0.7,3,wide,5,4,4,4,4,4,20,0.799,0.806,4.288931985474285,4.800805752335632,4.017932860874037,4.146793551590606,4.0726974106570815,20,1.8086795710576233,3.5443877047967445,3.860589399236003,3.651638843701105,3.623351137453298,3.7590173080386364,Method4
69,100,50,0.7,3,wide,5,4,4,4,4,4,20,0.799,0.806,4.288662087057283,4.80445809641344,4.025542968435105,4.141228301053824,4.061485246771468,21,1.8071258903629657,3.5443877047967445,3.860589399236003,3.651638843701105,3.623351137453298,3.7590173080386364,Method4
69,100,50,0.7,3,wide,5,4,4,4,4,4,20,0.799,0.806,4.3194531427178715,4.809377953336462,3.8345058859415353,4.179723425085656,4.058534061843812,22,1.7319323709368224,3.5443877047967445,3.860589399236003,3.651638843701105,3.623351137453298,3.7590173080386364,Method4
69,100,50,0.7,3,wide,5,4,4,4,4,4,20,0.799,0.806,4.324360585314387,4.814027899966266,3.8025756618561357,4.189247606981881,4.046922720331114,23,1.7276899538893664,3.5443877047967445,3.860589399236003,3.651638843701105,3.623351137453298,3.7590173080386364,Method4
69,100,50,0.7,3,wide,5,4,4,4,4,4,20,0.799,0.806,4.330313582858639,4.825785697576344,3.8040004619744456,4.145452884402236,4.023634438492565,24,1.7066196935798577,3.5443877047967445,3.860589399236003,3.651638843701105,3.623351137453298,3.7590173080386364,Method4
69,100,50,0.7,3,wide,5,4,4,4,4,4,20,0.799,0.806,4.330959963344345,4.824333851093662,3.8020325301727995,4.144735261885056,4.017315779446078,25,1.7064805233417215,3.5443877047967445,3.860589399236003,3.651638843701105,3.623351137453298,3.7590173080386364,Method4
69,100,50,0.7,3,wide,5,4,4,4,4,4,20,0.799,0.806,4.15258101764303,4.816159069176825,3.8398985926705422,4.104654270068406,3.9881031105109885,26,1.6689556701931334,3.5443877047967445,3.860589399236003,3.651638843701105,3.623351137453298,3.7590173080386364,Method4
69,100,50,0.7,3,wide,5,4,4,4,4,4,20,0.799,0.806,4.048876144403698,4.699996319128226,3.9082310457254845,3.96076164990409,3.8117357309261806,27,1.5181125654313563,3.5443877047967445,3.860589399236003,3.651638843701105,3.623351137453298,3.7590173080386364,Method4
69,100,50,0.7,3,wide,5,4,4,4,4,4,20,0.799,0.806,4.048755302747603,4.699569944266259,3.908259644525116,3.9616151963033386,3.8108981559403365,28,1.518102906820981,3.5443877047967445,3.860589399236003,3.651638843701105,3.623351137453298,3.7590173080386364,Method4
69,100,50,0.7,3,wide,5,4,4,4,4,4,20,0.799,0.806,3.96529739272574,4.30063914207989,3.9236711383261644,4.012784123249132,3.8259915987950897,29,1.4016232939317286,3.5443877047967445,3.860589399236003,3.651638843701105,3.623351137453298,3.7590173080386364,Method4
69,100,50,0.7,3,wide,5,4,4,4,4,4,20,0.799,0.806,3.7646099270776614,4.327184118290876,3.853477134229355,4.059850024219701,3.7024730769919625,30,1.2907981369896329,3.5443877047967445,3.860589399236003,3.651638843701105,3.623351137453298,3.7590173080386364,Method4
69,100,50,0.7,3,wide,5,4,4,4,4,4,20,0.799,0.806,3.714012144539066,4.188537002639983,3.8284423277785025,4.016155882051886,3.7798623273869114,31,1.2277270343008293,3.5443877047967445,3.860589399236003,3.651638843701105,3.623351137453298,3.7590173080386364,Method4
69,100,50,0.7,3,wide,5,4,4,4,4,4,20,0.799,0.806,3.844386817324924,3.9852510849158014,3.892330836301157,3.7437528295851816,3.805757440079356,32,0.8930125264137071,3.5443877047967445,3.860589399236003,3.651638843701105,3.623351137453298,3.7590173080386364,Method4
69,100,50,0.7,3,wide,5,4,4,4,4,4,20,0.799,0.806,3.81757731917691,3.970395286418813,3.918165783519756,3.6087242577434298,3.85725375368464,33,0.8715640989590904,3.5443877047967445,3.860589399236003,3.651638843701105,3.623351137453298,3.7590173080386364,Method4
69,100,50,0.7,3,wide,5,4,4,4,4,4,20,0.799,0.806,3.7929344944674672,3.981050541869325,3.8139048339782975,3.612341161385812,3.894320142841835,34,0.853253437143159,3.5443877047967445,3.860589399236003,3.651638843701105,3.623351137453298,3.7590173080386364,Method4
69,100,50,0.7,3,wide,5,4,4,4,4,4,20,0.799,0.806,3.792415744861031,3.9802908482238712,3.8138238569836385,3.612671913868374,3.8940017207800923,35,0.8532493904347757,3.5443877047967445,3.860589399236003,3.651638843701105,3.623351137453298,3.7590173080386364,Method4
69,100,50,0.7,3,wide,5,4,4,4,4,4,20,0.799,0.806,3.7982327185759073,4.005956618378167,3.753451737307639,3.6558630707982847,4.0259314550982355,36,0.7145236306835149,3.5443877047967445,3.860589399236003,3.651638843701105,3.623351137453298,3.7590173080386364,Method4
69,100,50,0.7,3,wide,5,4,4,4,4,4,20,0.799,0.806,3.7373337807991667,3.836252349670007,3.7857670152457503,3.7450571113583764,4.178666101115174,37,0.6558367479597071,3.5443877047967445,3.860589399236003,3.651638843701105,3.623351137453298,3.7590173080386364,Method4
69,100,50,0.7,3,wide,5,4,4,4,4,4,20,0.799,0.806,3.7911191671066695,3.8540672277300625,3.8366860822405604,3.724912127251203,4.246680976447444,38,0.6283195469595357,3.5443877047967445,3.860589399236003,3.651638843701105,3.623351137453298,3.7590173080386364,Method4
69,100,50,0.7,3,wide,5,4,4,4,4,4,20,0.799,0.806,3.8055820718535416,3.8524396077074528,3.838402784302768,3.7356474345480692,4.207902100024329,39,0.6267924829272511,3.5443877047967445,3.860589399236003,3.651638843701105,3.623351137453298,3.7590173080386364,Method4
69,100,50,0.7,3,wide,5,4,4,4,4,4,20,0.799,0.806,3.7890793073303253,3.842180563354232,3.8291466968009282,3.729378828835068,4.214296912744065,40,0.6259875560374328,3.5443877047967445,3.860589399236003,3.651638843701105,3.623351137453298,3.7590173080386364,Method4
69,100,50,0.7,3,wide,5,4,4,4,4,4,20,0.799,0.806,3.779281102501053,3.8190795709955614,3.812736145291364,3.6856666562967932,4.243141022375657,41,0.6225930055887485,3.5443877047967445,3.860589399236003,3.651638843701105,3.623351137453298,3.7590173080386364,Method4
69,100,50,0.7,3,wide,5,4,4,4,4,4,20,0.799,0.806,5.174667409507896,4.2195091384467975,4.653823154491957,5.393098384572283,4.747800830353126,5,21.649177938591237,3.7509572500824495,3.465719501010881,3.6065417461240785,3.5984499014504694,3.8635848126930816,Method4
69,100,50,0.7,3,wide,5,4,4,4,4,4,20,0.799,0.806,5.174667409507896,4.2195091384467975,4.653823154491957,5.393098384572283,4.747800830353126,6,21.649177938591237,3.7509572500824495,3.465719501010881,3.6065417461240785,3.5984499014504694,3.8635848126930816,Method4
69,100,50,0.7,3,wide,5,4,4,4,4,4,20,0.799,0.806,5.096126962556922,4.273782317839981,4.060941480088259,5.489886201977965,4.764500589644031,7,21.271774867356285,3.7509572500824495,3.465719501010881,3.6065417461240785,3.5984499014504694,3.8635848126930816,Method4
69,100,50,0.7,3,wide,5,4,4,4,4,4,20,0.799,0.806,4.833366341610436,4.358226261905781,4.164880110741652,4.879733829035859,4.741548435552429,8,9.777881756444016,3.7509572500824495,3.465719501010881,3.6065417461240785,3.5984499014504694,3.8635848126930816,Method4
69,100,50,0.7,3,wide,5,4,4,4,4,4,20,0.799,0.806,4.402817119366901,4.007747903503302,3.7062796997485306,4.495970267957528,4.807099152609327,9,5.801237598552609,3.7509572500824495,3.465719501010881,3.6065417461240785,3.5984499014504694,3.8635848126930816,Method4
69,100,50,0.7,3,wide,5,4,4,4,4,4,20,0.799,0.806,4.405256162161887,4.013724965473062,3.7147500588294036,4.333523624379185,4.807208066368493,10,5.781262481956327,3.7509572500824495,3.465719501010881,3.6065417461240785,3.5984499014504694,3.8635848126930816,Method4
69,100,50,0.7,3,wide,5,4,4,4,4,4,20,0.799,0.806,4.440410183615075,3.764002787362179,3.8290021343368834,3.9701978318155637,4.900243585199127,11,4.9896906185693135,3.7509572500824495,3.465719501010881,3.6065417461240785,3.5984499014504694,3.8635848126930816,Method4
69,100,50,0.7,3,wide,5,4,4,4,4,4,20,0.799,0.806,3.611491725427939,3.7275159046574564,3.6483183144324753,4.02758626641601,4.907358875442375,12,4.327643992255431,3.7509572500824495,3.465719501010881,3.6065417461240785,3.5984499014504694,3.8635848126930816,Method4
69,100,50,0.7,3,wide,5,4,4,4,4,4,20,0.799,0.806,3.7729498870706197,3.736549760199042,3.6037287861086083,4.022229578892299,4.861468901817723,13,4.075733451071091,3.7509572500824495,3.465719501010881,3.6065417461240785,3.5984499014504694,3.8635848126930816,Method4
69,100,50,0.7,3,wide,5,4,4,4,4,4,20,0.799,0.806,3.842783524037842,3.3441818901318734,3.658806873673691,4.025741441839271,4.881187867739076,14,3.951004088715914,3.7509572500824495,3.465719501010881,3.6065417461240785,3.5984499014504694,3.8635848126930816,Method4
69,100,50,0.7,3,wide,5,4,4,4,4,4,20,0.799,0.806,3.8110317173959642,3.391407814213162,3.784899043614882,3.9229462078779784,4.555532247765318,15,3.852197854149041,3.7509572500824495,3.465719501010881,3.6065417461240785,3.5984499014504694,3.8635848126930816,Method4
69,100,50,0.7,3,wide,5,4,4,4,4,4,20,0.799,0.806,3.699373432660325,3.354184539977721,3.9810942801945446,3.9708556081648005,4.458291776953248,16,2.8733993458685556,3.7509572500824495,3.465719501010881,3.6065417461240785,3.5984499014504694,3.8635848126930816,Method4
69,100,50,0.7,3,wide,5,4,4,4,4,4,20,0.799,0.806,3.830392251899279,3.3916474920323,4.1682803535448345,4.03022650557968,4.021759092967388,17,2.620785168369428,3.7509572500824495,3.465719501010881,3.6065417461240785,3.5984499014504694,3.8635848126930816,Method4
69,100,50,0.7,3,wide,5,4,4,4,4,4,20,0.799,0.806,3.8936620327662017,3.4265658470649925,4.163957815957302,4.031997043654212,4.011209603458264,18,2.4701213845127024,3.7509572500824495,3.465719501010881,3.6065417461240785,3.5984499014504694,3.8635848126930816,Method4
69,100,50,0.7,3,wide,5,4,4,4,4,4,20,0.799,0.806,3.891967699997857,3.421319563629902,4.001456049852976,3.735975536620382,4.146886077339943,19,2.3133085263924555,3.7509572500824495,3.465719501010881,3.6065417461240785,3.5984499014504694,3.8635848126930816,Method4
69,100,50,0.7,3,wide,5,4,4,4,4,4,20,0.799,0.806,4.0474696050289385,3.611594548478944,4.132804879762427,3.6823082342399225,3.8356957765622415,20,1.8694842151821802,3.7509572500824495,3.465719501010881,3.6065417461240785,3.5984499014504694,3.8635848126930816,Method4
69,100,50,0.7,3,wide,5,4,4,4,4,4,20,0.799,0.806,4.036336523004676,3.6125894111309282,4.13756362140801,3.7025800652670378,3.8659687835943672,21,1.8630901116360004,3.7509572500824495,3.465719501010881,3.6065417461240785,3.5984499014504694,3.8635848126930816,Method4
69,100,50,0.7,3,wide,5,4,4,4,4,4,20,0.799,0.806,3.9799596077110277,3.6549878696961295,4.067902227428494,3.6363638671533542,3.8955529035184964,22,1.803403428510586,3.7509572500824495,3.465719501010881,3.6065417461240785,3.5984499014504694,3.8635848126930816,Method4
69,100,50,0.7,3,wide,5,4,4,4,4,4,20,0.799,0.806,3.982591630661587,3.7074983705219675,3.822445035456264,3.641834430233877,3.9183177208969506,23,1.7054076313913005,3.7509572500824495,3.465719501010881,3.6065417461240785,3.5984499014504694,3.8635848126930816,Method4
69,100,50,0.7,3,wide,5,4,4,4,4,4,20,0.799,0.806,3.9967694110771603,3.710339536493052,3.8035396505902446,3.660291941159948,3.916347618741472,24,1.6994772315671445,3.7509572500824495,3.465719501010881,3.6065417461240785,3.5984499014504694,3.8635848126930816,Method4
69,100,50,0.7,3,wide,5,4,4,4,4,4,20,0.799,0.806,3.9826720241369173,3.741310114588557,3.771749816749973,3.5998779733938404,3.9398411112538705,25,1.6589833732007446,3.7509572500824495,3.465719501010881,3.6065417461240785,3.5984499014504694,3.8635848126930816,Method4
69,100,50,0.7,3,wide,5,4,4,4,4,4,20,0.799,0.806,3.995767680525238,3.752185378148266,3.768224796558773,3.62943431309876,3.86972626310773,26,1.6260738144078783,3.7509572500824495,3.465719501010881,3.6065417461240785,3.5984499014504694,3.8635848126930816,Method4
69,100,50,0.7,3,wide,5,4,4,4,4,4,20,0.799,0.806,3.9978030997355387,3.7589471128225664,3.763085086490419,3.637915559675345,3.929827236655931,27,1.5626019399203792,3.7509572500824495,3.465719501010881,3.6065417461240785,3.5984499014504694,3.8635848126930816,Method4
69,100,50,0.7,3,wide,5,4,4,4,4,4,20,0.799,0.806,3.719608050584638,3.779704116619657,3.853801437207973,3.6224300621048555,3.8519068634101825,28,1.4148165126329602,3.7509572500824495,3.465719501010881,3.6065417461240785,3.5984499014504694,3.8635848126930816,Method4
69,100,50,0.7,3,wide,5,4,4,4,4,4,20,0.799,0.806,3.825770277755005,3.7123505034380426,3.9022221210058254,3.576742869613152,3.832106334748014,29,1.3064829399613018,3.7509572500824495,3.465719501010881,3.6065417461240785,3.5984499014504694,3.8635848126930816,Method4
69,100,50,0.7,3,wide,5,4,4,4,4,4,20,0.799,0.806,3.6582389614447948,3.6647389960574737,3.8213209418505567,3.531616921337594,3.908887460508043,30,0.9540787228755788,3.7509572500824495,3.465719501010881,3.6065417461240785,3.5984499014504694,3.8635848126930816,Method4
69,100,50,0.7,3,wide,5,4,4,4,4,4,20,0.799,0.806,3.6702663283950123,3.6643212683877957,3.8144370285527907,3.6277072783239985,3.9116656157874408,31,0.9229360830345441,3.7509572500824495,3.465719501010881,3.6065417461240785,3.5984499014504694,3.8635848126930816,Method4
69,100,50,0.7,3,wide,5,4,4,4,4,4,20,0.799,0.806,3.6940647122710444,3.5639000161736702,3.8688851594891,3.6474737059953655,3.87695780720103,32,0.9107383366243782,3.7509572500824495,3.465719501010881,3.6065417461240785,3.5984499014504694,3.8635848126930816,Method4
69,100,50,0.7,3,wide,5,4,4,4,4,4,20,0.799,0.806,3.7141462929100615,3.6312924839642067,3.821629258612969,3.7128875429696864,3.703187168445578,33,0.8572985550567772,3.7509572500824495,3.465719501010881,3.6065417461240785,3.5984499014504694,3.8635848126930816,Method4
69,100,50,0.7,3,wide,5,4,4,4,4,4,20,0.799,0.806,3.596390736058347,3.6797852370027067,3.7710630251864563,3.655350657174638,3.7173482313797193,34,0.8397440182649314,3.7509572500824495,3.465719501010881,3.6065417461240785,3.5984499014504694,3.8635848126930816,Method4
69,100,50,0.7,3,wide,5,4,4,4,4,4,20,0.799,0.806,3.54060144256742,3.676968716695602,3.710953558340956,3.7018892007791826,3.7443976303904,35,0.8114484534835181,3.7509572500824495,3.465719501010881,3.6065417461240785,3.5984499014504694,3.8635848126930816,Method4
69,100,50,0.7,3,wide,5,4,4,4,4,4,20,0.799,0.806,3.587508710001164,3.6610801436409415,3.713497497123306,3.7061983620748666,3.7114236731173817,36,0.8035274954936306,3.7509572500824495,3.465719501010881,3.6065417461240785,3.5984499014504694,3.8635848126930816,Method4
69,100,50,0.7,3,wide,5,4,4,4,4,4,20,0.799,0.806,3.531439325329952,3.7143198062400837,3.7108511860911646,3.646515034596766,3.759200717888651,37,0.7916962554281749,3.7509572500824495,3.465719501010881,3.6065417461240785,3.5984499014504694,3.8635848126930816,Method4
69,100,50,0.7,3,wide,5,4,4,4,4,4,20,0.799,0.806,3.5380416670691437,3.653689475524471,3.6937367614971857,3.635569980316921,3.8086120815659292,38,0.7802925710005214,3.7509572500824495,3.465719501010881,3.6065417461240785,3.5984499014504694,3.8635848126930816,Method4
69,100,50,0.7,3,wide,5,4,4,4,4,4,20,0.799,0.806,3.5503752056632494,3.6845187027522206,3.6218439491390044,3.539357358535818,3.860428679382557,39,0.7408890339741055,3.7509572500824495,3.465719501010881,3.6065417461240785,3.5984499014504694,3.8635848126930816,Method4
69,100,50,0.7,3,wide,5,4,4,4,4,4,20,0.799,0.806,3.570454193530931,3.678320828431316,3.6101595578634864,3.5270071936339966,3.8878004325226225,40,0.7371298155090437,3.7509572500824495,3.465719501010881,3.6065417461240785,3.5984499014504694,3.8635848126930816,Method4
69,100,50,0.7,3,wide,5,4,4,4,4,4,20,0.799,0.806,3.571608068764017,3.678000256692415,3.610100221976473,3.526213675569715,3.88721214741914,41,0.737120999963562,3.7509572500824495,3.465719501010881,3.6065417461240785,3.5984499014504694,3.8635848126930816,Method4
69,100,50,0.7,3,wide,5,4,4,4,4,4,20,0.799,0.806,5.066144834567113,3.9448244744456353,4.227718073423352,4.297590059665118,3.188533932596408,5,18.38723777547917,3.560296279511188,3.800116698412233,3.9146644243691826,3.6019233117333638,3.513042505097043,Method4
69,100,50,0.7,3,wide,5,4,4,4,4,4,20,0.799,0.806,5.066144834567113,3.9448244744456353,4.227718073423352,4.297590059665118,3.188533932596408,6,18.38723777547917,3.560296279511188,3.800116698412233,3.9146644243691826,3.6019233117333638,3.513042505097043,Method4
69,100,50,0.7,3,wide,5,4,4,4,4,4,20,0.799,0.806,5.058344506671704,3.8757560424846984,4.340906749329417,4.463229592642648,3.381412662533593,7,8.26712399787664,3.560296279511188,3.800116698412233,3.9146644243691826,3.6019233117333638,3.513042505097043,Method4
69,100,50,0.7,3,wide,5,4,4,4,4,4,20,0.799,0.806,4.382885912920285,3.9998731850746485,4.263032419247667,4.512911486763993,3.4510114182923344,8,7.732276252587041,3.560296279511188,3.800116698412233,3.9146644243691826,3.6019233117333638,3.513042505097043,Method4
69,100,50,0.7,3,wide,5,4,4,4,4,4,20,0.799,0.806,4.388407088426238,4.021729993029423,4.263230518658484,4.5141602183278575,3.4513003035605396,9,7.731880853058395,3.560296279511188,3.800116698412233,3.9146644243691826,3.6019233117333638,3.513042505097043,Method4
69,100,50,0.7,3,wide,5,4,4,4,4,4,20,0.799,0.806,4.095098076335841,3.8277223087607775,4.351944435410183,4.672044346810292,3.9144997702688347,10,4.775260291460634,3.560296279511188,3.800116698412233,3.9146644243691826,3.6019233117333638,3.513042505097043,Method4
69,100,50,0.7,3,wide,5,4,4,4,4,4,20,0.799,0.806,4.320600444332776,3.9901260203015565,4.471940482464899,4.749603322963957,3.6249197295178397,11,3.3935480712733477,3.560296279511188,3.800116698412233,3.9146644243691826,3.6019233117333638,3.513042505097043,Method4
69,100,50,0.7,3,wide,5,4,4,4,4,4,20,0.799,0.806,4.077812394845834,3.9905247740995597,4.432134593544321,4.770975810179005,3.678930685693267,12,3.16891071226417,3.560296279511188,3.800116698412233,3.9146644243691826,3.6019233117333638,3.513042505097043,Method4
69,100,50,0.7,3,wide,5,4,4,4,4,4,20,0.799,0.806,4.022150280855292,3.8388924077715094,4.434189461123245,4.829369368820412,3.712892418604995,13,3.0360755516594047,3.560296279511188,3.800116698412233,3.9146644243691826,3.6019233117333638,3.513042505097043,Method4
69,100,50,0.7,3,wide,5,4,4,4,4,4,20,0.799,0.806,3.973642002633523,3.8817663324857747,4.5279971504347065,4.8100086102000015,3.9143303836090477,14,2.6344108457856943,3.560296279511188,3.800116698412233,3.9146644243691826,3.6019233117333638,3.513042505097043,Method4
69,100,50,0.7,3,wide,5,4,4,4,4,4,20,0.799,0.806,3.891124493812116,3.8057669348273713,4.474363314196248,4.833576983974091,3.864071592742527,15,2.5827057731289993,3.560296279511188,3.800116698412233,3.9146644243691826,3.6019233117333638,3.513042505097043,Method4
69,100,50,0.7,3,wide,5,4,4,4,4,4,20,0.799,0.806,3.7707172699750147,3.787383272134714,4.372643327179505,4.865226321040049,3.8548464552798234,16,2.364003288674439,3.560296279511188,3.800116698412233,3.9146644243691826,3.6019233117333638,3.513042505097043,Method4
69,100,50,0.7,3,wide,5,4,4,4,4,4,20,0.799,0.806,3.6569209340124327,3.6918387560395276,4.386872573809567,4.8840725325887675,3.4682161242245644,17,2.159790740129622,3.560296279511188,3.800116698412233,3.9146644243691826,3.6019233117333638,3.513042505097043,Method4
69,100,50,0.7,3,wide,5,4,4,4,4,4,20,0.799,0.806,3.6012153800478104,3.7462114628483993,4.396841945906354,4.919639089832833,3.5240738783946,18,2.0744556749898058,3.560296279511188,3.800116698412233,3.9146644243691826,3.6019233117333638,3.513042505097043,Method4
69,100,50,0.7,3,wide,5,4,4,4,4,4,20,0.799,0.806,3.569543401355379,3.7120182366277046,4.4078971015794215,4.973843804138358,3.519066559963407,19,1.8762280590849694,3.560296279511188,3.800116698412233,3.9146644243691826,3.6019233117333638,3.513042505097043,Method4
69,100,50,0.7,3,wide,5,4,4,4,4,4,20,0.799,0.806,3.5607695738599587,3.7509453905054113,4.094337059967887,4.953635712840085,3.5056049102823676,20,1.7815028660813608,3.560296279511188,3.800116698412233,3.9146644243691826,3.6019233117333638,3.513042505097043,Method4
69,100,50,0.7,3,wide,5,4,4,4,4,4,20,0.799,0.806,3.5827575731148817,3.7785030377361903,4.0777948897166585,4.976633671239733,3.449148728166484,21,1.735683834438996,3.560296279511188,3.800116698412233,3.9146644243691826,3.6019233117333638,3.513042505097043,Method4
69,100,50,0.7,3,wide,5,4,4,4,4,4,20,0.799,0.806,3.585771518462586,3.8011375619776007,4.062792038072454,4.985586756863264,3.534893121940578,22,1.7268401656374492,3.560296279511188,3.800116698412233,3.9146644243691826,3.6019233117333638,3.513042505097043,Method4
69,100,50,0.7,3,wide,5,4,4,4,4,4,20,0.799,0.806,3.625710888153254,3.73775667391584,3.9898117267918574,4.293286308228108,3.5469816367978853,23,1.4431855526286617,3.560296279511188,3.800116698412233,3.9146644243691826,3.6019233117333638,3.513042505097043,Method4
69,100,50,0.7,3,wide,5,4,4,4,4,4,20,0.799,0.806,3.6745184650133504,3.7758339552302598,3.9189889685071986,4.170700679238942,3.5078265276751215,24,1.3034505171623598,3.560296279511188,3.800116698412233,3.9146644243691826,3.6019233117333638,3.513042505097043,Method4
69,100,50,0.7,3,wide,5,4,4,4,4,4,20,0.799,0.806,3.6441753697148527,3.8423160437710098,3.967986011497378,3.9099014269080365,3.4844197675911786,25,1.2233110677055685,3.560296279511188,3.800116698412233,3.9146644243691826,3.6019233117333638,3.513042505097043,Method4
69,100,50,0.7,3,wide,5,4,4,4,4,4,20,0.799,0.806,3.635187335157921,3.8421292349669094,4.038822301968985,3.92358705455459,3.4795809394188786,26,1.1730497748030253,3.560296279511188,3.800116698412233,3.9146644243691826,3.6019233117333638,3.513042505097043,Method4
69,100,50,0.7,3,wide,5,4,4,4,4,4,20,0.799,0.806,3.6317955738944487,3.8217037352869734,4.038398182475278,3.920762003713874,3.477261327635278,27,1.170426974046836,3.560296279511188,3.800116698412233,3.9146644243691826,3.6019233117333638,3.513042505097043,Method4
69,100,50,0.7,3,wide,5,4,4,4,4,4,20,0.799,0.806,3.6390244872130837,3.8321760686166306,4.023812117544709,3.9212779322888087,3.4563743347351723,28,1.1686295389673151,3.560296279511188,3.800116698412233,3.9146644243691826,3.6019233117333638,3.513042505097043,Method4
69,100,50,0.7,3,wide,5,4,4,4,4,4,20,0.799,0.806,3.6658640180610975,3.869936729316188,4.07919048842592,3.9234215216013513,3.408956845354103,29,0.9736340105357996,3.560296279511188,3.800116698412233,3.9146644243691826,3.6019233117333638,3.513042505097043,Method4
69,100,50,0.7,3,wide,5,4,4,4,4,4,20,0.799,0.806,3.6477061268167406,3.9151978611189433,3.93427298458377,3.899280818908776,3.416417537739688,30,0.9511574338092018,3.560296279511188,3.800116698412233,3.9146644243691826,3.6019233117333638,3.513042505097043,Method4
69,100,50,0.7,3,wide,5,4,4,4,4,4,20,0.799,0.806,3.643989044097113,3.957567677325901,3.9517249259615865,3.8675086536413743,3.3959643861509274,31,0.9413571121309144,3.560296279511188,3.800116698412233,3.9146644243691826,3.6019233117333638,3.513042505097043,Method4
69,100,50,0.7,3,wide,5,4,4,4,4,4,20,0.799,0.806,3.628313311274456,3.9873573575574697,3.906508556750959,3.8562347504288677,3.3932146294837815,32,0.9314451460926064,3.560296279511188,3.800116698412233,3.9146644243691826,3.6019233117333638,3.513042505097043,Method4
69,100,50,0.7,3,wide,5,4,4,4,4,4,20,0.799,0.806,3.635219158797077,3.926476995246896,4.0207065530906085,3.8901557587393913,3.3996442471828425,33,0.8900245107266609,3.560296279511188,3.800116698412233,3.9146644243691826,3.6019233117333638,3.513042505097043,Method4
69,100,50,0.7,3,wide,5,4,4,4,4,4,20,0.799,0.806,3.6760135982993756,3.9297001337383057,4.031225489401787,3.8322709117358644,3.448890927467349,34,0.8658929832547223,3.560296279511188,3.800116698412233,3.9146644243691826,3.6019233117333638,3.513042505097043,Method4
69,100,50,0.7,3,wide,5,4,4,4,4,4,20,0.799,0.806,3.6841576352758616,3.957983765600602,4.016548916936557,3.8411365637146266,3.4477069650675882,35,0.8612505082868288,3.560296279511188,3.800116698412233,3.9146644243691826,3.6019233117333638,3.513042505097043,Method4
69,100,50,0.7,3,wide,5,4,4,4,4,4,20,0.799,0.806,3.601863443259027,3.9728110949851545,4.021695365591974,3.7581256192619406,3.452514038433246,36,0.8247506966461065,3.560296279511188,3.800116698412233,3.9146644243691826,3.6019233117333638,3.513042505097043,Method4
69,100,50,0.7,3,wide,5,4,4,4,4,4,20,0.799,0.806,3.6022260528482355,3.9639108500309974,4.04716019126493,3.76941706232963,3.365928744173689,37,0.7545937410365543,3.560296279511188,3.800116698412233,3.9146644243691826,3.6019233117333638,3.513042505097043,Method4
69,100,50,0.7,3,wide,5,4,4,4,4,4,20,0.799,0.806,3.5973730632355485,3.962840354770527,4.046139013646099,3.7628904673923183,3.3590128263123726,38,0.7544460484600761,3.560296279511188,3.800116698412233,3.9146644243691826,3.6019233117333638,3.513042505097043,Method4
69,100,50,0.7,3,wide,5,4,4,4,4,4,20,0.799,0.806,3.5576634976605597,4.018060370190516,4.089517424822774,3.6822912196574173,3.406796585570597,39,0.7201616101141366,3.560296279511188,3.800116698412233,3.9146644243691826,3.6019233117333638,3.513042505097043,Method4
69,100,50,0.7,3,wide,5,4,4,4,4,4,20,0.799,0.806,3.5654814834025643,4.024493784978657,4.084721521327033,3.652636031756361,3.4054087212313617,40,0.7175788734072606,3.560296279511188,3.800116698412233,3.9146644243691826,3.6019233117333638,3.513042505097043,Method4
69,100,50,0.7,3,wide,5,4,4,4,4,4,20,0.799,0.806,3.564291336228215,4.0078354586784215,4.087922761280695,3.651964984834637,3.4051321585702308,41,0.7172807640452135,3.560296279511188,3.800116698412233,3.9146644243691826,3.6019233117333638,3.513042505097043,Method4
69,100,50,0.7,3,wide,5,4,4,4,4,4,20,0.799,0.806,5.210919181883625,4.625091445606518,5.331905367863078,4.766985095253614,5.064326659331346,5,28.063024205091647,3.761078076138711,3.924932704487526,3.5920104615920545,3.6492414353146163,3.8605730767377833,Method4
69,100,50,0.7,3,wide,5,4,4,4,4,4,20,0.799,0.806,5.210919181883625,4.625091445606518,5.331905367863078,4.766985095253614,5.064326659331346,6,28.063024205091647,3.761078076138711,3.924932704487526,3.5920104615920545,3.6492414353146163,3.8605730767377833,Method4
69,100,50,0.7,3,wide,5,4,4,4,4,4,20,0.799,0.806,5.198849565218965,4.750678803968908,5.3380143868424295,4.7685398683492055,5.072963968630089,7,28.04737065958847,3.761078076138711,3.924932704487526,3.5920104615920545,3.6492414353146163,3.8605730767377833,Method4
69,100,50,0.7,3,wide,5,4,4,4,4,4,20,0.799,0.806,5.041053080159887,3.908808835625882,4.661242003895191,4.9414729115375815,4.650589483523149,8,8.744201995381044,3.761078076138711,3.924932704487526,3.5920104615920545,3.6492414353146163,3.8605730767377833,Method4
69,100,50,0.7,3,wide,5,4,4,4,4,4,20,0.799,0.806,5.134800885192875,3.7030795033768173,4.2519863090721906,4.724657208730534,4.411316230689883,9,5.012783633221244,3.761078076138711,3.924932704487526,3.5920104615920545,3.6492414353146163,3.8605730767377833,Method4
69,100,50,0.7,3,wide,5,4,4,4,4,4,20,0.799,0.806,5.066583899158519,3.7124463147989917,4.267752133893965,4.320286657975701,4.427090170372963,10,4.842813911364341,3.761078076138711,3.924932704487526,3.5920104615920545,3.6492414353146163,3.8605730767377833,Method4
69,100,50,0.7,3,wide,5,4,4,4,4,4,20,0.799,0.806,4.994588603764755,3.7373716440673124,3.8072360227922535,4.2828313194864895,4.468347444658456,11,4.7174791481625284,3.761078076138711,3.924932704487526,3.5920104615920545,3.6492414353146163,3.8605730767377833,Method4
69,100,50,0.7,3,wide,5,4,4,4,4,4,20,0.799,0.806,5.050551366451398,3.853104760284833,3.8172570999260635,4.12076153369587,4.516960398169687,12,3.9885410764116855,3.761078076138711,3.924932704487526,3.5920104615920545,3.6492414353146163,3.8605730767377833,Method4
69,100,50,0.7,3,wide,5,4,4,4,4,4,20,0.799,0.806,4.944203748539012,3.8899079480832497,3.8350994514633645,3.8269362103727076,4.5264746418828805,13,3.5039617514818207,3.761078076138711,3.924932704487526,3.5920104615920545,3.6492414353146163,3.8605730767377833,Method4
69,100,50,0.7,3,wide,5,4,4,4,4,4,20,0.799,0.806,4.942573038673638,3.8793751048841023,3.9077823545784245,3.8221072167940187,4.523755861242192,14,3.4723655073729756,3.761078076138711,3.924932704487526,3.5920104615920545,3.6492414353146163,3.8605730767377833,Method4
69,100,50,0.7,3,wide,5,4,4,4,4,4,20,0.799,0.806,4.969798210396849,3.826082241522382,3.8060366657083122,3.8031653737604065,4.528253105423488,15,2.985867798437951,3.761078076138711,3.924932704487526,3.5920104615920545,3.6492414353146163,3.8605730767377833,Method4
69,100,50,0.7,3,wide,5,4,4,4,4,4,20,0.799,0.806,4.943930564440671,3.7840708132346363,3.857663456123341,3.804746698685389,4.573384694744853,16,2.7826221061234344,3.761078076138711,3.924932704487526,3.5920104615920545,3.6492414353146163,3.8605730767377833,Method4
69,100,50,0.7,3,wide,5,4,4,4,4,4,20,0.799,0.806,5.029715066681208,3.90958468409236,3.869972494622841,3.8487035164913643,4.5037188022801145,17,2.4722299816112283,3.761078076138711,3.924932704487526,3.5920104615920545,3.6492414353146163,3.8605730767377833,Method4
69,100,50,0.7,3,wide,5,4,4,4,4,4,20,0.799,0.806,5.003728191800392,3.8726941479885992,3.867561772449322,3.8521137873171787,4.3842082184155124,18,2.4632040453136472,3.761078076138711,3.924932704487526,3.5920104615920545,3.6492414353146163,3.8605730767377833,Method4
69,100,50,0.7,3,wide,5,4,4,4,4,4,20,0.799,0.806,4.592130986099425,3.902181314860292,3.8835385781303335,3.8706500510943704,4.351861774045578,19,2.2814220341924867,3.761078076138711,3.924932704487526,3.5920104615920545,3.6492414353146163,3.8605730767377833,Method4
69,100,50,0.7,3,wide,5,4,4,4,4,4,20,0.799,0.806,4.561607504410125,3.706210109189157,3.7658105577618195,3.8944782066386483,4.438913190656554,20,2.159565111024974,3.761078076138711,3.924932704487526,3.5920104615920545,3.6492414353146163,3.8605730767377833,Method4
69,100,50,0.7,3,wide,5,4,4,4,4,4,20,0.799,0.806,4.610530065264644,3.7222616404882034,3.733177035904366,4.014550258079598,4.431814983717353,21,2.06532842249605,3.761078076138711,3.924932704487526,3.5920104615920545,3.6492414353146163,3.8605730767377833,Method4
69,100,50,0.7,3,wide,5,4,4,4,4,4,20,0.799,0.806,4.562823111858217,3.7699165456640054,3.723847775447386,4.03255607710913,4.222605577419815,22,2.0195235729077337,3.761078076138711,3.924932704487526,3.5920104615920545,3.6492414353146163,3.8605730767377833,Method4
69,100,50,0.7,3,wide,5,4,4,4,4,4,20,0.799,0.806,4.564614566752269,3.7809405433660856,3.733071509007894,4.005724123738821,4.232240915584797,23,2.0181980429031583,3.761078076138711,3.924932704487526,3.5920104615920545,3.6492414353146163,3.8605730767377833,Method4
69,100,50,0.7,3,wide,5,4,4,4,4,4,20,0.799,0.806,4.500823680965702,3.877906981101559,3.842966984058217,3.9740938998709043,4.182823352060167,24,1.7507354897626866,3.761078076138711,3.924932704487526,3.5920104615920545,3.6492414353146163,3.8605730767377833,Method4
69,100,50,0.7,3,wide,5,4,4,4,4,4,20,0.799,0.806,4.469397578400216,3.9036579536521634,3.8258385076192356,3.963359467479036,4.09105024634344,25,1.6512380518969605,3.761078076138711,3.924932704487526,3.5920104615920545,3.6492414353146163,3.8605730767377833,Method4
69,100,50,0.7,3,wide,5,4,4,4,4,4,20,0.799,0.806,4.473610312351061,3.945044632465918,3.812885229982426,3.9188224690999025,4.083917973472447,26,1.611670775186184,3.761078076138711,3.924932704487526,3.5920104615920545,3.6492414353146163,3.8605730767377833,Method4
69,100,50,0.7,3,wide,5,4,4,4,4,4,20,0.799,0.806,4.320341316721651,3.6254687916987587,3.807375522527703,3.7700219948785914,3.9700830749451965,27,1.3791916145280219,3.761078076138711,3.924932704487526,3.5920104615920545,3.6492414353146163,3.8605730767377833,Method4
69,100,50,0.7,3,wide,5,4,4,4,4,4,20,0.799,0.806,4.305826369204833,3.59263307313697,3.7624123882104574,3.778747909400698,4.000184895796346,28,1.344158189656148,3.761078076138711,3.924932704487526,3.5920104615920545,3.6492414353146163,3.8605730767377833,Method4
69,100,50,0.7,3,wide,5,4,4,4,4,4,20,0.799,0.806,4.3555466303191706,3.558135009815955,3.8055141719168692,3.8402180289470214,3.9922552405549334,29,1.3176448716392681,3.761078076138711,3.924932704487526,3.5920104615920545,3.6492414353146163,3.8605730767377833,Method4
69,100,50,0.7,3,wide,5,4,4,4,4,4,20,0.799,0.806,4.4131918093774045,3.5098288438605576,3.8212316484044235,3.8332753969750932,3.871390171837788,30,1.270251108264593,3.761078076138711,3.924932704487526,3.5920104615920545,3.6492414353146163,3.8605730767377833,Method4
69,100,50,0.7,3,wide,5,4,4,4,4,4,20,0.799,0.806,4.402982655998519,3.532627627305517,3.851829386435503,3.8372657738159326,3.8734551920747418,31,1.2624060039370573,3.761078076138711,3.924932704487526,3.5920104615920545,3.6492414353146163,3.8605730767377833,Method4
69,100,50,0.7,3,wide,5,4,4,4,4,4,20,0.799,0.806,4.213179363921356,3.664197968101031,3.9853734915968424,3.8757949365292683,3.8000053052701572,32,1.0696730194627722,3.761078076138711,3.924932704487526,3.5920104615920545,3.6492414353146163,3.8605730767377833,Method4
69,100,50,0.7,3,wide,5,4,4,4,4,4,20,0.799,0.806,4.2027661669856196,3.741329751256571,4.046214973067341,3.9205508372553273,3.8017823443160417,33,1.022989534828186,3.761078076138711,3.924932704487526,3.5920104615920545,3.6492414353146163,3.8605730767377833,Method4
69,100,50,0.7,3,wide,5,4,4,4,4,4,20,0.799,0.806,4.219007835383809,3.6133184325993617,4.073118960041376,3.9137854851288534,3.861602536021719,34,0.9927874991745732,3.761078076138711,3.924932704487526,3.5920104615920545,3.6492414353146163,3.8605730767377833,Method4
69,100,50,0.7,3,wide,5,4,4,4,4,4,20,0.799,0.806,4.189156258098074,3.639128316999079,4.2631697260604895,3.891927876761353,3.8904783535417984,35,0.9672419602457601,3.761078076138711,3.924932704487526,3.5920104615920545,3.6492414353146163,3.8605730767377833,Method4
69,100,50,0.7,3,wide,5,4,4,4,4,4,20,0.799,0.806,4.192353235312454,3.637893019825547,4.286768797955621,3.896617888074198,3.8980117539440435,36,0.9581478835180854,3.761078076138711,3.924932704487526,3.5920104615920545,3.6492414353146163,3.8605730767377833,Method4
69,100,50,0.7,3,wide,5,4,4,4,4,4,20,0.799,0.806,4.174187259946201,3.7124107747940687,4.331905819469512,3.674228478032763,3.9969081678658616,37,0.8170502324481888,3.761078076138711,3.924932704487526,3.5920104615920545,3.6492414353146163,3.8605730767377833,Method4
69,100,50,0.7,3,wide,5,4,4,4,4,4,20,0.799,0.806,4.151492267707451,3.8854640066789803,4.438258968169268,3.645355980033818,3.9623897460934403,38,0.7857210742784223,3.761078076138711,3.924932704487526,3.5920104615920545,3.6492414353146163,3.8605730767377833,Method4
69,100,50,0.7,3,wide,5,4,4,4,4,4,20,0.799,0.806,4.130296285843021,3.864251254355212,4.426302923108264,3.6784156246685757,3.9217670108689044,39,0.781043901126636,3.761078076138711,3.924932704487526,3.5920104615920545,3.6492414353146163,3.8605730767377833,Method4
69,100,50,0.7,3,wide,5,4,4,4,4,4,20,0.799,0.806,4.121728100658817,3.8432266700342343,4.3840243052900725,3.6400403666183783,3.9353577155169566,40,0.7364064759974545,3.761078076138711,3.924932704487526,3.5920104615920545,3.6492414353146163,3.8605730767377833,Method4
69,100,50,0.7,3,wide,5,4,4,4,4,4,20,0.799,0.806,4.044504478781172,3.8499875445008227,4.325875558443979,3.6565912965543363,3.9501449287829193,41,0.7108132711686921,3.761078076138711,3.924932704487526,3.5920104615920545,3.6492414353146163,3.8605730767377833,Method4
69,100,50,0.7,3,wide,5,4,4,4,4,4,20,0.799,0.806,4.221052697384949,4.091564541853671,3.820033191616067,3.8448012650254744,4.698358420853596,5,20.69903169843259,3.950282903078258,3.657969604597774,3.5185052465745517,3.495784755256379,3.5818230380345577,Method4
69,100,50,0.7,3,wide,5,4,4,4,4,4,20,0.799,0.806,4.221052697384949,4.091564541853671,3.820033191616067,3.8448012650254744,4.698358420853596,6,20.69903169843259,3.950282903078258,3.657969604597774,3.5185052465745517,3.495784755256379,3.5818230380345577,Method4
69,100,50,0.7,3,wide,5,4,4,4,4,4,20,0.799,0.806,4.512639032706498,4.347704639035321,4.116159265311804,4.604411749553756,4.49840245509431,7,9.287673903138083,3.950282903078258,3.657969604597774,3.5185052465745517,3.495784755256379,3.5818230380345577,Method4
69,100,50,0.7,3,wide,5,4,4,4,4,4,20,0.799,0.806,4.526217212722041,4.308568025290765,4.012194871071791,4.039419078891456,4.49910520193874,8,9.07692665560657,3.950282903078258,3.657969604597774,3.5185052465745517,3.495784755256379,3.5818230380345577,Method4
69,100,50,0.7,3,wide,5,4,4,4,4,4,20,0.799,0.806,4.541511987616935,3.716249607791582,3.9736650101065414,4.02509283057437,4.398238059328667,9,8.719869909580003,3.950282903078258,3.657969604597774,3.5185052465745517,3.495784755256379,3.5818230380345577,Method4
69,100,50,0.7,3,wide,5,4,4,4,4,4,20,0.799,0.806,4.559541158114563,3.462699052707593,4.00860603681833,4.070277076720399,4.427253743098395,10,8.251139071973231,3.950282903078258,3.657969604597774,3.5185052465745517,3.495784755256379,3.5818230380345577,Method4
69,100,50,0.7,3,wide,5,4,4,4,4,4,20,0.799,0.806,4.565703561278355,3.4761703003096778,4.132397420213169,3.7370977752919416,4.336752173737841,11,5.732331282407271,3.950282903078258,3.657969604597774,3.5185052465745517,3.495784755256379,3.5818230380345577,Method4
69,100,50,0.7,3,wide,5,4,4,4,4,4,20,0.799,0.806,4.400514023320543,3.396197451524471,4.045435333532569,3.8360901615943046,4.3752183135874025,12,4.147884108402336,3.950282903078258,3.657969604597774,3.5185052465745517,3.495784755256379,3.5818230380345577,Method4
69,100,50,0.7,3,wide,5,4,4,4,4,4,20,0.799,0.806,4.429083367083326,3.4524354015958965,4.019775666243441,3.7951614742246846,4.1293668940567985,13,4.065024724566122,3.950282903078258,3.657969604597774,3.5185052465745517,3.495784755256379,3.5818230380345577,Method4
69,100,50,0.7,3,wide,5,4,4,4,4,4,20,0.799,0.806,4.395213682108619,3.521152261961004,3.9847486815871274,3.9314013322392443,4.14737637930632,14,3.9217387326451,3.950282903078258,3.657969604597774,3.5185052465745517,3.495784755256379,3.5818230380345577,Method4
69,100,50,0.7,3,wide,5,4,4,4,4,4,20,0.799,0.806,4.393883185192535,3.5199626971107696,3.9845764885312196,3.931528634434173,4.1452219872706655,15,3.9216883966234977,3.950282903078258,3.657969604597774,3.5185052465745517,3.495784755256379,3.5818230380345577,Method4
69,100,50,0.7,3,wide,5,4,4,4,4,4,20,0.799,0.806,4.3550641276765605,3.3878863928839067,4.021424581833948,3.9144461095818284,3.822794404499852,16,3.102989285975886,3.950282903078258,3.657969604597774,3.5185052465745517,3.495784755256379,3.5818230380345577,Method4
69,100,50,0.7,3,wide,5,4,4,4,4,4,20,0.799,0.806,4.350067387220053,3.431497446260415,4.057194933535059,3.6982764064056655,3.861057826806331,17,2.7148983799736546,3.950282903078258,3.657969604597774,3.5185052465745517,3.495784755256379,3.5818230380345577,Method4
69,100,50,0.7,3,wide,5,4,4,4,4,4,20,0.799,0.806,4.458855882851464,3.4897953356010367,3.9437859009098015,3.767984462038754,3.9170489595293643,18,2.2298175588901192,3.950282903078258,3.657969604597774,3.5185052465745517,3.495784755256379,3.5818230380345577,Method4
69,100,50,0.7,3,wide,5,4,4,4,4,4,20,0.799,0.806,4.4804214085667375,3.5174223230806447,4.0129894979378395,3.74104671850394,3.911191238238613,19,2.165638140582798,3.950282903078258,3.657969604597774,3.5185052465745517,3.495784755256379,3.5818230380345577,Method4
69,100,50,0.7,3,wide,5,4,4,4,4,4,20,0.799,0.806,4.480976019365096,3.51955328848722,4.002746192424562,3.742411344130678,3.913510730558451,20,2.165525563046075,3.950282903078258,3.657969604597774,3.5185052465745517,3.495784755256379,3.5818230380345577,Method4
69,100,50,0.7,3,wide,5,4,4,4,4,4,20,0.799,0.806,4.508517758895931,3.5607450007780224,4.068664182863641,3.7135719813245407,3.97796799416959,21,1.9473771469170618,3.950282903078258,3.657969604597774,3.5185052465745517,3.495784755256379,3.5818230380345577,Method4
69,100,50,0.7,3,wide,5,4,4,4,4,4,20,0.799,0.806,4.50664091261924,3.563138611304728,4.066970101318303,3.7195292400143063,3.9763657400139802,22,1.9471203809195043,3.950282903078258,3.657969604597774,3.5185052465745517,3.495784755256379,3.5818230380345577,Method4
69,100,50,0.7,3,wide,5,4,4,4,4,4,20,0.799,0.806,4.074196170402503,3.664676999419362,3.918332853214366,3.6663185895177355,4.14775525728213,23,1.6901252870984094,3.950282903078258,3.657969604597774,3.5185052465745517,3.495784755256379,3.5818230380345577,Method4
69,100,50,0.7,3,wide,5,4,4,4,4,4,20,0.799,0.806,4.066277569407531,3.771541135655014,3.8767669459625838,3.638323140898508,3.9811853066859646,24,1.5804554987785269,3.950282903078258,3.657969604597774,3.5185052465745517,3.495784755256379,3.5818230380345577,Method4
69,100,50,0.7,3,wide,5,4,4,4,4,4,20,0.799,0.806,4.071967306178615,3.7964160739856285,3.838907469273238,3.6473260773113743,3.993456955082196,25,1.5683275757346666,3.950282903078258,3.657969604597774,3.5185052465745517,3.495784755256379,3.5818230380345577,Method4
69,100,50,0.7,3,wide,5,4,4,4,4,4,20,0.799,0.806,4.134143741118004,3.632602461577596,3.5790009798152544,3.5957976269687366,3.9690403211572884,26,1.3994466302783597,3.950282903078258,3.657969604597774,3.5185052465745517,3.495784755256379,3.5818230380345577,Method4
69,100,50,0.7,3,wide,5,4,4,4,4,4,20,0.799,0.806,4.1807908796427995,3.6492578576724686,3.601328323281644,3.501697934014431,3.815063776867222,27,1.3064926349306805,3.950282903078258,3.657969604597774,3.5185052465745517,3.495784755256379,3.5818230380345577,Method4
69,100,50,0.7,3,wide,5,4,4,4,4,4,20,0.799,0.806,4.192883171998186,3.6611674114081945,3.600502559334172,3.5001871778644453,3.819066478470955,28,1.2884667178524392,3.950282903078258,3.657969604597774,3.5185052465745517,3.495784755256379,3.5818230380345577,Method4
69,100,50,0.7,3,wide,5,4,4,4,4,4,20,0.799,0.806,4.206420813903982,3.653876645153506,3.6067057780416283,3.5111676169563033,3.8344486074649513,29,1.2812140082440082,3.950282903078258,3.657969604597774,3.5185052465745517,3.495784755256379,3.5818230380345577,Method4
69,100,50,0.7,3,wide,5,4,4,4,4,4,20,0.799,0.806,4.20237086833751,3.64867901600938,3.6012778330489477,3.533058128607855,3.8092262332218096,30,1.270512571300041,3.950282903078258,3.657969604597774,3.5185052465745517,3.495784755256379,3.5818230380345577,Method4
69,100,50,0.7,3,wide,5,4,4,4,4,4,20,0.799,0.806,4.204162893526031,3.636182597909562,3.5624119167418007,3.5404219069751264,3.6355170911305086,31,1.126859783158754,3.950282903078258,3.657969604597774,3.5185052465745517,3.495784755256379,3.5818230380345577,Method4
69,100,50,0.7,3,wide,5,4,4,4,4,4,20,0.799,0.806,4.2023930511183005,3.637880329573663,3.553260271996952,3.5417691838825087,3.6356364428979604,32,1.1260188518746383,3.950282903078258,3.657969604597774,3.5185052465745517,3.495784755256379,3.5818230380345577,Method4
69,100,50,0.7,3,wide,5,4,4,4,4,4,20,0.799,0.806,4.152486818205554,3.6563889365078213,3.5555306825853092,3.557419402964304,3.6132666263123436,33,1.1210170763028429,3.950282903078258,3.657969604597774,3.5185052465745517,3.495784755256379,3.5818230380345577,Method4
69,100,50,0.7,3,wide,5,4,4,4,4,4,20,0.799,0.806,4.162086201762462,3.6390445284370005,3.4445761187291977,3.567617769259555,3.592443359036559,34,1.100215916567185,3.950282903078258,3.657969604597774,3.5185052465745517,3.495784755256379,3.5818230380345577,Method4
69,100,50,0.7,3,wide,5,4,4,4,4,4,20,0.799,0.806,4.147762331094025,3.607726326943094,3.458301205276961,3.5265738239038362,3.5821867395962026,35,1.087661469246778,3.950282903078258,3.657969604597774,3.5185052465745517,3.495784755256379,3.5818230380345577,Method4
69,100,50,0.7,3,wide,5,4,4,4,4,4,20,0.799,0.806,4.176053634981913,3.5866391838581384,3.460872413373366,3.381137461787326,3.6388681952047848,36,1.0518922790004266,3.950282903078258,3.657969604597774,3.5185052465745517,3.495784755256379,3.5818230380345577,Method4
69,100,50,0.7,3,wide,5,4,4,4,4,4,20,0.799,0.806,4.26720556016393,3.6046206136478163,3.403034350455362,3.420261592063518,3.7147590747218007,37,0.9490530863445727,3.950282903078258,3.657969604597774,3.5185052465745517,3.495784755256379,3.5818230380345577,Method4
69,100,50,0.7,3,wide,5,4,4,4,4,4,20,0.799,0.806,4.040546899010378,3.67827952350064,3.4562961601894453,3.518142348237168,3.703182462496987,38,0.8986842586022744,3.950282903078258,3.657969604597774,3.5185052465745517,3.495784755256379,3.5818230380345577,Method4
69,100,50,0.7,3,wide,5,4,4,4,4,4,20,0.799,0.806,4.0406503175252455,3.6783205926947726,3.4558375356904456,3.517873606430369,3.703387529341375,39,0.8986835570136877,3.950282903078258,3.657969604597774,3.5185052465745517,3.495784755256379,3.5818230380345577,Method4
69,100,50,0.7,3,wide,5,4,4,4,4,4,20,0.799,0.806,4.0267389122457695,3.619669671530113,3.4349017827099537,3.5654935753319448,3.740883570262499,40,0.8908657918063039,3.950282903078258,3.657969604597774,3.5185052465745517,3.495784755256379,3.5818230380345577,Method4
69,100,50,0.7,3,wide,5,4,4,4,4,4,20,0.799,0.806,4.0301219616823,3.578549109532881,3.394083204058422,3.6087524931141988,3.755620200680942,41,0.885168169511646,3.950282903078258,3.657969604597774,3.5185052465745517,3.495784755256379,3.5818230380345577,Method4
69,100,50,0.7,3,wide,5,4,4,4,4,4,20,0.799,0.806,4.172311588880617,3.82139406791209,4.5972842745769,4.561797964358333,4.458727974301711,5,22.34735746985104,3.691865477715211,3.5640586413122017,3.856703628885618,3.78362744101184,3.6202729879712603,Method4
69,100,50,0.7,3,wide,5,4,4,4,4,4,20,0.799,0.806,4.172311588880617,3.82139406791209,4.5972842745769,4.561797964358333,4.458727974301711,6,22.34735746985104,3.691865477715211,3.5640586413122017,3.856703628885618,3.78362744101184,3.6202729879712603,Method4
69,100,50,0.7,3,wide,5,4,4,4,4,4,20,0.799,0.806,4.177957505233743,4.142363217259022,4.955380348418323,4.279151049049776,4.513565211457969,7,7.423100763354496,3.691865477715211,3.5640586413122017,3.856703628885618,3.78362744101184,3.6202729879712603,Method4
69,100,50,0.7,3,wide,5,4,4,4,4,4,20,0.799,0.806,4.575242290492875,4.178125409697352,4.7844135532573855,4.0914600916926185,4.400420382016021,8,5.060468187493368,3.691865477715211,3.5640586413122017,3.856703628885618,3.78362744101184,3.6202729879712603,Method4
69,100,50,0.7,3,wide,5,4,4,4,4,4,20,0.799,0.806,4.606242343913872,4.142807167393084,4.81022042460317,4.1325334327451975,4.44867237183573,9,3.9342274337079726,3.691865477715211,3.5640586413122017,3.856703628885618,3.78362744101184,3.6202729879712603,Method4
69,100,50,0.7,3,wide,5,4,4,4,4,4,20,0.799,0.806,4.603269945690838,4.18578170428076,4.843617028317395,4.130219017822314,4.112839576496621,10,3.858554949977866,3.691865477715211,3.5640586413122017,3.856703628885618,3.78362744101184,3.6202729879712603,Method4
69,100,50,0.7,3,wide,5,4,4,4,4,4,20,0.799,0.806,4.636254063958567,4.226595321542876,4.758249822575342,4.268787553778862,4.287072542893354,11,3.339391292907118,3.691865477715211,3.5640586413122017,3.856703628885618,3.78362744101184,3.6202729879712603,Method4
69,100,50,0.7,3,wide,5,4,4,4,4,4,20,0.799,0.806,4.581253125964012,4.263074733695314,4.740176259817556,4.3053476904873165,4.215201916849437,12,3.2431612471567117,3.691865477715211,3.5640586413122017,3.856703628885618,3.78362744101184,3.6202729879712603,Method4
69,100,50,0.7,3,wide,5,4,4,4,4,4,20,0.799,0.806,4.704433027148793,4.300526018865269,4.645348583512956,4.419734056337494,4.272713482231576,13,2.8281235866309893,3.691865477715211,3.5640586413122017,3.856703628885618,3.78362744101184,3.6202729879712603,Method4
69,100,50,0.7,3,wide,5,4,4,4,4,4,20,0.799,0.806,4.390682650945739,4.262204770169157,4.590801927097021,4.379156838922058,4.287047785834525,14,2.729479070993016,3.691865477715211,3.5640586413122017,3.856703628885618,3.78362744101184,3.6202729879712603,Method4
69,100,50,0.7,3,wide,5,4,4,4,4,4,20,0.799,0.806,4.610215569667181,4.139939812305172,4.662678455170108,4.5461883120386135,4.283836192139904,15,2.35778492595292,3.691865477715211,3.5640586413122017,3.856703628885618,3.78362744101184,3.6202729879712603,Method4
69,100,50,0.7,3,wide,5,4,4,4,4,4,20,0.799,0.806,4.579988187223787,4.271589668082838,4.570463329169176,4.521879658368659,4.443303077038447,16,1.9610300468920203,3.691865477715211,3.5640586413122017,3.856703628885618,3.78362744101184,3.6202729879712603,Method4
69,100,50,0.7,3,wide,5,4,4,4,4,4,20,0.799,0.806,4.5670718821871334,4.263816729233797,4.591664389218908,4.528594718430828,4.43403903488055,17,1.9250603656764984,3.691865477715211,3.5640586413122017,3.856703628885618,3.78362744101184,3.6202729879712603,Method4
69,100,50,0.7,3,wide,5,4,4,4,4,4,20,0.799,0.806,4.365094045248593,4.21563987518917,4.582677633802438,4.447286147527254,4.435040300176566,18,1.7275298015308542,3.691865477715211,3.5640586413122017,3.856703628885618,3.78362744101184,3.6202729879712603,Method4
69,100,50,0.7,3,wide,5,4,4,4,4,4,20,0.799,0.806,4.373375889329489,4.204458773741761,4.581733268500624,4.433261884456713,4.351309839920302,19,1.7123992012221882,3.691865477715211,3.5640586413122017,3.856703628885618,3.78362744101184,3.6202729879712603,Method4
69,100,50,0.7,3,wide,5,4,4,4,4,4,20,0.799,0.806,4.3453366231033,4.206621450629671,4.629197992139799,4.404310920788317,4.265423164357822,20,1.6083930265351212,3.691865477715211,3.5640586413122017,3.856703628885618,3.78362744101184,3.6202729879712603,Method4
69,100,50,0.7,3,wide,5,4,4,4,4,4,20,0.799,0.806,4.353926776064441,3.6264840221235963,4.570404440442882,4.428113114165332,4.098040953795173,21,1.4206992787885526,3.691865477715211,3.5640586413122017,3.856703628885618,3.78362744101184,3.6202729879712603,Method4
69,100,50,0.7,3,wide,5,4,4,4,4,4,20,0.799,0.806,4.331166261925403,3.6535688776762516,4.467653277380203,4.502906507382875,4.101675683205489,22,1.2579912154356467,3.691865477715211,3.5640586413122017,3.856703628885618,3.78362744101184,3.6202729879712603,Method4
69,100,50,0.7,3,wide,5,4,4,4,4,4,20,0.799,0.806,4.321253582428242,3.6325705647851136,4.472651753071645,4.529925621555474,4.085631936354721,23,1.2421725978991776,3.691865477715211,3.5640586413122017,3.856703628885618,3.78362744101184,3.6202729879712603,Method4
69,100,50,0.7,3,wide,5,4,4,4,4,4,20,0.799,0.806,4.29779928891035,3.5472437763035294,4.499534593427832,4.490799444766611,4.123989578881957,24,1.1767171838919397,3.691865477715211,3.5640586413122017,3.856703628885618,3.78362744101184,3.6202729879712603,Method4
69,100,50,0.7,3,wide,5,4,4,4,4,4,20,0.799,0.806,4.242529017660738,3.3101955186133907,4.51060577092504,4.462425008311956,4.102048302545753,25,1.1042740467264722,3.691865477715211,3.5640586413122017,3.856703628885618,3.78362744101184,3.6202729879712603,Method4
69,100,50,0.7,3,wide,5,4,4,4,4,4,20,0.799,0.806,4.230236033867281,3.3206424829493377,4.586955729509642,4.428500132605543,4.0536641282890296,26,1.0238009579083924,3.691865477715211,3.5640586413122017,3.856703628885618,3.78362744101184,3.6202729879712603,Method4
69,100,50,0.7,3,wide,5,4,4,4,4,4,20,0.799,0.806,4.290870758180429,3.343865604666634,4.594484680126982,4.4290293962817024,4.083279885726525,27,1.0094256323896706,3.691865477715211,3.5640586413122017,3.856703628885618,3.78362744101184,3.6202729879712603,Method4
69,100,50,0.7,3,wide,5,4,4,4,4,4,20,0.799,0.806,4.154091168940155,3.296465451156724,4.152236741187465,4.515032348718995,4.0390590440554455,28,0.8740113868603295,3.691865477715211,3.5640586413122017,3.856703628885618,3.78362744101184,3.6202729879712603,Method4
69,100,50,0.7,3,wide,5,4,4,4,4,4,20,0.799,0.806,4.14831036066384,3.349395510036963,4.09516189905595,4.5322871413774095,4.019961026422875,29,0.8358616399951192,3.691865477715211,3.5640586413122017,3.856703628885618,3.78362744101184,3.6202729879712603,Method4
69,100,50,0.7,3,wide,5,4,4,4,4,4,20,0.799,0.806,4.183813758231137,3.3891247423161492,3.9254706295216395,4.468649074150406,3.9507440430328513,30,0.8067893811856248,3.691865477715211,3.5640586413122017,3.856703628885618,3.78362744101184,3.6202729879712603,Method4
69,100,50,0.7,3,wide,5,4,4,4,4,4,20,0.799,0.806,4.177630785542316,3.3870457614917884,3.9170477299401987,4.469986918481116,3.944167952198046,31,0.8065915717489913,3.691865477715211,3.5640586413122017,3.856703628885618,3.78362744101184,3.6202729879712603,Method4
69,100,50,0.7,3,wide,5,4,4,4,4,4,20,0.799,0.806,4.17817826793287,3.3887538688618584,3.922952897756543,4.4706653115674735,3.947044907458062,32,0.8065492764077964,3.691865477715211,3.5640586413122017,3.856703628885618,3.78362744101184,3.6202729879712603,Method4
69,100,50,0.7,3,wide,5,4,4,4,4,4,20,0.799,0.806,4.183389953901022,3.338410269861913,3.8927897102710873,4.502551089914396,3.9099568281867616,33,0.7637156825356568,3.691865477715211,3.5640586413122017,3.856703628885618,3.78362744101184,3.6202729879712603,Method4
69,100,50,0.7,3,wide,5,4,4,4,4,4,20,0.799,0.806,4.142995797258792,3.2628908393846423,3.968633413283512,3.8664484377185726,3.8832381026949325,34,0.6151331779543381,3.691865477715211,3.5640586413122017,3.856703628885618,3.78362744101184,3.6202729879712603,Method4
69,100,50,0.7,3,wide,5,4,4,4,4,4,20,0.799,0.806,4.1750243975496195,3.3082622594820226,3.969005189881469,3.9081037444488618,3.8770300651395146,35,0.6019113368446022,3.691865477715211,3.5640586413122017,3.856703628885618,3.78362744101184,3.6202729879712603,Method4
69,100,50,0.7,3,wide,5,4,4,4,4,4,20,0.799,0.806,4.191710303536917,3.2646192866326884,3.997675891804624,3.77462249003719,3.8854781135460974,36,0.5759516790631167,3.691865477715211,3.5640586413122017,3.856703628885618,3.78362744101184,3.6202729879712603,Method4
69,100,50,0.7,3,wide,5,4,4,4,4,4,20,0.799,0.806,4.150771642100065,3.249020811407539,3.943004379823416,3.8032006721695444,3.8580063225122116,37,0.5670109306442286,3.691865477715211,3.5640586413122017,3.856703628885618,3.78362744101184,3.6202729879712603,Method4
69,100,50,0.7,3,wide,5,4,4,4,4,4,20,0.799,0.806,4.185352332224393,3.254178103911017,3.9486637428946825,3.8107812553880342,3.8501395233483318,38,0.5646709924110733,3.691865477715211,3.5640586413122017,3.856703628885618,3.78362744101184,3.6202729879712603,Method4
69,100,50,0.7,3,wide,5,4,4,4,4,4,20,0.799,0.806,4.259395392852541,3.3104468641165425,3.8801658009398943,3.8671506754003966,3.8594386804041667,39,0.541338440368289,3.691865477715211,3.5640586413122017,3.856703628885618,3.78362744101184,3.6202729879712603,Method4
69,100,50,0.7,3,wide,5,4,4,4,4,4,20,0.799,0.806,4.220083708258283,3.359093502974317,3.8480332819952534,3.8757768977686853,3.938117472985094,40,0.5271203856151343,3.691865477715211,3.5640586413122017,3.856703628885618,3.78362744101184,3.6202729879712603,Method4
69,100,50,0.7,3,wide,5,4,4,4,4,4,20,0.799,0.806,4.2393354805522065,3.342428779811454,3.9143211043426427,3.793185550269871,3.95645129854718,41,0.5020931061310211,3.691865477715211,3.5640586413122017,3.856703628885618,3.78362744101184,3.6202729879712603,Method4
69,100,50,0.7,3,wide,5,4,4,4,4,4,20,0.799,0.806,5.023423189777998,3.6057862408469736,4.887178838373487,3.496466634535643,3.6822881571757633,5,35.26967324234371,3.5708715005837504,3.473279028028532,3.5637103866859055,3.5679700208433887,3.6807044526040764,Method4
69,100,50,0.7,3,wide,5,4,4,4,4,4,20,0.799,0.806,5.023423189777998,3.6057862408469736,4.887178838373487,3.496466634535643,3.6822881571757633,6,35.26967324234371,3.5708715005837504,3.473279028028532,3.5637103866859055,3.5679700208433887,3.6807044526040764,Method4
69,100,50,0.7,3,wide,5,4,4,4,4,4,20,0.799,0.806,5.061582237648544,3.615129314931136,4.2834023782361745,3.4678961135952657,3.7857233407725044,7,34.8702848897084,3.5708715005837504,3.473279028028532,3.5637103866859055,3.5679700208433887,3.6807044526040764,Method4
69,100,50,0.7,3,wide,5,4,4,4,4,4,20,0.799,0.806,5.135201425588509,4.263809169435121,4.22640103200632,3.501158072484325,3.701952063000239,8,34.65462233427967,3.5708715005837504,3.473279028028532,3.5637103866859055,3.5679700208433887,3.6807044526040764,Method4
69,100,50,0.7,3,wide,5,4,4,4,4,4,20,0.799,0.806,4.6049982483101,4.286682835912635,4.36521248880422,3.995838050805435,3.7854836008854584,9,10.445493249282313,3.5708715005837504,3.473279028028532,3.5637103866859055,3.5679700208433887,3.6807044526040764,Method4
69,100,50,0.7,3,wide,5,4,4,4,4,4,20,0.799,0.806,4.566636450985528,4.285304207256147,3.884260348734726,3.937020752143212,3.821180813983342,10,9.815062894027298,3.5708715005837504,3.473279028028532,3.5637103866859055,3.5679700208433887,3.6807044526040764,Method4
69,100,50,0.7,3,wide,5,4,4,4,4,4,20,0.799,0.806,4.794010369010985,4.231393552154181,3.5589768632003795,4.032213682020597,3.6682079026937395,11,5.963443710610402,3.5708715005837504,3.473279028028532,3.5637103866859055,3.5679700208433887,3.6807044526040764,Method4
69,100,50,0.7,3,wide,5,4,4,4,4,4,20,0.799,0.806,4.725504234419988,4.21465305033432,3.5651431326955225,4.040204746040891,3.680291262076609,12,5.959355945748036,3.5708715005837504,3.473279028028532,3.5637103866859055,3.5679700208433887,3.6807044526040764,Method4
69,100,50,0.7,3,wide,5,4,4,4,4,4,20,0.799,0.806,4.2978138909136225,4.0202432591119655,3.7007579421862458,4.140309378120149,3.9682129168943927,13,4.6496164258950605,3.5708715005837504,3.473279028028532,3.5637103866859055,3.5679700208433887,3.6807044526040764,Method4
69,100,50,0.7,3,wide,5,4,4,4,4,4,20,0.799,0.806,4.348401623834348,3.99212552149485,3.7439881049104136,4.121160038988331,3.7017276426821986,14,3.9703043241300207,3.5708715005837504,3.473279028028532,3.5637103866859055,3.5679700208433887,3.6807044526040764,Method4
69,100,50,0.7,3,wide,5,4,4,4,4,4,20,0.799,0.806,4.309240502542562,3.7106102129424077,3.7958489959329804,4.1427990672172985,3.7442629981228164,15,3.0192220209846226,3.5708715005837504,3.473279028028532,3.5637103866859055,3.5679700208433887,3.6807044526040764,Method4
69,100,50,0.7,3,wide,5,4,4,4,4,4,20,0.799,0.806,4.454184542139899,3.7624439093724984,3.8107942144653113,4.139164990635447,3.745909245433835,16,2.992715301557701,3.5708715005837504,3.473279028028532,3.5637103866859055,3.5679700208433887,3.6807044526040764,Method4
69,100,50,0.7,3,wide,5,4,4,4,4,4,20,0.799,0.806,4.483331775567398,3.783571626436077,3.6078606184293944,4.115153295251391,3.7091880459716,17,2.8532494553212273,3.5708715005837504,3.473279028028532,3.5637103866859055,3.5679700208433887,3.6807044526040764,Method4
69,100,50,0.7,3,wide,5,4,4,4,4,4,20,0.799,0.806,4.302772461048762,3.5836843647274836,3.8345576015096032,4.227718518744359,3.8390733029690076,18,2.3527954116892,3.5708715005837504,3.473279028028532,3.5637103866859055,3.5679700208433887,3.6807044526040764,Method4
69,100,50,0.7,3,wide,5,4,4,4,4,4,20,0.799,0.806,4.162064901333015,3.2519138207311,3.8669026652756475,4.325459540347437,3.918642296402776,19,2.2850238954580266,3.5708715005837504,3.473279028028532,3.5637103866859055,3.5679700208433887,3.6807044526040764,Method4
69,100,50,0.7,3,wide,5,4,4,4,4,4,20,0.799,0.806,4.155151684194022,3.369273099887128,3.9622839268747874,4.31073960622957,3.857848627657978,20,2.1341262284499845,3.5708715005837504,3.473279028028532,3.5637103866859055,3.5679700208433887,3.6807044526040764,Method4
69,100,50,0.7,3,wide,5,4,4,4,4,4,20,0.799,0.806,4.286786432927721,3.4778472997741634,3.893062262682005,4.311284965175099,3.7950114731081626,21,1.9314918867425115,3.5708715005837504,3.473279028028532,3.5637103866859055,3.5679700208433887,3.6807044526040764,Method4
69,100,50,0.7,3,wide,5,4,4,4,4,4,20,0.799,0.806,4.2633576636308135,3.483971672408493,3.912652903137024,4.066377953069207,3.8338583125338364,22,1.8857324801392985,3.5708715005837504,3.473279028028532,3.5637103866859055,3.5679700208433887,3.6807044526040764,Method4
69,100,50,0.7,3,wide,5,4,4,4,4,4,20,0.799,0.806,4.202498069704754,3.5277582268564833,3.89140774684649,4.076953738014525,3.538979367852269,23,1.8265096926011832,3.5708715005837504,3.473279028028532,3.5637103866859055,3.5679700208433887,3.6807044526040764,Method4
69,100,50,0.7,3,wide,5,4,4,4,4,4,20,0.799,0.806,4.179826247803526,3.5588189592033714,3.902738213621796,4.040382685930317,3.620027607552853,24,1.76199371562447,3.5708715005837504,3.473279028028532,3.5637103866859055,3.5679700208433887,3.6807044526040764,Method4
69,100,50,0.7,3,wide,5,4,4,4,4,4,20,0.799,0.806,4.08295134605444,3.6105478898111776,3.7822435033794957,3.5553897248644324,3.6914010090011122,25,1.4668343005579147,3.5708715005837504,3.473279028028532,3.5637103866859055,3.5679700208433887,3.6807044526040764,Method4
69,100,50,0.7,3,wide,5,4,4,4,4,4,20,0.799,0.806,4.078097464839025,3.616728822265698,3.756195000916693,3.569366827654264,3.597119401346773,26,1.4505233601470529,3.5708715005837504,3.473279028028532,3.5637103866859055,3.5679700208433887,3.6807044526040764,Method4
69,100,50,0.7,3,wide,5,4,4,4,4,4,20,0.799,0.806,4.190667830219995,3.6016694250387737,3.7096909481911986,3.68600634553055,3.6226072962926508,27,1.3040824359328127,3.5708715005837504,3.473279028028532,3.5637103866859055,3.5679700208433887,3.6807044526040764,Method4
69,100,50,0.7,3,wide,5,4,4,4,4,4,20,0.799,0.806,4.195437282761441,3.608952601725433,3.712039644265945,3.685415280795012,3.6173818127998105,28,1.3037863765076514,3.5708715005837504,3.473279028028532,3.5637103866859055,3.5679700208433887,3.6807044526040764,Method4
69,100,50,0.7,3,wide,5,4,4,4,4,4,20,0.799,0.806,4.1501779506493035,3.6861908088853315,3.658611980459025,3.6695370011812773,3.6348612061098415,29,1.2093849222531534,3.5708715005837504,3.473279028028532,3.5637103866859055,3.5679700208433887,3.6807044526040764,Method4
69,100,50,0.7,3,wide,5,4,4,4,4,4,20,0.799,0.806,4.090102918318034,3.6611673566619265,3.6770309079191166,3.635246426371915,3.6771195918330246,30,1.1662428871230495,3.5708715005837504,3.473279028028532,3.5637103866859055,3.5679700208433887,3.6807044526040764,Method4
69,100,50,0.7,3,wide,5,4,4,4,4,4,20,0.799,0.806,4.044743190831259,3.6703553568364824,3.7083215262316283,3.7104640708778325,3.593315759804377,31,0.9653075815609394,3.5708715005837504,3.473279028028532,3.5637103866859055,3.5679700208433887,3.6807044526040764,Method4
69,100,50,0.7,3,wide,5,4,4,4,4,4,20,0.799,0.806,4.051794073326759,3.452055373779151,3.624419954966828,3.944971399099961,3.653404648213546,32,0.7304755384620524,3.5708715005837504,3.473279028028532,3.5637103866859055,3.5679700208433887,3.6807044526040764,Method4
69,100,50,0.7,3,wide,5,4,4,4,4,4,20,0.799,0.806,4.014841046488277,3.4541328922679435,3.6254045105807418,3.9103178219521584,3.594308233061076,33,0.7207820598095483,3.5708715005837504,3.473279028028532,3.5637103866859055,3.5679700208433887,3.6807044526040764,Method4
69,100,50,0.7,3,wide,5,4,4,4,4,4,20,0.799,0.806,4.012699013600752,3.475814197353605,3.613995660064584,3.890576833979319,3.553268788695788,34,0.6923132678397581,3.5708715005837504,3.473279028028532,3.5637103866859055,3.5679700208433887,3.6807044526040764,Method4
69,100,50,0.7,3,wide,5,4,4,4,4,4,20,0.799,0.806,4.013556848454827,3.381591616977457,3.607453083339577,3.873547278986092,3.5140819639631875,35,0.6865338200154966,3.5708715005837504,3.473279028028532,3.5637103866859055,3.5679700208433887,3.6807044526040764,Method4
69,100,50,0.7,3,wide,5,4,4,4,4,4,20,0.799,0.806,4.016656014907076,3.346707304402701,3.6029358503287128,3.8866407370317373,3.4948042844734655,36,0.6749495022854505,3.5708715005837504,3.473279028028532,3.5637103866859055,3.5679700208433887,3.6807044526040764,Method4
69,100,50,0.7,3,wide,5,4,4,4,4,4,20,0.799,0.806,3.978337331287126,3.351194665757835,3.525533977821682,3.8873426831100737,3.5167419164657003,37,0.6572930875706776,3.5708715005837504,3.473279028028532,3.5637103866859055,3.5679700208433887,3.6807044526040764,Method4
69,100,50,0.7,3,wide,5,4,4,4,4,4,20,0.799,0.806,3.969271368042589,3.3525273393852255,3.5191957039689994,3.902770702920529,3.50874516970704,38,0.6556726555650922,3.5708715005837504,3.473279028028532,3.5637103866859055,3.5679700208433887,3.6807044526040764,Method4
69,100,50,0.7,3,wide,5,4,4,4,4,4,20,0.799,0.806,3.9697708424015103,3.349096782396852,3.517489270451516,3.9100097239402603,3.5102575128063855,39,0.6553335064227632,3.5708715005837504,3.473279028028532,3.5637103866859055,3.5679700208433887,3.6807044526040764,Method4
69,100,50,0.7,3,wide,5,4,4,4,4,4,20,0.799,0.806,3.9702655364734816,3.3492187906078246,3.5182462881293874,3.911043475097234,3.509988159799392,40,0.6553288126667712,3.5708715005837504,3.473279028028532,3.5637103866859055,3.5679700208433887,3.6807044526040764,Method4
69,100,50,0.7,3,wide,5,4,4,4,4,4,20,0.799,0.806,3.9899660589443235,3.3211385179919843,3.504027612212434,3.853493760051671,3.504023804477516,41,0.6465877326291353,3.5708715005837504,3.473279028028532,3.5637103866859055,3.5679700208433887,3.6807044526040764,Method4
69,100,50,0.7,3,wide,5,4,4,4,4,4,20,0.799,0.806,2.687091036418549,4.322053250234775,3.7097218141899955,4.600811516584454,4.394706148802544,5,16.925680955453885,3.712229252512806,3.612984154672331,3.6723894694315953,3.8040148521573403,3.503393321953927,Method4
69,100,50,0.7,3,wide,5,4,4,4,4,4,20,0.799,0.806,2.687091036418549,4.322053250234775,3.7097218141899955,4.600811516584454,4.394706148802544,6,16.925680955453885,3.712229252512806,3.612984154672331,3.6723894694315953,3.8040148521573403,3.503393321953927,Method4
69,100,50,0.7,3,wide,5,4,4,4,4,4,20,0.799,0.806,2.3833847207006977,4.335245473547233,3.7447173059847776,4.6060451508391695,4.4290977022834745,7,16.800287430739274,3.712229252512806,3.612984154672331,3.6723894694315953,3.8040148521573403,3.503393321953927,Method4
69,100,50,0.7,3,wide,5,4,4,4,4,4,20,0.799,0.806,3.493517538493494,4.532039817139111,4.314255073353949,4.365436068087192,4.296403498817723,8,7.324135797188911,3.712229252512806,3.612984154672331,3.6723894694315953,3.8040148521573403,3.503393321953927,Method4
69,100,50,0.7,3,wide,5,4,4,4,4,4,20,0.799,0.806,4.20470483646291,4.492948740160799,4.461288892417624,4.672423515271409,4.167029940564039,9,4.23595252250659,3.712229252512806,3.612984154672331,3.6723894694315953,3.8040148521573403,3.503393321953927,Method4
69,100,50,0.7,3,wide,5,4,4,4,4,4,20,0.799,0.806,4.137313197097163,4.555752923496981,4.536337078348777,3.7456412534798984,4.111242332931063,10,3.3103335678259556,3.712229252512806,3.612984154672331,3.6723894694315953,3.8040148521573403,3.503393321953927,Method4
69,100,50,0.7,3,wide,5,4,4,4,4,4,20,0.799,0.806,4.099826336042235,4.442680193928002,4.211368867676901,3.792971690788684,4.124163531640828,11,3.2354478972456704,3.712229252512806,3.612984154672331,3.6723894694315953,3.8040148521573403,3.503393321953927,Method4
69,100,50,0.7,3,wide,5,4,4,4,4,4,20,0.799,0.806,4.062419864468561,4.395614967933872,3.978443811804334,3.886416522516703,4.133088271132641,12,2.300949509218202,3.712229252512806,3.612984154672331,3.6723894694315953,3.8040148521573403,3.503393321953927,Method4
69,100,50,0.7,3,wide,5,4,4,4,4,4,20,0.799,0.806,4.14487713664249,4.289036254980986,3.927204735789746,3.9507517649527903,4.144501123162005,13,1.7304721033602657,3.712229252512806,3.612984154672331,3.6723894694315953,3.8040148521573403,3.503393321953927,Method4
69,100,50,0.7,3,wide,5,4,4,4,4,4,20,0.799,0.806,4.123805250759149,4.2751715878032,3.885946786165422,3.981943783750478,4.151163471879758,14,1.6861191530338082,3.712229252512806,3.612984154672331,3.6723894694315953,3.8040148521573403,3.503393321953927,Method4
69,100,50,0.7,3,wide,5,4,4,4,4,4,20,0.799,0.806,4.127294089496275,4.27476194354923,3.885428358611925,3.982163705259788,4.151745025766483,15,1.6860827806408767,3.712229252512806,3.612984154672331,3.6723894694315953,3.8040148521573403,3.503393321953927,Method4
69,100,50,0.7,3,wide,5,4,4,4,4,4,20,0.799,0.806,4.099804843247738,4.221819134037877,3.787021707893761,4.013665680838532,3.765478744335128,16,1.4819845763868855,3.712229252512806,3.612984154672331,3.6723894694315953,3.8040148521573403,3.503393321953927,Method4
69,100,50,0.7,3,wide,5,4,4,4,4,4,20,0.799,0.806,4.0882767369989415,4.236540561761739,3.7803378853718184,4.04138514625776,3.7509266093892633,17,1.4477683324356918,3.712229252512806,3.612984154672331,3.6723894694315953,3.8040148521573403,3.503393321953927,Method4
69,100,50,0.7,3,wide,5,4,4,4,4,4,20,0.799,0.806,4.094021426273672,4.2408553264956135,3.7727045695191257,4.03093068787585,3.7224112389047868,18,1.443685886606284,3.712229252512806,3.612984154672331,3.6723894694315953,3.8040148521573403,3.503393321953927,Method4
69,100,50,0.7,3,wide,5,4,4,4,4,4,20,0.799,0.806,4.133697844247229,4.244441667279994,3.832334577115826,4.0133344214104545,3.8319313104931,19,1.2593667994168904,3.712229252512806,3.612984154672331,3.6723894694315953,3.8040148521573403,3.503393321953927,Method4
69,100,50,0.7,3,wide,5,4,4,4,4,4,20,0.799,0.806,4.112885771525375,3.644348626709478,3.8338137473797524,3.9221365383152174,3.873196746477793,20,1.006627086361252,3.712229252512806,3.612984154672331,3.6723894694315953,3.8040148521573403,3.503393321953927,Method4
69,100,50,0.7,3,wide,5,4,4,4,4,4,20,0.799,0.806,4.102164900243886,3.6436627906341723,3.881060845544286,3.923335683450377,3.883463198137371,21,1.0034002970308864,3.712229252512806,3.612984154672331,3.6723894694315953,3.8040148521573403,3.503393321953927,Method4
69,100,50,0.7,3,wide,5,4,4,4,4,4,20,0.799,0.806,4.117826647014171,3.6674860640065172,3.889745563506115,3.9376050913206186,3.8993089100492506,22,1.0006327070731955,3.712229252512806,3.612984154672331,3.6723894694315953,3.8040148521573403,3.503393321953927,Method4
69,100,50,0.7,3,wide,5,4,4,4,4,4,20,0.799,0.806,4.0981519343534485,3.7409378164828873,3.9002774257069746,3.955499667031519,3.9260671920963772,23,0.9730341714884951,3.712229252512806,3.612984154672331,3.6723894694315953,3.8040148521573403,3.503393321953927,Method4
69,100,50,0.7,3,wide,5,4,4,4,4,4,20,0.799,0.806,4.095120474250386,3.7316448679067533,3.881570418448714,3.985103968679014,3.922782637032747,24,0.9641933413876064,3.712229252512806,3.612984154672331,3.6723894694315953,3.8040148521573403,3.503393321953927,Method4
69,100,50,0.7,3,wide,5,4,4,4,4,4,20,0.799,0.806,4.103965968450646,3.7219039401435965,3.8904817710405015,4.01792076297947,3.922703787087334,25,0.963114181286746,3.712229252512806,3.612984154672331,3.6723894694315953,3.8040148521573403,3.503393321953927,Method4
69,100,50,0.7,3,wide,5,4,4,4,4,4,20,0.799,0.806,4.152424246636385,3.7280199055171916,3.767843259738731,4.033357106644357,3.9683991869176287,26,0.8926637557584155,3.712229252512806,3.612984154672331,3.6723894694315953,3.8040148521573403,3.503393321953927,Method4
69,100,50,0.7,3,wide,5,4,4,4,4,4,20,0.799,0.806,4.153512806042894,3.705926474327134,3.7262063758857096,4.02193897425454,4.016000079651839,27,0.8600117346429835,3.712229252512806,3.612984154672331,3.6723894694315953,3.8040148521573403,3.503393321953927,Method4
69,100,50,0.7,3,wide,5,4,4,4,4,4,20,0.799,0.806,4.132307853143688,3.570236688151422,3.774401376259137,4.008299173657261,3.9288425142627035,28,0.8056597247565813,3.712229252512806,3.612984154672331,3.6723894694315953,3.8040148521573403,3.503393321953927,Method4
69,100,50,0.7,3,wide,5,4,4,4,4,4,20,0.799,0.806,4.096111250484388,3.612724741394273,3.7977817160020515,4.1227123693526435,3.9519532482453323,29,0.7764802733195884,3.712229252512806,3.612984154672331,3.6723894694315953,3.8040148521573403,3.503393321953927,Method4
69,100,50,0.7,3,wide,5,4,4,4,4,4,20,0.799,0.806,4.090214365283229,3.6363545364242325,3.8103019169831946,4.1074933123282165,3.9396691780970308,30,0.7634605435399535,3.712229252512806,3.612984154672331,3.6723894694315953,3.8040148521573403,3.503393321953927,Method4
69,100,50,0.7,3,wide,5,4,4,4,4,4,20,0.799,0.806,4.039817162463618,3.7180388935831203,3.738818204223815,3.9588802219974313,3.950967673283621,31,0.6952850718014504,3.712229252512806,3.612984154672331,3.6723894694315953,3.8040148521573403,3.503393321953927,Method4
69,100,50,0.7,3,wide,5,4,4,4,4,4,20,0.799,0.806,4.050833206736121,3.720092058571915,3.7034800000921924,3.972868774845917,3.939103203592546,32,0.6799864780070449,3.712229252512806,3.612984154672331,3.6723894694315953,3.8040148521573403,3.503393321953927,Method4
69,100,50,0.7,3,wide,5,4,4,4,4,4,20,0.799,0.806,4.030617369568482,3.7131696579154965,3.7100810085082636,3.9749880048563684,3.937981970068532,33,0.6791685522055789,3.712229252512806,3.612984154672331,3.6723894694315953,3.8040148521573403,3.503393321953927,Method4
69,100,50,0.7,3,wide,5,4,4,4,4,4,20,0.799,0.806,4.0442038147750985,3.7495057064484967,3.782219536839378,3.8938431748484335,3.935661230550502,34,0.6327717050538708,3.712229252512806,3.612984154672331,3.6723894694315953,3.8040148521573403,3.503393321953927,Method4
69,100,50,0.7,3,wide,5,4,4,4,4,4,20,0.799,0.806,4.044153287945071,3.7685422065023833,3.796685497482579,3.8916702269276082,3.9383313275947573,35,0.6324968763738478,3.712229252512806,3.612984154672331,3.6723894694315953,3.8040148521573403,3.503393321953927,Method4
69,100,50,0.7,3,wide,5,4,4,4,4,4,20,0.799,0.806,4.043744371839307,3.732782839292118,3.8000618531203316,3.8915922538752454,3.9291688672343703,36,0.6214196152958031,3.712229252512806,3.612984154672331,3.6723894694315953,3.8040148521573403,3.503393321953927,Method4
69,100,50,0.7,3,wide,5,4,4,4,4,4,20,0.799,0.806,3.9955453082463834,3.760049466180312,3.755022429227151,3.951283032978609,3.758451967287502,37,0.5919976968854104,3.712229252512806,3.612984154672331,3.6723894694315953,3.8040148521573403,3.503393321953927,Method4
69,100,50,0.7,3,wide,5,4,4,4,4,4,20,0.799,0.806,3.993844002249812,3.7587796101649085,3.7549417535813037,3.9549320362325466,3.756100062961157,38,0.5919725069712807,3.712229252512806,3.612984154672331,3.6723894694315953,3.8040148521573403,3.503393321953927,Method4
69,100,50,0.7,3,wide,5,4,4,4,4,4,20,0.799,0.806,4.009769730403385,3.8091392904296066,3.7594231266403213,3.9368844749683403,3.746882206533837,39,0.5720192647937177,3.712229252512806,3.612984154672331,3.6723894694315953,3.8040148521573403,3.503393321953927,Method4
69,100,50,0.7,3,wide,5,4,4,4,4,4,20,0.799,0.806,4.118328782833898,3.8711918250609396,3.8027523483084105,3.95621562667729,3.7688868696215656,40,0.5429276622652632,3.712229252512806,3.612984154672331,3.6723894694315953,3.8040148521573403,3.503393321953927,Method4
69,100,50,0.7,3,wide,5,4,4,4,4,4,20,0.799,0.806,4.1316151596768425,3.880343051987874,3.7952256417275967,3.9380726356359146,3.771418984075382,41,0.541679908964686,3.712229252512806,3.612984154672331,3.6723894694315953,3.8040148521573403,3.503393321953927,Method4
69,100,50,0.7,3,wide,5,4,4,4,4,4,20,0.799,0.806,4.289628629091806,3.777805372756321,4.700579807755086,4.590069319315086,4.72307389546395,5,9.575737611491322,3.59838801164706,3.46155235628973,3.713777030295162,3.4682423470772146,3.4932832755597643,Method4
69,100,50,0.7,3,wide,5,4,4,4,4,4,20,0.799,0.806,4.289628629091806,3.777805372756321,4.700579807755086,4.590069319315086,4.72307389546395,6,9.575737611491322,3.59838801164706,3.46155235628973,3.713777030295162,3.4682423470772146,3.4932832755597643,Method4
69,100,50,0.7,3,wide,5,4,4,4,4,4,20,0.799,0.806,4.087693795464851,3.7879892670241344,4.683036705456225,4.583611830751737,4.720469893824294,7,9.52197229201907,3.59838801164706,3.46155235628973,3.713777030295162,3.4682423470772146,3.4932832755597643,Method4
69,100,50,0.7,3,wide,5,4,4,4,4,4,20,0.799,0.806,4.111177756962773,3.8004063483310695,4.712524631921896,4.570137613931495,4.341871507040638,8,9.345878162248965,3.59838801164706,3.46155235628973,3.713777030295162,3.4682423470772146,3.4932832755597643,Method4
69,100,50,0.7,3,wide,5,4,4,4,4,4,20,0.799,0.806,3.8160080288495974,3.660262615091083,4.517508635729939,3.849738430850556,4.05471238153867,9,4.764060811169988,3.59838801164706,3.46155235628973,3.713777030295162,3.4682423470772146,3.4932832755597643,Method4
69,100,50,0.7,3,wide,5,4,4,4,4,4,20,0.799,0.806,3.8943174303353234,3.752285314763019,4.476567148532606,3.90728076175839,4.03074451858588,10,3.489855973513557,3.59838801164706,3.46155235628973,3.713777030295162,3.4682423470772146,3.4932832755597643,Method4
69,100,50,0.7,3,wide,5,4,4,4,4,4,20,0.799,0.806,3.855218938235377,3.7567897998055426,4.479084184271478,3.90810372975608,4.0481770381333915,11,3.484209039151446,3.59838801164706,3.46155235628973,3.713777030295162,3.4682423470772146,3.4932832755597643,Method4
69,100,50,0.7,3,wide,5,4,4,4,4,4,20,0.799,0.806,3.7789107053028665,3.784532031982602,4.343986760658679,3.7791812410140135,4.10899949252747,12,2.6340774667209508,3.59838801164706,3.46155235628973,3.713777030295162,3.4682423470772146,3.4932832755597643,Method4
69,100,50,0.7,3,wide,5,4,4,4,4,4,20,0.799,0.806,3.8694291449315203,3.789915405022854,4.339435612864194,3.783853669529883,3.925801293822028,13,2.5804483256935677,3.59838801164706,3.46155235628973,3.713777030295162,3.4682423470772146,3.4932832755597643,Method4
69,100,50,0.7,3,wide,5,4,4,4,4,4,20,0.799,0.806,3.890185068232896,3.8209537456330036,3.9272375170634,3.8671356367458865,3.9433118545840067,14,2.3946719610478397,3.59838801164706,3.46155235628973,3.713777030295162,3.4682423470772146,3.4932832755597643,Method4
69,100,50,0.7,3,wide,5,4,4,4,4,4,20,0.799,0.806,3.8941608572227757,3.815269782884286,3.9241700627776153,3.863241680102294,3.988886952184556,15,2.3872336279321855,3.59838801164706,3.46155235628973,3.713777030295162,3.4682423470772146,3.4932832755597643,Method4
69,100,50,0.7,3,wide,5,4,4,4,4,4,20,0.799,0.806,3.9071816180735546,3.824353187415491,3.9194447419275296,3.913163591799678,3.9127760825989437,16,2.2789813945461526,3.59838801164706,3.46155235628973,3.713777030295162,3.4682423470772146,3.4932832755597643,Method4
69,100,50,0.7,3,wide,5,4,4,4,4,4,20,0.799,0.806,3.8678648678370537,3.8281736620311775,3.951038256795584,3.996393173579484,3.856305465738905,17,2.1264023867236226,3.59838801164706,3.46155235628973,3.713777030295162,3.4682423470772146,3.4932832755597643,Method4
69,100,50,0.7,3,wide,5,4,4,4,4,4,20,0.799,0.806,3.987788002765721,3.790638236643187,3.9495688713901593,4.044615515249955,3.8270592487846513,18,1.7997197916721073,3.59838801164706,3.46155235628973,3.713777030295162,3.4682423470772146,3.4932832755597643,Method4
69,100,50,0.7,3,wide,5,4,4,4,4,4,20,0.799,0.806,3.9900278963703744,3.7894530878905446,3.9524218888072076,4.043886672137716,3.825208634000769,19,1.799541437121646,3.59838801164706,3.46155235628973,3.713777030295162,3.4682423470772146,3.4932832755597643,Method4
69,100,50,0.7,3,wide,5,4,4,4,4,4,20,0.799,0.806,4.020208278229109,3.7842203489816533,3.9564638761603854,4.043633842852811,3.8332754195808176,20,1.7902430785569032,3.59838801164706,3.46155235628973,3.713777030295162,3.4682423470772146,3.4932832755597643,Method4
69,100,50,0.7,3,wide,5,4,4,4,4,4,20,0.799,0.806,4.0834229121836065,3.7969464095260217,3.9410750891555932,4.057059127020035,3.8310501945691597,21,1.7511087026471666,3.59838801164706,3.46155235628973,3.713777030295162,3.4682423470772146,3.4932832755597643,Method4
69,100,50,0.7,3,wide,5,4,4,4,4,4,20,0.799,0.806,4.043750617586836,3.81542691407713,3.9508322835215157,4.032837510863145,3.749312116827164,22,1.6816910441304722,3.59838801164706,3.46155235628973,3.713777030295162,3.4682423470772146,3.4932832755597643,Method4
69,100,50,0.7,3,wide,5,4,4,4,4,4,20,0.799,0.806,3.859177853599901,3.826758684647919,3.8563180765965783,3.9878274759595502,3.7763249263817578,23,1.575064971033888,3.59838801164706,3.46155235628973,3.713777030295162,3.4682423470772146,3.4932832755597643,Method4
69,100,50,0.7,3,wide,5,4,4,4,4,4,20,0.799,0.806,3.8044898108666128,3.813921666552722,3.7694258916055476,4.006548841243608,3.745686258965833,24,1.3949594813166206,3.59838801164706,3.46155235628973,3.713777030295162,3.4682423470772146,3.4932832755597643,Method4
69,100,50,0.7,3,wide,5,4,4,4,4,4,20,0.799,0.806,3.738852107903353,3.8286275241280974,3.76843641127019,3.7888317380526497,3.7702966890354612,25,1.3506407040484987,3.59838801164706,3.46155235628973,3.713777030295162,3.4682423470772146,3.4932832755597643,Method4
69,100,50,0.7,3,wide,5,4,4,4,4,4,20,0.799,0.806,3.6964676958863114,3.8342994917676787,3.759980872934727,3.7591200136819456,3.776831023797258,26,1.3415245938461395,3.59838801164706,3.46155235628973,3.713777030295162,3.4682423470772146,3.4932832755597643,Method4
69,100,50,0.7,3,wide,5,4,4,4,4,4,20,0.799,0.806,3.6667800257453296,3.8429689267643057,3.476411866509352,3.7659991198913247,3.8584701304563946,27,1.187815535106498,3.59838801164706,3.46155235628973,3.713777030295162,3.4682423470772146,3.4932832755597643,Method4
69,100,50,0.7,3,wide,5,4,4,4,4,4,20,0.799,0.806,3.6467343348708456,3.3776455133153434,3.4874336096633374,3.785959744815012,3.7587385277770315,28,1.0533381406435758,3.59838801164706,3.46155235628973,3.713777030295162,3.4682423470772146,3.4932832755597643,Method4
69,100,50,0.7,3,wide,5,4,4,4,4,4,20,0.799,0.806,3.6111565534966035,3.3899756023475405,3.3106896544001607,3.70231341277501,3.5799211902204178,29,0.84994225979427,3.59838801164706,3.46155235628973,3.713777030295162,3.4682423470772146,3.4932832755597643,Method4
69,100,50,0.7,3,wide,5,4,4,4,4,4,20,0.799,0.806,3.578059399326654,3.3860830503326054,3.307299154811716,3.7195243782839182,3.557423685991835,30,0.8397478376888128,3.59838801164706,3.46155235628973,3.713777030295162,3.4682423470772146,3.4932832755597643,Method4
69,100,50,0.7,3,wide,5,4,4,4,4,4,20,0.799,0.806,3.639864643826171,3.2982626939254613,3.3652610682091337,3.7096206431978467,3.5482296540053913,31,0.7666316934558749,3.59838801164706,3.46155235628973,3.713777030295162,3.4682423470772146,3.4932832755597643,Method4
69,100,50,0.7,3,wide,5,4,4,4,4,4,20,0.799,0.806,3.5923829902840754,3.320978317685469,3.299367086281539,3.6904279318132183,3.561401011920512,32,0.7092484943441251,3.59838801164706,3.46155235628973,3.713777030295162,3.4682423470772146,3.4932832755597643,Method4
69,100,50,0.7,3,wide,5,4,4,4,4,4,20,0.799,0.806,3.5191160163809414,3.380393143705042,3.272117165029374,3.7118639601931913,3.487633049661732,33,0.6387806599474803,3.59838801164706,3.46155235628973,3.713777030295162,3.4682423470772146,3.4932832755597643,Method4
69,100,50,0.7,3,wide,5,4,4,4,4,4,20,0.799,0.806,3.528613943841735,3.3799339247200284,3.3041703955838506,3.7042294756105143,3.48078800340591,34,0.6333135735111706,3.59838801164706,3.46155235628973,3.713777030295162,3.4682423470772146,3.4932832755597643,Method4
69,100,50,0.7,3,wide,5,4,4,4,4,4,20,0.799,0.806,3.5311609747173076,3.3454144436801876,3.3052382375306264,3.6897642206198134,3.465838409253208,35,0.6245931298315629,3.59838801164706,3.46155235628973,3.713777030295162,3.4682423470772146,3.4932832755597643,Method4
69,100,50,0.7,3,wide,5,4,4,4,4,4,20,0.799,0.806,3.530571856197133,3.2027373368761602,3.316465553307796,3.6615248223668897,3.4667009503973794,36,0.6118793354538594,3.59838801164706,3.46155235628973,3.713777030295162,3.4682423470772146,3.4932832755597643,Method4
69,100,50,0.7,3,wide,5,4,4,4,4,4,20,0.799,0.806,3.4578797480767967,3.070392662452185,3.3181372782271,3.5015757685844533,3.4089593892400556,37,0.5757269885811942,3.59838801164706,3.46155235628973,3.713777030295162,3.4682423470772146,3.4932832755597643,Method4
69,100,50,0.7,3,wide,5,4,4,4,4,4,20,0.799,0.806,3.456730361784253,3.073367558601518,3.3251522423080764,3.502389671105605,3.402597483478271,38,0.5755377963280807,3.59838801164706,3.46155235628973,3.713777030295162,3.4682423470772146,3.4932832755597643,Method4
69,100,50,0.7,3,wide,5,4,4,4,4,4,20,0.799,0.806,3.4145574076251104,3.065925205870009,3.3096393918950713,3.492628311077611,3.4379707174754324,39,0.5685960032529359,3.59838801164706,3.46155235628973,3.713777030295162,3.4682423470772146,3.4932832755597643,Method4
69,100,50,0.7,3,wide,5,4,4,4,4,4,20,0.799,0.806,3.4131568174395044,3.07607055977389,3.3113489206062634,3.4681962564150326,3.429669604638753,40,0.5677147651567627,3.59838801164706,3.46155235628973,3.713777030295162,3.4682423470772146,3.4932832755597643,Method4
69,100,50,0.7,3,wide,5,4,4,4,4,4,20,0.799,0.806,3.382333898058585,3.0228507785216325,3.3209594095026493,3.4156140126728642,3.4335492811015524,41,0.5510094046346806,3.59838801164706,3.46155235628973,3.713777030295162,3.4682423470772146,3.4932832755597643,Method4
69,100,50,0.7,3,wide,5,4,4,4,4,4,20,0.799,0.806,4.035142804613346,4.991100605834762,4.015108957599472,3.697787136375975,4.999461049292313,5,23.031635424932578,3.4955930177962293,3.8656620767892265,3.9273950504601776,3.5944975554731626,3.545033778903315,Method4
69,100,50,0.7,3,wide,5,4,4,4,4,4,20,0.799,0.806,4.035142804613346,4.991100605834762,4.015108957599472,3.697787136375975,4.999461049292313,6,23.031635424932578,3.4955930177962293,3.8656620767892265,3.9273950504601776,3.5944975554731626,3.545033778903315,Method4
69,100,50,0.7,3,wide,5,4,4,4,4,4,20,0.799,0.806,3.9095637902387885,4.006370265393325,4.0053678319499495,4.490318918119026,4.370909256816178,7,7.828489667435677,3.4955930177962293,3.8656620767892265,3.9273950504601776,3.5944975554731626,3.545033778903315,Method4
69,100,50,0.7,3,wide,5,4,4,4,4,4,20,0.799,0.806,3.7722713332160787,4.014330805465568,4.025707432137958,4.4937926332197575,4.35917976023912,8,7.799737437745625,3.4955930177962293,3.8656620767892265,3.9273950504601776,3.5944975554731626,3.545033778903315,Method4
69,100,50,0.7,3,wide,5,4,4,4,4,4,20,0.799,0.806,3.8210942163904096,4.149036618626263,4.373779624836556,4.42924711475386,4.248068224096121,9,5.19047528819961,3.4955930177962293,3.8656620767892265,3.9273950504601776,3.5944975554731626,3.545033778903315,Method4
69,100,50,0.7,3,wide,5,4,4,4,4,4,20,0.799,0.806,3.8280335091831357,4.106687847928925,4.467545086413261,4.586706796582241,4.160802990870205,10,3.861015439383776,3.4955930177962293,3.8656620767892265,3.9273950504601776,3.5944975554731626,3.545033778903315,Method4
69,100,50,0.7,3,wide,5,4,4,4,4,4,20,0.799,0.806,3.7859124799259862,4.198633896728284,4.229867119758833,4.410988032905296,4.177033711704914,11,3.114427652864326,3.4955930177962293,3.8656620767892265,3.9273950504601776,3.5944975554731626,3.545033778903315,Method4
69,100,50,0.7,3,wide,5,4,4,4,4,4,20,0.799,0.806,3.8337728750208777,3.4085536463828547,4.251208412755968,4.337482035589346,4.121904391947346,12,2.6019213901743217,3.4955930177962293,3.8656620767892265,3.9273950504601776,3.5944975554731626,3.545033778903315,Method4
69,100,50,0.7,3,wide,5,4,4,4,4,4,20,0.799,0.806,3.7765718959740573,3.3954763500040652,4.2923957160079365,4.3055679824814135,4.1385315050483165,13,2.2997106113244214,3.4955930177962293,3.8656620767892265,3.9273950504601776,3.5944975554731626,3.545033778903315,Method4
69,100,50,0.7,3,wide,5,4,4,4,4,4,20,0.799,0.806,3.7555429377322724,3.352168284226876,4.3559036768514705,4.281665097368537,3.816627163621262,14,2.2252241750073405,3.4955930177962293,3.8656620767892265,3.9273950504601776,3.5944975554731626,3.545033778903315,Method4
69,100,50,0.7,3,wide,5,4,4,4,4,4,20,0.799,0.806,3.7752818016765852,3.525812062132983,4.368665007174366,4.300776197197587,3.7402007583624606,15,2.1081648428878266,3.4955930177962293,3.8656620767892265,3.9273950504601776,3.5944975554731626,3.545033778903315,Method4
69,100,50,0.7,3,wide,5,4,4,4,4,4,20,0.799,0.806,3.773573000929708,3.50463170373237,4.368908212784975,4.298226887303846,3.742675358638794,16,2.107671844502093,3.4955930177962293,3.8656620767892265,3.9273950504601776,3.5944975554731626,3.545033778903315,Method4
69,100,50,0.7,3,wide,5,4,4,4,4,4,20,0.799,0.806,3.7713410634226183,3.502922717251678,4.344708546508683,4.300002150342329,3.741247518993661,17,2.1070715186173827,3.4955930177962293,3.8656620767892265,3.9273950504601776,3.5944975554731626,3.545033778903315,Method4
69,100,50,0.7,3,wide,5,4,4,4,4,4,20,0.799,0.806,3.7639388110191425,3.369281908695912,4.397645505249428,4.310623453271997,3.8097166899137136,18,2.0437119138813538,3.4955930177962293,3.8656620767892265,3.9273950504601776,3.5944975554731626,3.545033778903315,Method4
69,100,50,0.7,3,wide,5,4,4,4,4,4,20,0.799,0.806,3.79564949587273,3.548185506623445,4.502222111362263,4.308251466661593,3.811808353588532,19,1.6519455058304893,3.4955930177962293,3.8656620767892265,3.9273950504601776,3.5944975554731626,3.545033778903315,Method4
69,100,50,0.7,3,wide,5,4,4,4,4,4,20,0.799,0.806,3.7790747655190184,3.609775584268737,4.471428918517304,4.296750699597547,3.800314428707899,20,1.6301876508238087,3.4955930177962293,3.8656620767892265,3.9273950504601776,3.5944975554731626,3.545033778903315,Method4
69,100,50,0.7,3,wide,5,4,4,4,4,4,20,0.799,0.806,3.7454304093904365,3.5978502949523277,4.347139953921512,4.163197006382342,3.8150302762836157,21,1.415423791143281,3.4955930177962293,3.8656620767892265,3.9273950504601776,3.5944975554731626,3.545033778903315,Method4
69,100,50,0.7,3,wide,5,4,4,4,4,4,20,0.799,0.806,3.7336485190008415,3.610273456611703,4.373375711592385,4.144594557558899,3.7844194958030757,22,1.4020362071523174,3.4955930177962293,3.8656620767892265,3.9273950504601776,3.5944975554731626,3.545033778903315,Method4
69,100,50,0.7,3,wide,5,4,4,4,4,4,20,0.799,0.806,3.7401833892674405,3.6710832128517867,4.309214256667299,3.9706419160432103,3.7784800230277718,23,1.3762535232958926,3.4955930177962293,3.8656620767892265,3.9273950504601776,3.5944975554731626,3.545033778903315,Method4
69,100,50,0.7,3,wide,5,4,4,4,4,4,20,0.799,0.806,3.7391610071506154,3.6801307483659422,4.302629568171894,3.963664011400171,3.7754117955473907,24,1.374540907903314,3.4955930177962293,3.8656620767892265,3.9273950504601776,3.5944975554731626,3.545033778903315,Method4
69,100,50,0.7,3,wide,5,4,4,4,4,4,20,0.799,0.806,3.772745649942347,3.6721553315554885,4.272067668218477,3.9886357570349698,3.7774048619498637,25,1.3493834915695841,3.4955930177962293,3.8656620767892265,3.9273950504601776,3.5944975554731626,3.545033778903315,Method4
69,100,50,0.7,3,wide,5,4,4,4,4,4,20,0.799,0.806,3.7731530462736957,3.685432505324147,4.247437449979247,3.9995985961145597,3.758250760022722,26,1.3463874332152155,3.4955930177962293,3.8656620767892265,3.9273950504601776,3.5944975554731626,3.545033778903315,Method4
69,100,50,0.7,3,wide,5,4,4,4,4,4,20,0.799,0.806,3.760172216166896,3.6830071072169552,4.210264514359972,3.9976908346120283,3.6585534155401307,27,1.319919213641714,3.4955930177962293,3.8656620767892265,3.9273950504601776,3.5944975554731626,3.545033778903315,Method4
69,100,50,0.7,3,wide,5,4,4,4,4,4,20,0.799,0.806,3.759407545820952,3.683582042872987,4.2090527421276445,3.997492115556405,3.657069029657557,28,1.3197669962046705,3.4955930177962293,3.8656620767892265,3.9273950504601776,3.5944975554731626,3.545033778903315,Method4
69,100,50,0.7,3,wide,5,4,4,4,4,4,20,0.799,0.806,3.6678251526777705,3.7717201205755213,4.3072732363951385,4.133259063739614,3.6678228667300927,29,1.1987402613269915,3.4955930177962293,3.8656620767892265,3.9273950504601776,3.5944975554731626,3.545033778903315,Method4
69,100,50,0.7,3,wide,5,4,4,4,4,4,20,0.799,0.806,3.6690761471740077,3.7717993699942363,4.307604763674413,4.137140960916495,3.668538629859181,30,1.1986911892896748,3.4955930177962293,3.8656620767892265,3.9273950504601776,3.5944975554731626,3.545033778903315,Method4
69,100,50,0.7,3,wide,5,4,4,4,4,4,20,0.799,0.806,3.608366234617477,3.785380242860292,4.232715693536495,3.890272574068248,3.647904294273045,31,1.0947221535379565,3.4955930177962293,3.8656620767892265,3.9273950504601776,3.5944975554731626,3.545033778903315,Method4
69,100,50,0.7,3,wide,5,4,4,4,4,4,20,0.799,0.806,3.595789072016905,3.7447171088562965,4.2134059189682,3.8044942134058104,3.648328617432767,32,1.0177666634550535,3.4955930177962293,3.8656620767892265,3.9273950504601776,3.5944975554731626,3.545033778903315,Method4
69,100,50,0.7,3,wide,5,4,4,4,4,4,20,0.799,0.806,3.4068079924372703,3.8611261651596602,4.206815810427414,3.7465207829956078,3.6572359036025994,33,0.9675043923796165,3.4955930177962293,3.8656620767892265,3.9273950504601776,3.5944975554731626,3.545033778903315,Method4
69,100,50,0.7,3,wide,5,4,4,4,4,4,20,0.799,0.806,3.4073444939809594,3.8653764630063145,4.222778865420457,3.7576831907603907,3.6734574518435736,34,0.9662889338393943,3.4955930177962293,3.8656620767892265,3.9273950504601776,3.5944975554731626,3.545033778903315,Method4
69,100,50,0.7,3,wide,5,4,4,4,4,4,20,0.799,0.806,3.4060977280388447,3.890517254239166,4.193130623738346,3.7314826341145406,3.6749206637637646,35,0.9627871928823329,3.4955930177962293,3.8656620767892265,3.9273950504601776,3.5944975554731626,3.545033778903315,Method4
69,100,50,0.7,3,wide,5,4,4,4,4,4,20,0.799,0.806,3.4067008913917864,3.8905871183857283,4.192933839803721,3.731549788405019,3.674911352439088,36,0.9627839349376575,3.4955930177962293,3.8656620767892265,3.9273950504601776,3.5944975554731626,3.545033778903315,Method4
69,100,50,0.7,3,wide,5,4,4,4,4,4,20,0.799,0.806,3.426359448199614,3.8858469094459784,4.17140597529681,3.7234865867718248,3.668456451543296,37,0.9591857798333593,3.4955930177962293,3.8656620767892265,3.9273950504601776,3.5944975554731626,3.545033778903315,Method4
69,100,50,0.7,3,wide,5,4,4,4,4,4,20,0.799,0.806,3.4260869718098874,3.854507027439071,4.178008744873505,3.7332064862335477,3.674683090661258,38,0.949871169364229,3.4955930177962293,3.8656620767892265,3.9273950504601776,3.5944975554731626,3.545033778903315,Method4
69,100,50,0.7,3,wide,5,4,4,4,4,4,20,0.799,0.806,3.4226653221337457,3.8776814079601922,4.178043377266462,3.735244591662377,3.6747980658012556,39,0.9478251523988691,3.4955930177962293,3.8656620767892265,3.9273950504601776,3.5944975554731626,3.545033778903315,Method4
69,100,50,0.7,3,wide,5,4,4,4,4,4,20,0.799,0.806,3.3995206182798645,3.841683661101588,4.160112978932657,3.7118247300885483,3.6834963403387846,40,0.9027700886596947,3.4955930177962293,3.8656620767892265,3.9273950504601776,3.5944975554731626,3.545033778903315,Method4
69,100,50,0.7,3,wide,5,4,4,4,4,4,20,0.799,0.806,3.3899567617824427,3.856515254606951,4.157819388367922,3.718576619852304,3.7114438973995236,41,0.9003321662760817,3.4955930177962293,3.8656620767892265,3.9273950504601776,3.5944975554731626,3.545033778903315,Method4
69,100,50,0.7,3,wide,5,4,4,4,4,4,20,0.799,0.806,5.086683073137371,4.927314686962315,4.486879711479761,4.050207638872864,3.650559307314295,5,21.05885512127503,3.8125298213636465,3.583003790496113,3.653958947109497,3.506482629408573,3.9370089547091536,Method4
69,100,50,0.7,3,wide,5,4,4,4,4,4,20,0.799,0.806,5.086683073137371,4.927314686962315,4.486879711479761,4.050207638872864,3.650559307314295,6,21.05885512127503,3.8125298213636465,3.583003790496113,3.653958947109497,3.506482629408573,3.9370089547091536,Method4
69,100,50,0.7,3,wide,5,4,4,4,4,4,20,0.799,0.806,5.162704894856119,3.6636445715783914,4.5091395273333434,4.034737650889752,3.661973090020627,7,20.01365498263613,3.8125298213636465,3.583003790496113,3.653958947109497,3.506482629408573,3.9370089547091536,Method4
69,100,50,0.7,3,wide,5,4,4,4,4,4,20,0.799,0.806,5.203613351323558,3.7357611444055876,3.666882579501352,4.121179582613158,3.7901632061059405,8,19.02331681115354,3.8125298213636465,3.583003790496113,3.653958947109497,3.506482629408573,3.9370089547091536,Method4
69,100,50,0.7,3,wide,5,4,4,4,4,4,20,0.799,0.806,5.244456429743379,3.6262589843232655,3.8257439210884456,4.4575881870074845,4.639012381381883,9,7.749006074304978,3.8125298213636465,3.583003790496113,3.653958947109497,3.506482629408573,3.9370089547091536,Method4
69,100,50,0.7,3,wide,5,4,4,4,4,4,20,0.799,0.806,5.198494206720771,3.6292810895244916,3.8278285344564464,4.45805648202107,4.633456643650745,10,7.745656536914545,3.8125298213636465,3.583003790496113,3.653958947109497,3.506482629408573,3.9370089547091536,Method4
69,100,50,0.7,3,wide,5,4,4,4,4,4,20,0.799,0.806,5.1932242332413585,3.6698143183470986,3.897587829509094,4.02543002277681,4.592102621758746,11,7.587192659658123,3.8125298213636465,3.583003790496113,3.653958947109497,3.506482629408573,3.9370089547091536,Method4
69,100,50,0.7,3,wide,5,4,4,4,4,4,20,0.799,0.806,4.9982525700852705,3.6724537956551147,3.8545365562083553,4.01480436435699,4.642889776044178,12,7.501455166789196,3.8125298213636465,3.583003790496113,3.653958947109497,3.506482629408573,3.9370089547091536,Method4
69,100,50,0.7,3,wide,5,4,4,4,4,4,20,0.799,0.806,4.860456801358513,3.9936540051537954,3.829165460526268,3.711858296838626,4.618115694001321,13,4.845719056398911,3.8125298213636465,3.583003790496113,3.653958947109497,3.506482629408573,3.9370089547091536,Method4
69,100,50,0.7,3,wide,5,4,4,4,4,4,20,0.799,0.806,4.879215376785153,4.032623290254072,3.8573076800644106,3.9577887733593777,4.531730281252429,14,4.256225447442877,3.8125298213636465,3.583003790496113,3.653958947109497,3.506482629408573,3.9370089547091536,Method4
69,100,50,0.7,3,wide,5,4,4,4,4,4,20,0.799,0.806,4.7785516234095065,3.7418398761784317,3.793905273749864,4.1078855530162866,4.546628782517931,15,3.112307964544351,3.8125298213636465,3.583003790496113,3.653958947109497,3.506482629408573,3.9370089547091536,Method4
69,100,50,0.7,3,wide,5,4,4,4,4,4,20,0.799,0.806,4.849643976016142,3.726842713786497,3.8185993878159494,4.007239044096242,4.516815522862637,16,2.7164275426519264,3.8125298213636465,3.583003790496113,3.653958947109497,3.506482629408573,3.9370089547091536,Method4
69,100,50,0.7,3,wide,5,4,4,4,4,4,20,0.799,0.806,4.679628692935349,3.881102834428354,3.8001309380135537,4.083784693706408,4.511576412464993,17,2.5518969744182165,3.8125298213636465,3.583003790496113,3.653958947109497,3.506482629408573,3.9370089547091536,Method4
69,100,50,0.7,3,wide,5,4,4,4,4,4,20,0.799,0.806,4.550844409068779,3.8571760966453863,3.8363230533990142,4.202545086619925,4.5542175316865565,18,2.1657870608889693,3.8125298213636465,3.583003790496113,3.653958947109497,3.506482629408573,3.9370089547091536,Method4
69,100,50,0.7,3,wide,5,4,4,4,4,4,20,0.799,0.806,4.394522471515837,3.88818457956904,3.883984727875692,4.26537088405996,4.581781000370121,19,2.0926444674338005,3.8125298213636465,3.583003790496113,3.653958947109497,3.506482629408573,3.9370089547091536,Method4
69,100,50,0.7,3,wide,5,4,4,4,4,4,20,0.799,0.806,4.390616231117847,3.9319077630655865,3.8839828773029854,4.2745511581183715,4.584325770408774,20,2.0653099653664455,3.8125298213636465,3.583003790496113,3.653958947109497,3.506482629408573,3.9370089547091536,Method4
69,100,50,0.7,3,wide,5,4,4,4,4,4,20,0.799,0.806,4.319527252332244,4.127085214125218,3.901753760449086,4.331903340117675,4.644879254819438,21,1.7579056772061648,3.8125298213636465,3.583003790496113,3.653958947109497,3.506482629408573,3.9370089547091536,Method4
69,100,50,0.7,3,wide,5,4,4,4,4,4,20,0.799,0.806,4.323042432609098,4.172833458551418,3.887703515803504,4.341968328688685,4.629422523608713,22,1.6867748916989511,3.8125298213636465,3.583003790496113,3.653958947109497,3.506482629408573,3.9370089547091536,Method4
69,100,50,0.7,3,wide,5,4,4,4,4,4,20,0.799,0.806,4.120945367176988,4.275947210254879,3.8206002701390966,4.228358237796795,4.149163181643544,23,1.4604820531734322,3.8125298213636465,3.583003790496113,3.653958947109497,3.506482629408573,3.9370089547091536,Method4
69,100,50,0.7,3,wide,5,4,4,4,4,4,20,0.799,0.806,4.126581673615822,4.269110663687278,3.8137233446842034,4.125149634121289,4.144186618060399,24,1.4476216933334851,3.8125298213636465,3.583003790496113,3.653958947109497,3.506482629408573,3.9370089547091536,Method4
69,100,50,0.7,3,wide,5,4,4,4,4,4,20,0.799,0.806,4.100286909204934,4.277873878320914,3.8176450042892753,4.102979418790788,4.208680648478857,25,1.4324821728861092,3.8125298213636465,3.583003790496113,3.653958947109497,3.506482629408573,3.9370089547091536,Method4
69,100,50,0.7,3,wide,5,4,4,4,4,4,20,0.799,0.806,4.111067047791176,4.341226660042197,3.7932539049716696,3.9510278203784446,4.05969529932498,26,1.2934715262287284,3.8125298213636465,3.583003790496113,3.653958947109497,3.506482629408573,3.9370089547091536,Method4
69,100,50,0.7,3,wide,5,4,4,4,4,4,20,0.799,0.806,4.242720399622532,4.175299878597919,3.78347513508614,3.876158833634437,4.3145783391603985,27,1.120995262714235,3.8125298213636465,3.583003790496113,3.653958947109497,3.506482629408573,3.9370089547091536,Method4
69,100,50,0.7,3,wide,5,4,4,4,4,4,20,0.799,0.806,4.222587273485724,4.185342793552444,3.783169880045948,3.8705768397645097,4.3063638917090685,28,1.1178381913307418,3.8125298213636465,3.583003790496113,3.653958947109497,3.506482629408573,3.9370089547091536,Method4
69,100,50,0.7,3,wide,5,4,4,4,4,4,20,0.799,0.806,4.226249198122396,4.1252070219336305,3.781914560601799,3.866575627404477,4.317758272550616,29,1.114268051884216,3.8125298213636465,3.583003790496113,3.653958947109497,3.506482629408573,3.9370089547091536,Method4
69,100,50,0.7,3,wide,5,4,4,4,4,4,20,0.799,0.806,4.114259032581266,4.247010933079311,3.8781555884668353,3.7364929639707234,4.06254826706837,30,1.0664373681380792,3.8125298213636465,3.583003790496113,3.653958947109497,3.506482629408573,3.9370089547091536,Method4
69,100,50,0.7,3,wide,5,4,4,4,4,4,20,0.799,0.806,4.005463921061,4.2246600564356385,3.8496731285403505,3.772346559107519,4.204154092725776,31,1.0280914062499067,3.8125298213636465,3.583003790496113,3.653958947109497,3.506482629408573,3.9370089547091536,Method4
69,100,50,0.7,3,wide,5,4,4,4,4,4,20,0.799,0.806,4.021033218998039,3.9016342930314307,3.9327900334176746,3.824149048425047,4.138580014956639,32,0.9085637805938904,3.8125298213636465,3.583003790496113,3.653958947109497,3.506482629408573,3.9370089547091536,Method4
69,100,50,0.7,3,wide,5,4,4,4,4,4,20,0.799,0.806,4.021846495533237,3.879677261018843,3.9260189151280476,3.8277610256380763,4.137112162421548,33,0.9070685954475908,3.8125298213636465,3.583003790496113,3.653958947109497,3.506482629408573,3.9370089547091536,Method4
69,100,50,0.7,3,wide,5,4,4,4,4,4,20,0.799,0.806,4.06700208905293,3.804344408147769,3.9848234194894627,3.7091070015673,4.14481223984671,34,0.8499337581941796,3.8125298213636465,3.583003790496113,3.653958947109497,3.506482629408573,3.9370089547091536,Method4
69,100,50,0.7,3,wide,5,4,4,4,4,4,20,0.799,0.806,3.9228217538119656,3.67352450798228,3.981113898265056,3.566970011383862,4.180598989375998,35,0.6289874383097498,3.8125298213636465,3.583003790496113,3.653958947109497,3.506482629408573,3.9370089547091536,Method4
69,100,50,0.7,3,wide,5,4,4,4,4,4,20,0.799,0.806,3.9229353074861595,3.6736086576336953,3.9806433852325873,3.5670551889770374,4.180173746096283,36,0.6289864091586941,3.8125298213636465,3.583003790496113,3.653958947109497,3.506482629408573,3.9370089547091536,Method4
69,100,50,0.7,3,wide,5,4,4,4,4,4,20,0.799,0.806,3.8716054621156575,3.686548161294784,3.9551326464599446,3.533568285279172,4.207701469602377,37,0.6146155856849488,3.8125298213636465,3.583003790496113,3.653958947109497,3.506482629408573,3.9370089547091536,Method4
69,100,50,0.7,3,wide,5,4,4,4,4,4,20,0.799,0.806,3.882404275323177,3.7023624844411955,3.9481176331879957,3.547761207931671,4.218292426261261,38,0.6124357160722294,3.8125298213636465,3.583003790496113,3.653958947109497,3.506482629408573,3.9370089547091536,Method4
69,100,50,0.7,3,wide,5,4,4,4,4,4,20,0.799,0.806,3.902793525607937,3.698476799247671,3.9512848996939876,3.580512339901212,4.229334715305242,39,0.6106258969191343,3.8125298213636465,3.583003790496113,3.653958947109497,3.506482629408573,3.9370089547091536,Method4
69,100,50,0.7,3,wide,5,4,4,4,4,4,20,0.799,0.806,3.9445197794643683,3.582529617701783,3.8377785788486776,3.56684231696784,4.310259855462175,40,0.5593976742588488,3.8125298213636465,3.583003790496113,3.653958947109497,3.506482629408573,3.9370089547091536,Method4
69,100,50,0.7,3,wide,5,4,4,4,4,4,20,0.799,0.806,3.965754514302422,3.6131169642486216,3.8300140783152004,3.5888824076494856,4.304288985250925,41,0.5557532120960404,3.8125298213636465,3.583003790496113,3.653958947109497,3.506482629408573,3.9370089547091536,Method4
69,100,50,0.7,3,wide,5,4,4,4,4,4,20,0.799,0.806,4.825081981821285,4.177926811132483,5.579542537007621,3.933103602417772,4.963110767385298,5,22.08117392564996,3.5869083447807193,3.77668308257282,3.93459796294911,3.7345143304236226,3.9473941277093996,Method4
69,100,50,0.7,3,wide,5,4,4,4,4,4,20,0.799,0.806,4.825081981821285,4.177926811132483,5.579542537007621,3.933103602417772,4.963110767385298,6,22.08117392564996,3.5869083447807193,3.77668308257282,3.93459796294911,3.7345143304236226,3.9473941277093996,Method4
69,100,50,0.7,3,wide,5,4,4,4,4,4,20,0.799,0.806,4.799383466144543,4.168400288435104,5.580667849421864,3.5745553991370946,4.999229229780505,7,21.9723836437699,3.5869083447807193,3.77668308257282,3.93459796294911,3.7345143304236226,3.9473941277093996,Method4
69,100,50,0.7,3,wide,5,4,4,4,4,4,20,0.799,0.806,4.863967771340506,4.2019418209106405,5.596134463511526,3.40518508630135,5.052372106401468,8,21.858609632598537,3.5869083447807193,3.77668308257282,3.93459796294911,3.7345143304236226,3.9473941277093996,Method4
69,100,50,0.7,3,wide,5,4,4,4,4,4,20,0.799,0.806,4.891909360824643,4.227462754725712,5.1068460952352455,3.426836668075272,4.993909719188628,9,21.605302634590213,3.5869083447807193,3.77668308257282,3.93459796294911,3.7345143304236226,3.9473941277093996,Method4
69,100,50,0.7,3,wide,5,4,4,4,4,4,20,0.799,0.806,4.857354420124162,4.178716523369459,5.17092031144917,3.4752766054615103,4.6411343195686205,10,21.454134249046945,3.5869083447807193,3.77668308257282,3.93459796294911,3.7345143304236226,3.9473941277093996,Method4
69,100,50,0.7,3,wide,5,4,4,4,4,4,20,0.799,0.806,4.484326037422692,4.055624895505525,4.073064082786406,3.957805320020938,4.243442726850518,11,7.330035874794125,3.5869083447807193,3.77668308257282,3.93459796294911,3.7345143304236226,3.9473941277093996,Method4
69,100,50,0.7,3,wide,5,4,4,4,4,4,20,0.799,0.806,4.410763390871799,3.3051809657976396,3.9197812179797995,4.147362308403018,4.152243929801846,12,6.614076074630827,3.5869083447807193,3.77668308257282,3.93459796294911,3.7345143304236226,3.9473941277093996,Method4
69,100,50,0.7,3,wide,5,4,4,4,4,4,20,0.799,0.806,4.359708473884407,3.3308648910364327,4.257568434618738,3.781439763404766,4.583521767061906,13,5.225567399310806,3.5869083447807193,3.77668308257282,3.93459796294911,3.7345143304236226,3.9473941277093996,Method4
69,100,50,0.7,3,wide,5,4,4,4,4,4,20,0.799,0.806,4.390719461765318,3.4104737506933462,4.208052926174842,3.8660985036069464,4.379151807690347,14,5.081233324020465,3.5869083447807193,3.77668308257282,3.93459796294911,3.7345143304236226,3.9473941277093996,Method4
69,100,50,0.7,3,wide,5,4,4,4,4,4,20,0.799,0.806,4.348973153175978,3.5650322451200087,4.509115360304171,3.7684592716782936,4.383316254331058,15,3.7084347962115722,3.5869083447807193,3.77668308257282,3.93459796294911,3.7345143304236226,3.9473941277093996,Method4
69,100,50,0.7,3,wide,5,4,4,4,4,4,20,0.799,0.806,4.429952849587893,3.7869654760067704,4.4602717876930535,3.7886418964872886,4.392568627806322,16,3.3432692506574195,3.5869083447807193,3.77668308257282,3.93459796294911,3.7345143304236226,3.9473941277093996,Method4
69,100,50,0.7,3,wide,5,4,4,4,4,4,20,0.799,0.806,4.310655470424078,3.835957664618992,4.4873873132584,3.7952139912528278,4.3627648241935475,17,3.129661673495546,3.5869083447807193,3.77668308257282,3.93459796294911,3.7345143304236226,3.9473941277093996,Method4
69,100,50,0.7,3,wide,5,4,4,4,4,4,20,0.799,0.806,4.2931239947055175,3.853226024230361,4.264468956169352,3.8834424996597656,4.2962632898635436,18,3.046726466158936,3.5869083447807193,3.77668308257282,3.93459796294911,3.7345143304236226,3.9473941277093996,Method4
69,100,50,0.7,3,wide,5,4,4,4,4,4,20,0.799,0.806,4.376852131272669,3.8975356172980002,4.319259119467928,3.9242110758617885,4.317821881000859,19,2.870519897492308,3.5869083447807193,3.77668308257282,3.93459796294911,3.7345143304236226,3.9473941277093996,Method4
69,100,50,0.7,3,wide,5,4,4,4,4,4,20,0.799,0.806,4.3930103420280995,3.884016900579121,4.303558434155114,3.8815065267499245,4.114943767472255,20,2.7236909358362302,3.5869083447807193,3.77668308257282,3.93459796294911,3.7345143304236226,3.9473941277093996,Method4
69,100,50,0.7,3,wide,5,4,4,4,4,4,20,0.799,0.806,4.414030358638591,3.9016279357464403,4.285489676865993,3.8837810399578943,4.080945845735285,21,2.567928195265935,3.5869083447807193,3.77668308257282,3.93459796294911,3.7345143304236226,3.9473941277093996,Method4
69,100,50,0.7,3,wide,5,4,4,4,4,4,20,0.799,0.806,4.442745061325691,3.911786639364509,4.280482050104489,3.9381098727465096,4.05962535577185,22,2.4591766293338595,3.5869083447807193,3.77668308257282,3.93459796294911,3.7345143304236226,3.9473941277093996,Method4
69,100,50,0.7,3,wide,5,4,4,4,4,4,20,0.799,0.806,4.448971387820086,3.6106669254349635,4.430166094609994,3.96866916889631,3.9700433395594614,23,2.253054746766644,3.5869083447807193,3.77668308257282,3.93459796294911,3.7345143304236226,3.9473941277093996,Method4
69,100,50,0.7,3,wide,5,4,4,4,4,4,20,0.799,0.806,3.7245459198567317,3.5356424485080225,4.189704078127976,4.059378222183531,4.001889819127993,24,1.94164507146965,3.5869083447807193,3.77668308257282,3.93459796294911,3.7345143304236226,3.9473941277093996,Method4
69,100,50,0.7,3,wide,5,4,4,4,4,4,20,0.799,0.806,3.335594111830058,3.540681262522582,4.181915492241816,3.964108214338634,3.874386675937586,25,1.753275794972149,3.5869083447807193,3.77668308257282,3.93459796294911,3.7345143304236226,3.9473941277093996,Method4
69,100,50,0.7,3,wide,5,4,4,4,4,4,20,0.799,0.806,3.4029386425167547,3.5091609193729307,4.214915453146982,3.846640582631414,3.915927784044618,26,1.401226783916168,3.5869083447807193,3.77668308257282,3.93459796294911,3.7345143304236226,3.9473941277093996,Method4
69,100,50,0.7,3,wide,5,4,4,4,4,4,20,0.799,0.806,3.5038336877468192,3.5440338464512235,4.245127223576164,3.738341035231694,3.910345728527446,27,1.3723113728364522,3.5869083447807193,3.77668308257282,3.93459796294911,3.7345143304236226,3.9473941277093996,Method4
69,100,50,0.7,3,wide,5,4,4,4,4,4,20,0.799,0.806,3.5018342754680596,3.51865973682074,4.139928715813248,3.7494457350548056,3.897229793815048,28,1.3580150210648145,3.5869083447807193,3.77668308257282,3.93459796294911,3.7345143304236226,3.9473941277093996,Method4
69,100,50,0.7,3,wide,5,4,4,4,4,4,20,0.799,0.806,3.5133838964506547,3.526125793694358,4.114436091777824,3.761422438354702,3.91014576972169,29,1.3423204058891665,3.5869083447807193,3.77668308257282,3.93459796294911,3.7345143304236226,3.9473941277093996,Method4
69,100,50,0.7,3,wide,5,4,4,4,4,4,20,0.799,0.806,3.42904317042588,3.5595769306698126,4.101745339400083,3.771192904542294,3.8464135821573406,30,1.2292984168718306,3.5869083447807193,3.77668308257282,3.93459796294911,3.7345143304236226,3.9473941277093996,Method4
69,100,50,0.7,3,wide,5,4,4,4,4,4,20,0.799,0.806,3.4429055276745624,3.5877150506325797,4.034018077951678,3.8314216298228816,3.797989585517098,31,1.1766814350340313,3.5869083447807193,3.77668308257282,3.93459796294911,3.7345143304236226,3.9473941277093996,Method4
69,100,50,0.7,3,wide,5,4,4,4,4,4,20,0.799,0.806,3.428936224159082,3.577115362425184,3.979759292730591,3.79894051096759,3.806926747556839,32,1.1725696171734612,3.5869083447807193,3.77668308257282,3.93459796294911,3.7345143304236226,3.9473941277093996,Method4
69,100,50,0.7,3,wide,5,4,4,4,4,4,20,0.799,0.806,3.37962775179604,3.605266217508291,3.9272767922110834,3.7954812936903193,3.823741084007613,33,1.1231199380087966,3.5869083447807193,3.77668308257282,3.93459796294911,3.7345143304236226,3.9473941277093996,Method4
69,100,50,0.7,3,wide,5,4,4,4,4,4,20,0.799,0.806,3.322061467661206,3.5776675824120026,4.21810297128056,3.858488328022629,3.7822879115617174,34,1.0234305952358167,3.5869083447807193,3.77668308257282,3.93459796294911,3.7345143304236226,3.9473941277093996,Method4
69,100,50,0.7,3,wide,5,4,4,4,4,4,20,0.799,0.806,3.3339129430874124,3.5839321168491134,4.188339456654159,3.866288857725516,3.7821177534157764,35,1.019860528017148,3.5869083447807193,3.77668308257282,3.93459796294911,3.7345143304236226,3.9473941277093996,Method4
69,100,50,0.7,3,wide,5,4,4,4,4,4,20,0.799,0.806,3.314907170883903,3.587725708305498,4.1826645489518945,3.871791976589364,3.790296389194256,36,1.01428816897875,3.5869083447807193,3.77668308257282,3.93459796294911,3.7345143304236226,3.9473941277093996,Method4
69,100,50,0.7,3,wide,5,4,4,4,4,4,20,0.799,0.806,3.2973881964479643,3.5627481231342992,4.174780557836934,3.8870485820093568,3.7337850161411175,37,1.0050501496320752,3.5869083447807193,3.77668308257282,3.93459796294911,3.7345143304236226,3.9473941277093996,Method4
69,100,50,0.7,3,wide,5,4,4,4,4,4,20,0.799,0.806,3.350332480817667,3.5400184908886363,4.169944109128679,3.8890835618392767,3.685393547254648,38,0.9851597275283722,3.5869083447807193,3.77668308257282,3.93459796294911,3.7345143304236226,3.9473941277093996,Method4
69,100,50,0.7,3,wide,5,4,4,4,4,4,20,0.799,0.806,3.3764416655865572,3.5510045354721935,4.205782844921434,3.901895008596106,3.7034481808562947,39,0.9717153418862414,3.5869083447807193,3.77668308257282,3.93459796294911,3.7345143304236226,3.9473941277093996,Method4
69,100,50,0.7,3,wide,5,4,4,4,4,4,20,0.799,0.806,3.3809374105480443,3.5547590284976556,4.208174885816326,3.908897920349835,3.735929413406794,40,0.9688530089636885,3.5869083447807193,3.77668308257282,3.93459796294911,3.7345143304236226,3.9473941277093996,Method4
69,100,50,0.7,3,wide,5,4,4,4,4,4,20,0.799,0.806,3.518868397349836,3.5974616522030045,4.270840383985655,3.878314291930854,3.711569228969015,41,0.9604733261416377,3.5869083447807193,3.77668308257282,3.93459796294911,3.7345143304236226,3.9473941277093996,Method4
69,100,50,0.7,3,wide,5,4,4,4,4,4,20,0.799,0.806,4.845305643559764,3.445369209165061,5.172942494182206,5.346773424011615,4.450422290321878,5,18.858529149952847,3.759023918801809,3.557739605393394,3.9391817523402883,3.783149886737941,3.642802422926354,Method4
69,100,50,0.7,3,wide,5,4,4,4,4,4,20,0.799,0.806,4.845305643559764,3.445369209165061,5.172942494182206,5.346773424011615,4.450422290321878,6,18.858529149952847,3.759023918801809,3.557739605393394,3.9391817523402883,3.783149886737941,3.642802422926354,Method4
69,100,50,0.7,3,wide,5,4,4,4,4,4,20,0.799,0.806,4.809544273958451,3.2286581176371016,5.2420331057588685,5.28535335323329,4.382481975015725,7,8.384571191229302,3.759023918801809,3.557739605393394,3.9391817523402883,3.783149886737941,3.642802422926354,Method4
69,100,50,0.7,3,wide,5,4,4,4,4,4,20,0.799,0.806,4.836832929872075,3.4750013146151937,5.116348073874354,5.239900944723819,4.239582279135076,8,4.816969346983652,3.759023918801809,3.557739605393394,3.9391817523402883,3.783149886737941,3.642802422926354,Method4
69,100,50,0.7,3,wide,5,4,4,4,4,4,20,0.799,0.806,4.929026849868276,3.616938599064547,4.998607469465644,5.216860524984995,4.279297404783228,9,4.376997538746323,3.759023918801809,3.557739605393394,3.9391817523402883,3.783149886737941,3.642802422926354,Method4
69,100,50,0.7,3,wide,5,4,4,4,4,4,20,0.799,0.806,4.821475617695085,3.6625956485200564,5.023394720561499,5.128066441699257,4.3630836530801815,10,3.478372348013119,3.759023918801809,3.557739605393394,3.9391817523402883,3.783149886737941,3.642802422926354,Method4
69,100,50,0.7,3,wide,5,4,4,4,4,4,20,0.799,0.806,4.808675218755431,3.6647268712957612,4.991806869678418,5.173057856899004,4.378432898450597,11,3.2966018878527934,3.759023918801809,3.557739605393394,3.9391817523402883,3.783149886737941,3.642802422926354,Method4
69,100,50,0.7,3,wide,5,4,4,4,4,4,20,0.799,0.806,4.83571776424442,3.5982209008487214,4.935553285038561,5.223927994107784,4.394041096254207,12,3.1849587617412265,3.759023918801809,3.557739605393394,3.9391817523402883,3.783149886737941,3.642802422926354,Method4
69,100,50,0.7,3,wide,5,4,4,4,4,4,20,0.799,0.806,4.8330604350377815,3.605662427475484,4.919108104047146,5.114360079721026,4.431650507792862,13,2.8975923781339374,3.759023918801809,3.557739605393394,3.9391817523402883,3.783149886737941,3.642802422926354,Method4
69,100,50,0.7,3,wide,5,4,4,4,4,4,20,0.799,0.806,4.813905905757897,3.1825085692923096,4.88191461539965,5.097367472797464,4.482418318663275,14,2.7433838157026167,3.759023918801809,3.557739605393394,3.9391817523402883,3.783149886737941,3.642802422926354,Method4
69,100,50,0.7,3,wide,5,4,4,4,4,4,20,0.799,0.806,4.813974614081911,3.2002539501913985,4.220225182229617,5.038196537450267,4.421458713045285,15,2.4678158377328816,3.759023918801809,3.557739605393394,3.9391817523402883,3.783149886737941,3.642802422926354,Method4
69,100,50,0.7,3,wide,5,4,4,4,4,4,20,0.799,0.806,4.8671839248813935,3.283090606539617,4.153954190212854,4.720754113383822,4.398466127442333,16,2.396976397842532,3.759023918801809,3.557739605393394,3.9391817523402883,3.783149886737941,3.642802422926354,Method4
69,100,50,0.7,3,wide,5,4,4,4,4,4,20,0.799,0.806,4.864056447460696,3.2966501561886474,4.269485382283512,4.663961085644763,4.376465923541915,17,2.2682655905016396,3.759023918801809,3.557739605393394,3.9391817523402883,3.783149886737941,3.642802422926354,Method4
69,100,50,0.7,3,wide,5,4,4,4,4,4,20,0.799,0.806,4.918315371118488,3.2778075801643842,4.340142472114659,4.163370359635491,4.326714701428998,18,1.9788148691390253,3.759023918801809,3.557739605393394,3.9391817523402883,3.783149886737941,3.642802422926354,Method4
69,100,50,0.7,3,wide,5,4,4,4,4,4,20,0.799,0.806,4.853557754134663,3.2950272478309857,4.414956579263692,4.146028143750553,4.363506379131185,19,1.861655551886319,3.759023918801809,3.557739605393394,3.9391817523402883,3.783149886737941,3.642802422926354,Method4
69,100,50,0.7,3,wide,5,4,4,4,4,4,20,0.799,0.806,4.858452779897292,3.2881441259761526,4.445238226074741,4.0391899429471065,4.359733331778289,20,1.7709115190461777,3.759023918801809,3.557739605393394,3.9391817523402883,3.783149886737941,3.642802422926354,Method4
69,100,50,0.7,3,wide,5,4,4,4,4,4,20,0.799,0.806,4.849610573323532,3.286452912817771,4.44222734465404,4.0188872684676555,4.356022072037833,21,1.76978016093555,3.759023918801809,3.557739605393394,3.9391817523402883,3.783149886737941,3.642802422926354,Method4
69,100,50,0.7,3,wide,5,4,4,4,4,4,20,0.799,0.806,4.170061842756281,3.4101810150868683,4.506327527959919,3.819552324355009,4.3275873985778945,22,1.5185159662012313,3.759023918801809,3.557739605393394,3.9391817523402883,3.783149886737941,3.642802422926354,Method4
69,100,50,0.7,3,wide,5,4,4,4,4,4,20,0.799,0.806,4.1827523156798705,3.416811323038329,4.501276684879934,3.8370810041479775,4.257754375051373,23,1.5149061585181247,3.759023918801809,3.557739605393394,3.9391817523402883,3.783149886737941,3.642802422926354,Method4
69,100,50,0.7,3,wide,5,4,4,4,4,4,20,0.799,0.806,4.183236483493555,3.398558401766008,4.41871129981484,3.75090641811536,4.235772944639295,24,1.487635709486291,3.759023918801809,3.557739605393394,3.9391817523402883,3.783149886737941,3.642802422926354,Method4
69,100,50,0.7,3,wide,5,4,4,4,4,4,20,0.799,0.806,3.9907638214839247,3.392923591341266,4.408188664659806,3.739729837217296,4.25586020662036,25,1.4370372156268953,3.759023918801809,3.557739605393394,3.9391817523402883,3.783149886737941,3.642802422926354,Method4
69,100,50,0.7,3,wide,5,4,4,4,4,4,20,0.799,0.806,3.99180869574043,3.3949185554692396,4.424509924707034,3.6903707999511206,4.2377870092342285,26,1.414514334199324,3.759023918801809,3.557739605393394,3.9391817523402883,3.783149886737941,3.642802422926354,Method4
69,100,50,0.7,3,wide,5,4,4,4,4,4,20,0.799,0.806,3.9916180944103936,3.3953876648029713,4.432974713022081,3.6913517363794015,4.239945962819189,27,1.4136866695833676,3.759023918801809,3.557739605393394,3.9391817523402883,3.783149886737941,3.642802422926354,Method4
69,100,50,0.7,3,wide,5,4,4,4,4,4,20,0.799,0.806,4.0012957273698975,3.386643867552874,4.424716055722566,3.710097500139779,4.205781022124934,28,1.4120057931704808,3.759023918801809,3.557739605393394,3.9391817523402883,3.783149886737941,3.642802422926354,Method4
69,100,50,0.7,3,wide,5,4,4,4,4,4,20,0.799,0.806,4.062689273638861,3.2228001081740865,4.38202333540691,3.730121464096235,4.211239881115368,29,1.3061794828566256,3.759023918801809,3.557739605393394,3.9391817523402883,3.783149886737941,3.642802422926354,Method4
69,100,50,0.7,3,wide,5,4,4,4,4,4,20,0.799,0.806,4.044794192517082,2.9916571161848573,4.498574019475247,3.9819745360917773,4.188915836344037,30,1.1130354405776237,3.759023918801809,3.557739605393394,3.9391817523402883,3.783149886737941,3.642802422926354,Method4
69,100,50,0.7,3,wide,5,4,4,4,4,4,20,0.799,0.806,4.072890566439499,2.9200087245694264,4.499766932300053,3.9809296963097207,4.218036847851938,31,1.0934717479742455,3.759023918801809,3.557739605393394,3.9391817523402883,3.783149886737941,3.642802422926354,Method4
69,100,50,0.7,3,wide,5,4,4,4,4,4,20,0.799,0.806,4.17373237586675,2.964154212584218,4.457545666260295,4.108143446029862,4.13866030916846,32,0.9873498387140203,3.759023918801809,3.557739605393394,3.9391817523402883,3.783149886737941,3.642802422926354,Method4
69,100,50,0.7,3,wide,5,4,4,4,4,4,20,0.799,0.806,4.115986627709228,3.028718282007223,4.274024555553097,4.0899684637781375,4.085404122447222,33,0.9272436899872498,3.759023918801809,3.557739605393394,3.9391817523402883,3.783149886737941,3.642802422926354,Method4
69,100,50,0.7,3,wide,5,4,4,4,4,4,20,0.799,0.806,4.192232322690434,2.9247320358952984,4.132786215442273,3.977164353084833,4.1902479232025485,34,0.8195468551974305,3.759023918801809,3.557739605393394,3.9391817523402883,3.783149886737941,3.642802422926354,Method4
69,100,50,0.7,3,wide,5,4,4,4,4,4,20,0.799,0.806,4.238622771935717,2.94337747816548,4.149426623833194,4.014553677110102,4.100941005664959,35,0.7847191960272615,3.759023918801809,3.557739605393394,3.9391817523402883,3.783149886737941,3.642802422926354,Method4
69,100,50,0.7,3,wide,5,4,4,4,4,4,20,0.799,0.806,4.187012420842154,2.9841752741702923,4.0610014145432,4.089521476091232,4.0965302239877746,36,0.758745673959472,3.759023918801809,3.557739605393394,3.9391817523402883,3.783149886737941,3.642802422926354,Method4
69,100,50,0.7,3,wide,5,4,4,4,4,4,20,0.799,0.806,4.129700032443237,2.9941980281020166,4.061602604010852,4.118940975750791,4.09144804422956,37,0.7477759600782962,3.759023918801809,3.557739605393394,3.9391817523402883,3.783149886737941,3.642802422926354,Method4
69,100,50,0.7,3,wide,5,4,4,4,4,4,20,0.799,0.806,4.106868126887549,2.9599626484152295,4.032862701817636,4.064664270564752,4.129400137601416,38,0.7333733701964833,3.759023918801809,3.557739605393394,3.9391817523402883,3.783149886737941,3.642802422926354,Method4
69,100,50,0.7,3,wide,5,4,4,4,4,4,20,0.799,0.806,4.106301627173178,2.9469630294323235,4.039443764912674,4.096628345831599,4.136681468881464,39,0.7325383595214737,3.759023918801809,3.557739605393394,3.9391817523402883,3.783149886737941,3.642802422926354,Method4
69,100,50,0.7,3,wide,5,4,4,4,4,4,20,0.799,0.806,4.0807891559864755,2.872450349694107,4.057641442129682,4.104664466053107,4.181599199264505,40,0.722091003185271,3.759023918801809,3.557739605393394,3.9391817523402883,3.783149886737941,3.642802422926354,Method4
69,100,50,0.7,3,wide,5,4,4,4,4,4,20,0.799,0.806,4.1241511791649295,2.9248987436378697,4.142050549482894,4.050590886680737,4.2823217204499295,41,0.695765829589645,3.759023918801809,3.557739605393394,3.9391817523402883,3.783149886737941,3.642802422926354,Method4
69,100,50,0.7,3,wide,5,4,4,4,4,4,20,0.799,0.806,4.851684533488569,4.167484523559052,4.778732022949154,4.577143780599727,4.956560947935871,5,18.540671420798336,3.7990740873112574,3.5820050164420643,3.683863019664011,3.574745035133471,3.8882755731224714,Method4
69,100,50,0.7,3,wide,5,4,4,4,4,4,20,0.799,0.806,4.851684533488569,4.167484523559052,4.778732022949154,4.577143780599727,4.956560947935871,6,18.540671420798336,3.7990740873112574,3.5820050164420643,3.683863019664011,3.574745035133471,3.8882755731224714,Method4
69,100,50,0.7,3,wide,5,4,4,4,4,4,20,0.799,0.806,4.814417312112795,3.6124305420934992,4.404270940410816,4.398862528643704,5.108842877647009,7,6.420682100261665,3.7990740873112574,3.5820050164420643,3.683863019664011,3.574745035133471,3.8882755731224714,Method4
69,100,50,0.7,3,wide,5,4,4,4,4,4,20,0.799,0.806,4.974506603613311,3.7084494141799724,4.24326621093126,4.129203827559399,5.081934778280357,8,5.078861532122892,3.7990740873112574,3.5820050164420643,3.683863019664011,3.574745035133471,3.8882755731224714,Method4
69,100,50,0.7,3,wide,5,4,4,4,4,4,20,0.799,0.806,4.960895231782917,3.8124473439601374,4.186146673300102,4.1386609435460935,5.0410896375732905,9,4.913057537979183,3.7990740873112574,3.5820050164420643,3.683863019664011,3.574745035133471,3.8882755731224714,Method4
69,100,50,0.7,3,wide,5,4,4,4,4,4,20,0.799,0.806,4.92553515902909,3.8448261925773024,4.216056904484099,4.200531474330774,5.016701718441755,10,4.721627696000097,3.7990740873112574,3.5820050164420643,3.683863019664011,3.574745035133471,3.8882755731224714,Method4
69,100,50,0.7,3,wide,5,4,4,4,4,4,20,0.799,0.806,4.840166421525338,3.868361689763005,4.229507146536102,3.810227025812893,5.009232904217393,11,4.623994780914739,3.7990740873112574,3.5820050164420643,3.683863019664011,3.574745035133471,3.8882755731224714,Method4
69,100,50,0.7,3,wide,5,4,4,4,4,4,20,0.799,0.806,4.890970801244215,3.8396888291199973,4.280991904862217,3.3761207175612946,5.029625234742922,12,4.128786406060194,3.7990740873112574,3.5820050164420643,3.683863019664011,3.574745035133471,3.8882755731224714,Method4
69,100,50,0.7,3,wide,5,4,4,4,4,4,20,0.799,0.806,4.922437113528477,3.8792852219477467,4.30308021504249,3.475028375221119,4.548808911016435,13,3.944721089646508,3.7990740873112574,3.5820050164420643,3.683863019664011,3.574745035133471,3.8882755731224714,Method4
69,100,50,0.7,3,wide,5,4,4,4,4,4,20,0.799,0.806,4.909281047902134,3.965224962090708,4.351800811010361,3.7236328576468365,4.503411299051329,14,3.4503455371052825,3.7990740873112574,3.5820050164420643,3.683863019664011,3.574745035133471,3.8882755731224714,Method4
69,100,50,0.7,3,wide,5,4,4,4,4,4,20,0.799,0.806,4.915441448520428,4.113663843501446,4.363730131217683,3.566889205464444,4.088472412452995,15,3.101117779945391,3.7990740873112574,3.5820050164420643,3.683863019664011,3.574745035133471,3.8882755731224714,Method4
69,100,50,0.7,3,wide,5,4,4,4,4,4,20,0.799,0.806,4.921632833718087,4.14478467653263,4.030103725107193,3.5908410854751662,4.18057336980628,16,2.9955044081725313,3.7990740873112574,3.5820050164420643,3.683863019664011,3.574745035133471,3.8882755731224714,Method4
69,100,50,0.7,3,wide,5,4,4,4,4,4,20,0.799,0.806,4.897858137490337,3.995016310771318,4.037094587098825,3.57177862089549,4.219154589606751,17,2.9804521016608874,3.7990740873112574,3.5820050164420643,3.683863019664011,3.574745035133471,3.8882755731224714,Method4
69,100,50,0.7,3,wide,5,4,4,4,4,4,20,0.799,0.806,4.849684840043903,4.087399175623639,3.969279980855882,3.61197092224255,4.103701499189981,18,2.8815536843452882,3.7990740873112574,3.5820050164420643,3.683863019664011,3.574745035133471,3.8882755731224714,Method4
69,100,50,0.7,3,wide,5,4,4,4,4,4,20,0.799,0.806,4.50905941153462,4.0093438726894775,3.90468962126956,3.570275550068931,4.17046635809319,19,2.794319386289673,3.7990740873112574,3.5820050164420643,3.683863019664011,3.574745035133471,3.8882755731224714,Method4
69,100,50,0.7,3,wide,5,4,4,4,4,4,20,0.799,0.806,4.319523102018591,4.0063540831918365,3.924127790807371,3.5748137469395114,4.159437623832763,20,2.7465156643664246,3.7990740873112574,3.5820050164420643,3.683863019664011,3.574745035133471,3.8882755731224714,Method4
69,100,50,0.7,3,wide,5,4,4,4,4,4,20,0.799,0.806,4.189826511580287,4.1076265093835636,3.8398664605707262,3.5858793176770933,4.241975445845959,21,2.5677078604027903,3.7990740873112574,3.5820050164420643,3.683863019664011,3.574745035133471,3.8882755731224714,Method4
69,100,50,0.7,3,wide,5,4,4,4,4,4,20,0.799,0.806,4.174258614578342,4.04777275067569,3.913962925713796,3.600731808262473,4.299565560559265,22,2.3981494829117076,3.7990740873112574,3.5820050164420643,3.683863019664011,3.574745035133471,3.8882755731224714,Method4
69,100,50,0.7,3,wide,5,4,4,4,4,4,20,0.799,0.806,4.173764785362621,4.044817759298043,3.9135618231054474,3.6016063518507124,4.298765515023249,23,2.3981134855534707,3.7990740873112574,3.5820050164420643,3.683863019664011,3.574745035133471,3.8882755731224714,Method4
69,100,50,0.7,3,wide,5,4,4,4,4,4,20,0.799,0.806,4.179793985337816,4.053902209931592,3.888512389280066,3.6027757462340335,4.292012611340025,24,2.3966537092106166,3.7990740873112574,3.5820050164420643,3.683863019664011,3.574745035133471,3.8882755731224714,Method4
69,100,50,0.7,3,wide,5,4,4,4,4,4,20,0.799,0.806,4.184153742263236,4.061712109008897,3.9161135101162734,3.6685695534172513,4.401252610053396,25,2.1666182730732384,3.7990740873112574,3.5820050164420643,3.683863019664011,3.574745035133471,3.8882755731224714,Method4
69,100,50,0.7,3,wide,5,4,4,4,4,4,20,0.799,0.806,4.2641408807700465,3.7203847767973306,4.105283450178634,3.7777872798888428,4.434946815140007,26,1.9360608545325781,3.7990740873112574,3.5820050164420643,3.683863019664011,3.574745035133471,3.8882755731224714,Method4
69,100,50,0.7,3,wide,5,4,4,4,4,4,20,0.799,0.806,4.319873416675096,3.68259421578357,4.130898854922764,3.801969018273944,4.470317125635261,27,1.8293168591366205,3.7990740873112574,3.5820050164420643,3.683863019664011,3.574745035133471,3.8882755731224714,Method4
69,100,50,0.7,3,wide,5,4,4,4,4,4,20,0.799,0.806,4.366827728221775,3.638075517090343,4.17743124152414,3.861778726116201,4.3783173978599645,28,1.525892036059251,3.7990740873112574,3.5820050164420643,3.683863019664011,3.574745035133471,3.8882755731224714,Method4
69,100,50,0.7,3,wide,5,4,4,4,4,4,20,0.799,0.806,4.310741168593338,3.6325207929567025,4.170222909821554,3.845928414960532,4.321800028245722,29,1.513514252514885,3.7990740873112574,3.5820050164420643,3.683863019664011,3.574745035133471,3.8882755731224714,Method4
69,100,50,0.7,3,wide,5,4,4,4,4,4,20,0.799,0.806,4.252861578077314,3.555280794888735,4.171475753084865,3.855989067344852,4.283238748367595,30,1.4853314183007387,3.7990740873112574,3.5820050164420643,3.683863019664011,3.574745035133471,3.8882755731224714,Method4
69,100,50,0.7,3,wide,5,4,4,4,4,4,20,0.799,0.806,4.13216476161436,3.580734827885409,4.067392512227124,3.781461110786994,4.260663514270274,31,1.400410737984367,3.7990740873112574,3.5820050164420643,3.683863019664011,3.574745035133471,3.8882755731224714,Method4
69,100,50,0.7,3,wide,5,4,4,4,4,4,20,0.799,0.806,4.181232163818795,3.6051016967271563,4.042782000258682,3.792156611174795,4.2871166076021465,32,1.3826476453164271,3.7990740873112574,3.5820050164420643,3.683863019664011,3.574745035133471,3.8882755731224714,Method4
69,100,50,0.7,3,wide,5,4,4,4,4,4,20,0.799,0.806,3.971344551233929,3.577686153510403,4.12446297139989,3.7445387130714622,4.250543146555121,33,1.3142128116782397,3.7990740873112574,3.5820050164420643,3.683863019664011,3.574745035133471,3.8882755731224714,Method4
69,100,50,0.7,3,wide,5,4,4,4,4,4,20,0.799,0.806,3.879885178770502,3.5542725438417153,4.128427162589688,3.769412959376731,4.153988872818049,34,1.2520799189705947,3.7990740873112574,3.5820050164420643,3.683863019664011,3.574745035133471,3.8882755731224714,Method4
69,100,50,0.7,3,wide,5,4,4,4,4,4,20,0.799,0.806,3.815616546087393,3.575521917183561,4.072405682498962,3.7433603668059887,4.168431224015769,35,1.2346257310113276,3.7990740873112574,3.5820050164420643,3.683863019664011,3.574745035133471,3.8882755731224714,Method4
69,100,50,0.7,3,wide,5,4,4,4,4,4,20,0.799,0.806,3.688015270426632,3.334786654692992,4.100331760336285,3.7145285393807828,4.154322305095925,36,1.10229984982261,3.7990740873112574,3.5820050164420643,3.683863019664011,3.574745035133471,3.8882755731224714,Method4
69,100,50,0.7,3,wide,5,4,4,4,4,4,20,0.799,0.806,3.6016840867729107,3.2355197932295963,4.082425865463024,3.679002134777742,4.102188447926073,37,0.9476389291120635,3.7990740873112574,3.5820050164420643,3.683863019664011,3.574745035133471,3.8882755731224714,Method4
69,100,50,0.7,3,wide,5,4,4,4,4,4,20,0.799,0.806,3.6097719069311145,3.2203457128644404,4.085282496587641,3.684609972685425,4.109804705151017,38,0.9468620833662881,3.7990740873112574,3.5820050164420643,3.683863019664011,3.574745035133471,3.8882755731224714,Method4
69,100,50,0.7,3,wide,5,4,4,4,4,4,20,0.799,0.806,3.510718038577767,3.290177412232399,3.930595159153977,3.7054393932223735,4.127730154448132,39,0.8959626650974534,3.7990740873112574,3.5820050164420643,3.683863019664011,3.574745035133471,3.8882755731224714,Method4
69,100,50,0.7,3,wide,5,4,4,4,4,4,20,0.799,0.806,3.378730593731911,3.3855701893284653,3.950266960759229,3.6804977898406674,4.307793499346011,40,0.8111572662902078,3.7990740873112574,3.5820050164420643,3.683863019664011,3.574745035133471,3.8882755731224714,Method4
69,100,50,0.7,3,wide,5,4,4,4,4,4,20,0.799,0.806,3.3853152202414503,3.4312156679582886,3.9464466233636895,3.636035153100762,4.311682531012925,41,0.8066880120491224,3.7990740873112574,3.5820050164420643,3.683863019664011,3.574745035133471,3.8882755731224714,Method4
69,100,50,0.7,3,wide,5,4,4,4,4,4,20,0.799,0.806,3.9152299671500668,4.593514625765166,4.947439062526521,4.63669838750841,5.133449769895988,5,19.74929380296899,3.5379641855248054,3.9401311743722576,3.692838519516658,3.845410751970039,3.662983681553694,Method4
69,100,50,0.7,3,wide,5,4,4,4,4,4,20,0.799,0.806,3.9152299671500668,4.593514625765166,4.947439062526521,4.63669838750841,5.133449769895988,6,19.74929380296899,3.5379641855248054,3.9401311743722576,3.692838519516658,3.845410751970039,3.662983681553694,Method4
69,100,50,0.7,3,wide,5,4,4,4,4,4,20,0.799,0.806,3.9543679317252787,4.7645564287194535,5.143699261660242,4.728739592496185,4.619780336130506,7,8.253335240435009,3.5379641855248054,3.9401311743722576,3.692838519516658,3.845410751970039,3.662983681553694,Method4
69,100,50,0.7,3,wide,5,4,4,4,4,4,20,0.799,0.806,4.081998062753565,4.583453777834464,5.002572473231295,4.735366856582415,4.808498742886846,8,5.58183374340986,3.5379641855248054,3.9401311743722576,3.692838519516658,3.845410751970039,3.662983681553694,Method4
69,100,50,0.7,3,wide,5,4,4,4,4,4,20,0.799,0.806,3.888859736499152,4.521216796599824,4.893890457931962,4.760999684343105,4.936505126945338,9,3.9733449219184993,3.5379641855248054,3.9401311743722576,3.692838519516658,3.845410751970039,3.662983681553694,Method4
69,100,50,0.7,3,wide,5,4,4,4,4,4,20,0.799,0.806,3.9152478591649946,4.5114073061278726,4.837527346647676,4.75582214331847,4.903308107263808,10,3.8513002279210027,3.5379641855248054,3.9401311743722576,3.692838519516658,3.845410751970039,3.662983681553694,Method4
69,100,50,0.7,3,wide,5,4,4,4,4,4,20,0.799,0.806,3.9299408114992307,4.503364602183504,4.8275271877076475,4.413545668196018,4.9538751293146035,11,3.7295737755352816,3.5379641855248054,3.9401311743722576,3.692838519516658,3.845410751970039,3.662983681553694,Method4
69,100,50,0.7,3,wide,5,4,4,4,4,4,20,0.799,0.806,3.7727778834855425,4.514468173643238,4.825623521866577,4.378008745139151,4.957934699453079,12,3.7097151143445593,3.5379641855248054,3.9401311743722576,3.692838519516658,3.845410751970039,3.662983681553694,Method4
69,100,50,0.7,3,wide,5,4,4,4,4,4,20,0.799,0.806,3.7551327813064983,4.488439859833612,4.865033936611576,4.444126493925881,4.916066988426179,13,3.5535459335606783,3.5379641855248054,3.9401311743722576,3.692838519516658,3.845410751970039,3.662983681553694,Method4
69,100,50,0.7,3,wide,5,4,4,4,4,4,20,0.799,0.806,3.92826136796746,4.573281271119981,4.898115562553565,4.469023693115597,4.922776911185664,14,3.26121743184123,3.5379641855248054,3.9401311743722576,3.692838519516658,3.845410751970039,3.662983681553694,Method4
69,100,50,0.7,3,wide,5,4,4,4,4,4,20,0.799,0.806,3.8202672475923793,4.64463731280503,4.936975217253666,4.308236137683878,4.304661346094736,15,2.9622764518307005,3.5379641855248054,3.9401311743722576,3.692838519516658,3.845410751970039,3.662983681553694,Method4
69,100,50,0.7,3,wide,5,4,4,4,4,4,20,0.799,0.806,3.7259672686438825,4.66267914857136,4.938447218678228,4.299678089456814,4.363126631674401,16,2.943556326043496,3.5379641855248054,3.9401311743722576,3.692838519516658,3.845410751970039,3.662983681553694,Method4
69,100,50,0.7,3,wide,5,4,4,4,4,4,20,0.799,0.806,3.6202000288033083,4.6527169546592635,5.061060592098134,4.4416434139732655,3.9746471856827994,17,2.7063879896024874,3.5379641855248054,3.9401311743722576,3.692838519516658,3.845410751970039,3.662983681553694,Method4
69,100,50,0.7,3,wide,5,4,4,4,4,4,20,0.799,0.806,3.4357457604233157,4.534098158253818,5.035225043244074,4.644477355973125,3.8562345198416756,18,2.2711236655752267,3.5379641855248054,3.9401311743722576,3.692838519516658,3.845410751970039,3.662983681553694,Method4
69,100,50,0.7,3,wide,5,4,4,4,4,4,20,0.799,0.806,3.454504496876901,4.456751813203442,5.0162312075636555,4.659752246488461,3.876278631023952,19,2.265521966763404,3.5379641855248054,3.9401311743722576,3.692838519516658,3.845410751970039,3.662983681553694,Method4
69,100,50,0.7,3,wide,5,4,4,4,4,4,20,0.799,0.806,3.3722129619848453,4.309138747759536,4.174812634050202,4.721646012330603,3.9295282086422967,20,1.711561147569648,3.5379641855248054,3.9401311743722576,3.692838519516658,3.845410751970039,3.662983681553694,Method4
69,100,50,0.7,3,wide,5,4,4,4,4,4,20,0.799,0.806,3.2716225398536385,4.2116311903501975,4.152011849800872,4.772079788065203,3.9605155028745753,21,1.616085045067489,3.5379641855248054,3.9401311743722576,3.692838519516658,3.845410751970039,3.662983681553694,Method4
69,100,50,0.7,3,wide,5,4,4,4,4,4,20,0.799,0.806,3.2291228460871655,4.251566750075179,4.1665097751544335,4.755987216008599,3.9900793980724867,22,1.601102337203751,3.5379641855248054,3.9401311743722576,3.692838519516658,3.845410751970039,3.662983681553694,Method4
69,100,50,0.7,3,wide,5,4,4,4,4,4,20,0.799,0.806,3.244436796467743,4.233825894739548,4.15520126769198,4.754273793200787,3.9990711708607525,23,1.5920186636635347,3.5379641855248054,3.9401311743722576,3.692838519516658,3.845410751970039,3.662983681553694,Method4
69,100,50,0.7,3,wide,5,4,4,4,4,4,20,0.799,0.806,3.243344380487479,4.298141209914926,4.171682107365067,4.7468952803934075,3.986342430456372,24,1.5859861531258892,3.5379641855248054,3.9401311743722576,3.692838519516658,3.845410751970039,3.662983681553694,Method4
69,100,50,0.7,3,wide,5,4,4,4,4,4,20,0.799,0.806,3.1599042029277213,4.342562095154164,4.319299704058516,4.389228755346467,3.8549906173873554,25,1.4552342427205784,3.5379641855248054,3.9401311743722576,3.692838519516658,3.845410751970039,3.662983681553694,Method4
69,100,50,0.7,3,wide,5,4,4,4,4,4,20,0.799,0.806,3.1595378488410075,4.344719528830126,4.319155688314711,4.38904139056061,3.857795570544836,26,1.455186343566156,3.5379641855248054,3.9401311743722576,3.692838519516658,3.845410751970039,3.662983681553694,Method4
69,100,50,0.7,3,wide,5,4,4,4,4,4,20,0.799,0.806,3.299359450539388,4.362005901646504,4.084699331102396,4.388618623773102,3.8110623933350207,27,1.3597319384582875,3.5379641855248054,3.9401311743722576,3.692838519516658,3.845410751970039,3.662983681553694,Method4
69,100,50,0.7,3,wide,5,4,4,4,4,4,20,0.799,0.806,3.316371198769436,4.2968322642987395,4.075771487396084,4.411579881402508,3.818648017065572,28,1.3539744397480342,3.5379641855248054,3.9401311743722576,3.692838519516658,3.845410751970039,3.662983681553694,Method4
69,100,50,0.7,3,wide,5,4,4,4,4,4,20,0.799,0.806,3.396629514161137,4.244659822864066,4.092813870316236,4.372624253886564,3.8126318068429357,29,1.2852203591553053,3.5379641855248054,3.9401311743722576,3.692838519516658,3.845410751970039,3.662983681553694,Method4
69,100,50,0.7,3,wide,5,4,4,4,4,4,20,0.799,0.806,3.3331864539890814,4.281982074568283,3.8907765577380506,4.408163286855841,3.835767515436423,30,1.1513056272578617,3.5379641855248054,3.9401311743722576,3.692838519516658,3.845410751970039,3.662983681553694,Method4
69,100,50,0.7,3,wide,5,4,4,4,4,4,20,0.799,0.806,3.3535207658046504,4.306742331098159,3.887045407854814,4.394277405020525,3.8151278177174355,31,1.1468566151212116,3.5379641855248054,3.9401311743722576,3.692838519516658,3.845410751970039,3.662983681553694,Method4
69,100,50,0.7,3,wide,5,4,4,4,4,4,20,0.799,0.806,3.4908160625999325,4.131272985559363,3.81322238905293,4.468692515413682,3.577148046762478,32,1.013667726822086,3.5379641855248054,3.9401311743722576,3.692838519516658,3.845410751970039,3.662983681553694,Method4
69,100,50,0.7,3,wide,5,4,4,4,4,4,20,0.799,0.806,3.5066618994345875,4.1335818541046985,3.8115435847086703,4.468668365068858,3.565850503411247,33,1.0094101266387876,3.5379641855248054,3.9401311743722576,3.692838519516658,3.845410751970039,3.662983681553694,Method4
69,100,50,0.7,3,wide,5,4,4,4,4,4,20,0.799,0.806,3.4359059252576234,4.1466305673174135,3.904409364191469,4.408385338644473,3.535703366425882,34,0.8784632733041683,3.5379641855248054,3.9401311743722576,3.692838519516658,3.845410751970039,3.662983681553694,Method4
69,100,50,0.7,3,wide,5,4,4,4,4,4,20,0.799,0.806,3.444404241726967,4.1389389422154075,3.9066642513792718,4.4119731595115805,3.5039103435880996,35,0.872917940331752,3.5379641855248054,3.9401311743722576,3.692838519516658,3.845410751970039,3.662983681553694,Method4
69,100,50,0.7,3,wide,5,4,4,4,4,4,20,0.799,0.806,3.494749382085616,4.258446198331648,3.874937249555952,4.413723876988808,3.443485986482768,36,0.8442432727426336,3.5379641855248054,3.9401311743722576,3.692838519516658,3.845410751970039,3.662983681553694,Method4
69,100,50,0.7,3,wide,5,4,4,4,4,4,20,0.799,0.806,3.498764329094253,4.268763027998753,3.8398433639668377,4.2981384437767405,3.393144118467869,37,0.7568708799180633,3.5379641855248054,3.9401311743722576,3.692838519516658,3.845410751970039,3.662983681553694,Method4
69,100,50,0.7,3,wide,5,4,4,4,4,4,20,0.799,0.806,3.504776143297953,4.266328814291055,3.8477811974210536,4.29887467053711,3.3902971704778766,38,0.7566321695139007,3.5379641855248054,3.9401311743722576,3.692838519516658,3.845410751970039,3.662983681553694,Method4
69,100,50,0.7,3,wide,5,4,4,4,4,4,20,0.799,0.806,3.3217469588975415,4.287558856947066,3.809122072244072,4.338210291305363,3.400529483683287,39,0.6736527364218696,3.5379641855248054,3.9401311743722576,3.692838519516658,3.845410751970039,3.662983681553694,Method4
69,100,50,0.7,3,wide,5,4,4,4,4,4,20,0.799,0.806,3.3643966941551127,4.225353370013343,3.7479015640014097,4.309617426908473,3.2624314603065003,40,0.6435695196646687,3.5379641855248054,3.9401311743722576,3.692838519516658,3.845410751970039,3.662983681553694,Method4
69,100,50,0.7,3,wide,5,4,4,4,4,4,20,0.799,0.806,3.369861525307397,4.285295185060094,3.8106588223749878,4.190999257003713,3.3199971193791056,41,0.6070104302503643,3.5379641855248054,3.9401311743722576,3.692838519516658,3.845410751970039,3.662983681553694,Method4
69,100,50,0.7,3,wide,5,4,4,4,4,4,20,0.799,0.806,4.353643173198576,5.277830474218625,4.804820788046343,3.9576456234144914,3.752228586844451,5,18.41161557505092,3.868194319485353,3.812469065110231,3.938873219281371,3.500166805560131,3.487818036380944,Method4
69,100,50,0.7,3,wide,5,4,4,4,4,4,20,0.799,0.806,4.353643173198576,5.277830474218625,4.804820788046343,3.9576456234144914,3.752228586844451,6,18.41161557505092,3.868194319485353,3.812469065110231,3.938873219281371,3.500166805560131,3.487818036380944,Method4
69,100,50,0.7,3,wide,5,4,4,4,4,4,20,0.799,0.806,4.0387488499501965,4.538397642505789,4.975181274362738,4.1276402327978605,3.8648019728464935,7,5.655112355995929,3.868194319485353,3.812469065110231,3.938873219281371,3.500166805560131,3.487818036380944,Method4
69,100,50,0.7,3,wide,5,4,4,4,4,4,20,0.799,0.806,4.059012618399761,4.529404403263191,4.962938461104834,3.8740819681516245,3.851938350203359,8,5.597923235731104,3.868194319485353,3.812469065110231,3.938873219281371,3.500166805560131,3.487818036380944,Method4
69,100,50,0.7,3,wide,5,4,4,4,4,4,20,0.799,0.806,3.9957254441770522,4.43541171216408,4.931383206208344,3.679606540815076,4.051873116712273,9,3.751983030291626,3.868194319485353,3.812469065110231,3.938873219281371,3.500166805560131,3.487818036380944,Method4
69,100,50,0.7,3,wide,5,4,4,4,4,4,20,0.799,0.806,4.025813084516789,4.1660001352421725,4.960441296710424,3.6063308107145278,4.082796333619949,10,3.6739712926958874,3.868194319485353,3.812469065110231,3.938873219281371,3.500166805560131,3.487818036380944,Method4
69,100,50,0.7,3,wide,5,4,4,4,4,4,20,0.799,0.806,3.8245315528692587,4.233766059854076,4.344050359952764,3.6606318932670785,4.00785428709314,11,3.3522317576902068,3.868194319485353,3.812469065110231,3.938873219281371,3.500166805560131,3.487818036380944,Method4
69,100,50,0.7,3,wide,5,4,4,4,4,4,20,0.799,0.806,3.8240770613481896,4.23471947063035,4.344490785780328,3.6595025262450207,4.013105843176943,12,3.3521917742074905,3.868194319485353,3.812469065110231,3.938873219281371,3.500166805560131,3.487818036380944,Method4
69,100,50,0.7,3,wide,5,4,4,4,4,4,20,0.799,0.806,4.045392892577848,4.193806695292385,4.491939491075021,3.839137198512615,3.8993194977715717,13,2.719250484746051,3.868194319485353,3.812469065110231,3.938873219281371,3.500166805560131,3.487818036380944,Method4
69,100,50,0.7,3,wide,5,4,4,4,4,4,20,0.799,0.806,4.033724127305069,4.267135479988583,4.412881675452431,3.784973145484551,3.866904215866822,14,2.537546383579797,3.868194319485353,3.812469065110231,3.938873219281371,3.500166805560131,3.487818036380944,Method4
69,100,50,0.7,3,wide,5,4,4,4,4,4,20,0.799,0.806,4.12926648063208,4.227320423095648,4.4393935410720795,3.7310680166885493,3.861777240638237,15,2.46682920613739,3.868194319485353,3.812469065110231,3.938873219281371,3.500166805560131,3.487818036380944,Method4
69,100,50,0.7,3,wide,5,4,4,4,4,4,20,0.799,0.806,4.086011115192673,4.251972116918422,4.360508130182,3.8028820054598445,3.897745398678154,16,2.3866476073819736,3.868194319485353,3.812469065110231,3.938873219281371,3.500166805560131,3.487818036380944,Method4
69,100,50,0.7,3,wide,5,4,4,4,4,4,20,0.799,0.806,3.7370235973906127,4.19770686893392,4.279831086828795,3.9482443437640744,3.794115675450075,17,2.202633416549068,3.868194319485353,3.812469065110231,3.938873219281371,3.500166805560131,3.487818036380944,Method4
69,100,50,0.7,3,wide,5,4,4,4,4,4,20,0.799,0.806,3.4564259137746176,4.237306570498823,4.301016493278337,4.042919287186299,3.783175349097224,18,2.054939758376332,3.868194319485353,3.812469065110231,3.938873219281371,3.500166805560131,3.487818036380944,Method4
69,100,50,0.7,3,wide,5,4,4,4,4,4,20,0.799,0.806,3.4749676527718174,4.232547841497436,4.316962469658556,3.9954580338219388,3.7893413297695275,19,2.008708032791373,3.868194319485353,3.812469065110231,3.938873219281371,3.500166805560131,3.487818036380944,Method4
69,100,50,0.7,3,wide,5,4,4,4,4,4,20,0.799,0.806,3.4641393567134457,4.21798095683716,4.337741223319183,3.8348350259482404,3.8347363219647423,20,1.9787473515327298,3.868194319485353,3.812469065110231,3.938873219281371,3.500166805560131,3.487818036380944,Method4
69,100,50,0.7,3,wide,5,4,4,4,4,4,20,0.799,0.806,3.4875503623165875,4.1617289711575856,4.165815341260598,3.808346357846512,3.7866700163232134,21,1.7412146287224002,3.868194319485353,3.812469065110231,3.938873219281371,3.500166805560131,3.487818036380944,Method4
69,100,50,0.7,3,wide,5,4,4,4,4,4,20,0.799,0.806,3.469585101512833,4.141747903211573,4.137118988177838,3.8104805478855677,3.750692044363628,22,1.7211514763834712,3.868194319485353,3.812469065110231,3.938873219281371,3.500166805560131,3.487818036380944,Method4
69,100,50,0.7,3,wide,5,4,4,4,4,4,20,0.799,0.806,3.447534858882234,4.119930793632274,4.13179831710665,3.816792331156384,3.663897378639661,23,1.706602809297624,3.868194319485353,3.812469065110231,3.938873219281371,3.500166805560131,3.487818036380944,Method4
69,100,50,0.7,3,wide,5,4,4,4,4,4,20,0.799,0.806,3.4722237081851643,4.006689142672967,4.155031463380896,3.8299013536979376,3.6137094627501747,24,1.6604002418331014,3.868194319485353,3.812469065110231,3.938873219281371,3.500166805560131,3.487818036380944,Method4
69,100,50,0.7,3,wide,5,4,4,4,4,4,20,0.799,0.806,3.4431408849125575,3.858415494820732,3.7027414754068597,3.8855283374459075,3.564458169134917,25,1.3724384078764165,3.868194319485353,3.812469065110231,3.938873219281371,3.500166805560131,3.487818036380944,Method4
69,100,50,0.7,3,wide,5,4,4,4,4,4,20,0.799,0.806,3.4826300310722718,3.881674683771139,3.631029001946763,3.8828836908603743,3.5737729587729783,26,1.3562658356588804,3.868194319485353,3.812469065110231,3.938873219281371,3.500166805560131,3.487818036380944,Method4
69,100,50,0.7,3,wide,5,4,4,4,4,4,20,0.799,0.806,3.4855676223649574,3.894138850490656,3.631488219211719,3.852475209786911,3.4007398015548467,27,1.2862898001227627,3.868194319485353,3.812469065110231,3.938873219281371,3.500166805560131,3.487818036380944,Method4
69,100,50,0.7,3,wide,5,4,4,4,4,4,20,0.799,0.806,3.4982095028104925,3.9007224883326526,3.648144119585793,3.7909313092722,3.434230059061748,28,1.2365061610062933,3.868194319485353,3.812469065110231,3.938873219281371,3.500166805560131,3.487818036380944,Method4
69,100,50,0.7,3,wide,5,4,4,4,4,4,20,0.799,0.806,3.515082381549327,3.8806452742207718,3.666938634735829,3.7754487816500912,3.44314527453903,29,1.2224509022150691,3.868194319485353,3.812469065110231,3.938873219281371,3.500166805560131,3.487818036380944,Method4
69,100,50,0.7,3,wide,5,4,4,4,4,4,20,0.799,0.806,3.7519053762940406,3.9485302167295284,3.613235585464863,3.700949787982909,3.536654363671825,30,1.0618003668874383,3.868194319485353,3.812469065110231,3.938873219281371,3.500166805560131,3.487818036380944,Method4
69,100,50,0.7,3,wide,5,4,4,4,4,4,20,0.799,0.806,3.7475888260713965,3.89163008809708,3.6422250516153625,3.722477735460532,3.507574229115882,31,1.0348334406981603,3.868194319485353,3.812469065110231,3.938873219281371,3.500166805560131,3.487818036380944,Method4
69,100,50,0.7,3,wide,5,4,4,4,4,4,20,0.799,0.806,3.7363083937897494,3.996662579100791,3.590282321504111,3.6927583887931474,3.4995436082704297,32,0.9793304794558784,3.868194319485353,3.812469065110231,3.938873219281371,3.500166805560131,3.487818036380944,Method4
69,100,50,0.7,3,wide,5,4,4,4,4,4,20,0.799,0.806,3.771011780032151,3.9687535727326075,3.5585602336478024,3.645200942897059,3.487288489701522,33,0.9550273917259543,3.868194319485353,3.812469065110231,3.938873219281371,3.500166805560131,3.487818036380944,Method4
69,100,50,0.7,3,wide,5,4,4,4,4,4,20,0.799,0.806,3.7707320241501057,3.974088747176755,3.5686270416484267,3.6762623436990496,3.490330215761021,34,0.9509402386920907,3.868194319485353,3.812469065110231,3.938873219281371,3.500166805560131,3.487818036380944,Method4
69,100,50,0.7,3,wide,5,4,4,4,4,4,20,0.799,0.806,3.7563024028062024,4.006495375445393,3.5486241411402757,3.634722619018976,3.5055421983469617,35,0.9454665034567458,3.868194319485353,3.812469065110231,3.938873219281371,3.500166805560131,3.487818036380944,Method4
69,100,50,0.7,3,wide,5,4,4,4,4,4,20,0.799,0.806,3.7523380816833316,4.007382977685459,3.555864733745415,3.6312930262775613,3.508662859149884,36,0.9452300838883095,3.868194319485353,3.812469065110231,3.938873219281371,3.500166805560131,3.487818036380944,Method4
69,100,50,0.7,3,wide,5,4,4,4,4,4,20,0.799,0.806,3.8428811720312406,4.050910189448436,3.5556285071429734,3.7213313827086156,3.6232060023826875,37,0.8840258920150054,3.868194319485353,3.812469065110231,3.938873219281371,3.500166805560131,3.487818036380944,Method4
69,100,50,0.7,3,wide,5,4,4,4,4,4,20,0.799,0.806,3.872871504761915,4.045610988023038,3.5480379913764257,3.7167149265811608,3.6340386105545597,38,0.8815900577863538,3.868194319485353,3.812469065110231,3.938873219281371,3.500166805560131,3.487818036380944,Method4
69,100,50,0.7,3,wide,5,4,4,4,4,4,20,0.799,0.806,3.8466712361624666,3.9775507021187364,3.5362212348436017,3.692800636829173,3.6308957039039638,39,0.8747283007470488,3.868194319485353,3.812469065110231,3.938873219281371,3.500166805560131,3.487818036380944,Method4
69,100,50,0.7,3,wide,5,4,4,4,4,4,20,0.799,0.806,3.8467850783554014,3.981268009972549,3.5355605785082305,3.696177279031529,3.6327866461499125,40,0.8746559145118249,3.868194319485353,3.812469065110231,3.938873219281371,3.500166805560131,3.487818036380944,Method4
69,100,50,0.7,3,wide,5,4,4,4,4,4,20,0.799,0.806,3.8042591405196573,3.9842701723929608,3.53690511687634,3.674475934768967,3.6345712789131834,41,0.8725360911890971,3.868194319485353,3.812469065110231,3.938873219281371,3.500166805560131,3.487818036380944,Method4
69,100,50,0.7,3,wide,5,4,4,4,4,4,20,0.799,0.806,4.241462545508566,4.098156668791901,4.525040584258279,4.629815931825912,4.565024354353461,5,24.762123376919217,3.5192137266032213,3.7006346672092505,3.7832989684792655,3.495116229468716,3.641925186937546,Method4
69,100,50,0.7,3,wide,5,4,4,4,4,4,20,0.799,0.806,4.241462545508566,4.098156668791901,4.525040584258279,4.629815931825912,4.565024354353461,6,24.762123376919217,3.5192137266032213,3.7006346672092505,3.7832989684792655,3.495116229468716,3.641925186937546,Method4
69,100,50,0.7,3,wide,5,4,4,4,4,4,20,0.799,0.806,4.255094497831719,4.118851653365295,4.469680180592007,4.608419999119792,4.2323740336265185,7,24.633844583461183,3.5192137266032213,3.7006346672092505,3.7832989684792655,3.495116229468716,3.641925186937546,Method4
69,100,50,0.7,3,wide,5,4,4,4,4,4,20,0.799,0.806,4.161017955891086,4.177842936704278,3.2766389739682786,4.705514295895575,4.2320972653107525,8,23.531359608097226,3.5192137266032213,3.7006346672092505,3.7832989684792655,3.495116229468716,3.641925186937546,Method4
69,100,50,0.7,3,wide,5,4,4,4,4,4,20,0.799,0.806,4.199986066230507,4.293308891571202,3.2480146809469073,4.017070740036063,4.278230860519301,9,23.13520750117002,3.5192137266032213,3.7006346672092505,3.7832989684792655,3.495116229468716,3.641925186937546,Method4
69,100,50,0.7,3,wide,5,4,4,4,4,4,20,0.799,0.806,4.5070337066157595,4.442689504627191,3.736291913730414,4.257779475511239,3.913491098614261,10,7.371812168854624,3.5192137266032213,3.7006346672092505,3.7832989684792655,3.495116229468716,3.641925186937546,Method4
69,100,50,0.7,3,wide,5,4,4,4,4,4,20,0.799,0.806,4.558526440196716,4.364499424928845,3.6909874087800993,4.018436943469536,3.767274386473499,11,4.366206584260698,3.5192137266032213,3.7006346672092505,3.7832989684792655,3.495116229468716,3.641925186937546,Method4
69,100,50,0.7,3,wide,5,4,4,4,4,4,20,0.799,0.806,4.560191793084767,4.347108844998094,3.6834291204104934,4.0644194851014674,3.7776835425341453,12,4.36247710865213,3.5192137266032213,3.7006346672092505,3.7832989684792655,3.495116229468716,3.641925186937546,Method4
69,100,50,0.7,3,wide,5,4,4,4,4,4,20,0.799,0.806,4.515023234284559,4.294579443911012,3.739811038461964,4.117053722210911,3.5933823187412757,13,4.3114466216180745,3.5192137266032213,3.7006346672092505,3.7832989684792655,3.495116229468716,3.641925186937546,Method4
69,100,50,0.7,3,wide,5,4,4,4,4,4,20,0.799,0.806,4.361985015808524,4.2349799547129505,4.062540095245163,4.25434385926726,3.6676621349448255,14,3.3222386227465495,3.5192137266032213,3.7006346672092505,3.7832989684792655,3.495116229468716,3.641925186937546,Method4
69,100,50,0.7,3,wide,5,4,4,4,4,4,20,0.799,0.806,4.235202706180224,4.260880145316321,4.097930898975071,4.28771318543664,3.6386022605157775,15,3.3087230682608264,3.5192137266032213,3.7006346672092505,3.7832989684792655,3.495116229468716,3.641925186937546,Method4
69,100,50,0.7,3,wide,5,4,4,4,4,4,20,0.799,0.806,3.844335579620378,4.316019564587339,4.128973829099396,4.375363514272069,3.562606625777591,16,3.2159677353205085,3.5192137266032213,3.7006346672092505,3.7832989684792655,3.495116229468716,3.641925186937546,Method4
69,100,50,0.7,3,wide,5,4,4,4,4,4,20,0.799,0.806,3.6064762325376636,4.329688899309828,4.080265444881522,4.547849155973615,3.610059563112866,17,2.7774421044915316,3.5192137266032213,3.7006346672092505,3.7832989684792655,3.495116229468716,3.641925186937546,Method4
69,100,50,0.7,3,wide,5,4,4,4,4,4,20,0.799,0.806,3.6128280225243556,4.0891866162792425,4.083648920176453,4.488574371037275,3.599020814552284,18,2.72305509976252,3.5192137266032213,3.7006346672092505,3.7832989684792655,3.495116229468716,3.641925186937546,Method4
69,100,50,0.7,3,wide,5,4,4,4,4,4,20,0.799,0.806,3.625716773389656,4.04625281356924,4.076181917737481,4.488225237166793,3.709529611248366,19,2.468329486848963,3.5192137266032213,3.7006346672092505,3.7832989684792655,3.495116229468716,3.641925186937546,Method4
69,100,50,0.7,3,wide,5,4,4,4,4,4,20,0.799,0.806,3.631549843257146,3.9428880749231894,3.9869986768718193,4.405522447517145,3.656642964039519,20,2.331273814377831,3.5192137266032213,3.7006346672092505,3.7832989684792655,3.495116229468716,3.641925186937546,Method4
69,100,50,0.7,3,wide,5,4,4,4,4,4,20,0.799,0.806,3.5635262832481005,3.8927509434744803,3.867433815269969,4.367997920631051,3.6317072114123725,21,2.2958972795892088,3.5192137266032213,3.7006346672092505,3.7832989684792655,3.495116229468716,3.641925186937546,Method4
69,100,50,0.7,3,wide,5,4,4,4,4,4,20,0.799,0.806,3.477509270349223,3.909587432292239,3.8698369599756344,4.293350120808633,3.6454690439703494,22,2.219299797094935,3.5192137266032213,3.7006346672092505,3.7832989684792655,3.495116229468716,3.641925186937546,Method4
69,100,50,0.7,3,wide,5,4,4,4,4,4,20,0.799,0.806,3.4414880575481854,3.9733678622479376,3.870347793668926,4.17464729282269,3.700046354307052,23,2.0831915373883323,3.5192137266032213,3.7006346672092505,3.7832989684792655,3.495116229468716,3.641925186937546,Method4
69,100,50,0.7,3,wide,5,4,4,4,4,4,20,0.799,0.806,3.280339964386399,3.9907259426372104,3.9044986552161816,4.046042753254108,3.543522718039822,24,1.5088926112247465,3.5192137266032213,3.7006346672092505,3.7832989684792655,3.495116229468716,3.641925186937546,Method4
69,100,50,0.7,3,wide,5,4,4,4,4,4,20,0.799,0.806,3.2128380712752147,4.000733307750046,3.885566846917769,4.012288617936325,3.413215971518332,25,1.4650140342470166,3.5192137266032213,3.7006346672092505,3.7832989684792655,3.495116229468716,3.641925186937546,Method4
69,100,50,0.7,3,wide,5,4,4,4,4,4,20,0.799,0.806,3.212210707452272,3.983191654826161,3.9337916190313145,3.950888384163972,3.4360063435488204,26,1.452073811830767,3.5192137266032213,3.7006346672092505,3.7832989684792655,3.495116229468716,3.641925186937546,Method4
69,100,50,0.7,3,wide,5,4,4,4,4,4,20,0.799,0.806,3.284852517257706,3.649861906863011,3.879491730902408,4.018249178447671,3.5520406454343156,27,1.3513606538831815,3.5192137266032213,3.7006346672092505,3.7832989684792655,3.495116229468716,3.641925186937546,Method4
69,100,50,0.7,3,wide,5,4,4,4,4,4,20,0.799,0.806,3.2952382411357375,3.588261921697973,3.876284105184906,3.964808488122348,3.6206564800187837,28,1.169642166962998,3.5192137266032213,3.7006346672092505,3.7832989684792655,3.495116229468716,3.641925186937546,Method4
69,100,50,0.7,3,wide,5,4,4,4,4,4,20,0.799,0.806,3.2267513483932233,3.4687541038968543,3.867734062750193,3.892270631052007,3.583981364051503,29,1.0731504090700659,3.5192137266032213,3.7006346672092505,3.7832989684792655,3.495116229468716,3.641925186937546,Method4
69,100,50,0.7,3,wide,5,4,4,4,4,4,20,0.799,0.806,3.2394978573708935,3.4997828321353457,3.936802780222701,3.874790971109408,3.5528385174419417,30,1.0646369166868368,3.5192137266032213,3.7006346672092505,3.7832989684792655,3.495116229468716,3.641925186937546,Method4
69,100,50,0.7,3,wide,5,4,4,4,4,4,20,0.799,0.806,3.3405473338082197,3.4055911559338727,4.056086359785881,3.7734633051177875,3.502065947570387,31,0.953391521747712,3.5192137266032213,3.7006346672092505,3.7832989684792655,3.495116229468716,3.641925186937546,Method4
69,100,50,0.7,3,wide,5,4,4,4,4,4,20,0.799,0.806,3.3595829963423394,3.42344212559247,4.080357858412585,3.7914118676290416,3.5205185512698938,32,0.8955663863272865,3.5192137266032213,3.7006346672092505,3.7832989684792655,3.495116229468716,3.641925186937546,Method4
69,100,50,0.7,3,wide,5,4,4,4,4,4,20,0.799,0.806,3.3736570142354707,3.455611639952314,4.077612047337902,3.7439384685379884,3.5012031204856067,33,0.8744208679952802,3.5192137266032213,3.7006346672092505,3.7832989684792655,3.495116229468716,3.641925186937546,Method4
69,100,50,0.7,3,wide,5,4,4,4,4,4,20,0.799,0.806,3.3740109989746263,3.4555134552669053,4.077485971878829,3.7443438034480465,3.501018348629811,34,0.8744195713238296,3.5192137266032213,3.7006346672092505,3.7832989684792655,3.495116229468716,3.641925186937546,Method4
69,100,50,0.7,3,wide,5,4,4,4,4,4,20,0.799,0.806,3.3447369292844167,3.4302670025983892,4.053543337202013,3.737445415920779,3.497953407779465,35,0.8483143957890693,3.5192137266032213,3.7006346672092505,3.7832989684792655,3.495116229468716,3.641925186937546,Method4
69,100,50,0.7,3,wide,5,4,4,4,4,4,20,0.799,0.806,3.3942505413699244,3.437445921218845,4.079609035511593,3.750114604391711,3.539958683729862,36,0.8323998469397598,3.5192137266032213,3.7006346672092505,3.7832989684792655,3.495116229468716,3.641925186937546,Method4
69,100,50,0.7,3,wide,5,4,4,4,4,4,20,0.799,0.806,3.397263071920956,3.4340404291414157,4.0573267267891175,3.7396041185358277,3.550729780129386,37,0.8253044368430063,3.5192137266032213,3.7006346672092505,3.7832989684792655,3.495116229468716,3.641925186937546,Method4
69,100,50,0.7,3,wide,5,4,4,4,4,4,20,0.799,0.806,3.399592138303061,3.4365651533550063,4.0625469024235965,3.749489141360613,3.5523120214676203,38,0.8249801387895793,3.5192137266032213,3.7006346672092505,3.7832989684792655,3.495116229468716,3.641925186937546,Method4
69,100,50,0.7,3,wide,5,4,4,4,4,4,20,0.799,0.806,3.3987817363102786,3.4384789659104125,4.074226883231022,3.750025914954437,3.552031326209161,39,0.8247501815999364,3.5192137266032213,3.7006346672092505,3.7832989684792655,3.495116229468716,3.641925186937546,Method4
69,100,50,0.7,3,wide,5,4,4,4,4,4,20,0.799,0.806,3.3367060507711255,3.4888394086381456,4.070384784610038,3.73607382351087,3.5357556643042574,40,0.8181595943652485,3.5192137266032213,3.7006346672092505,3.7832989684792655,3.495116229468716,3.641925186937546,Method4
69,100,50,0.7,3,wide,5,4,4,4,4,4,20,0.799,0.806,3.3443969334371837,3.4339950092731026,4.059636488275812,3.775254646932241,3.5855009482840012,41,0.8026873996324249,3.5192137266032213,3.7006346672092505,3.7832989684792655,3.495116229468716,3.641925186937546,Method4
69,100,50,0.7,3,wide,5,4,4,4,4,4,20,0.799,0.806,4.349812138877079,4.960977577357081,4.653053366655492,3.748482842984877,4.451933888604692,5,17.779497124920205,3.8952048271171957,3.841313347283196,3.5992352104030796,3.7229520952737754,3.937425539742892,Method4
69,100,50,0.7,3,wide,5,4,4,4,4,4,20,0.799,0.806,4.349812138877079,4.960977577357081,4.653053366655492,3.748482842984877,4.451933888604692,6,17.779497124920205,3.8952048271171957,3.841313347283196,3.5992352104030796,3.7229520952737754,3.937425539742892,Method4
69,100,50,0.7,3,wide,5,4,4,4,4,4,20,0.799,0.806,4.376750902904912,4.652622250444769,4.360274590488478,4.057370473219378,3.810208295260344,7,7.165709506372297,3.8952048271171957,3.841313347283196,3.5992352104030796,3.7229520952737754,3.937425539742892,Method4
69,100,50,0.7,3,wide,5,4,4,4,4,4,20,0.799,0.806,4.2357980962594475,4.536114760236009,4.223339094384132,4.111304708425022,4.062322544671396,8,4.710430840007676,3.8952048271171957,3.841313347283196,3.5992352104030796,3.7229520952737754,3.937425539742892,Method4
69,100,50,0.7,3,wide,5,4,4,4,4,4,20,0.799,0.806,4.252021791645867,4.531116727585844,4.138762684747574,3.7351401697663276,4.028423560586638,9,4.590429249946383,3.8952048271171957,3.841313347283196,3.5992352104030796,3.7229520952737754,3.937425539742892,Method4
69,100,50,0.7,3,wide,5,4,4,4,4,4,20,0.799,0.806,4.472828490502066,4.498883039484727,4.088652114676109,3.6400772774439574,3.948638850218724,10,3.4933946220457504,3.8952048271171957,3.841313347283196,3.5992352104030796,3.7229520952737754,3.937425539742892,Method4
69,100,50,0.7,3,wide,5,4,4,4,4,4,20,0.799,0.806,4.3667065728430225,4.500645314200345,4.206872516524044,3.70587921684182,4.025152762803034,11,3.233951495606328,3.8952048271171957,3.841313347283196,3.5992352104030796,3.7229520952737754,3.937425539742892,Method4
69,100,50,0.7,3,wide,5,4,4,4,4,4,20,0.799,0.806,4.339441911183519,4.496034373308348,3.63489661905545,3.7394087751556393,3.969170953120604,12,2.8237122332358786,3.8952048271171957,3.841313347283196,3.5992352104030796,3.7229520952737754,3.937425539742892,Method4
69,100,50,0.7,3,wide,5,4,4,4,4,4,20,0.799,0.806,4.315006455231508,4.5409604305927855,3.4745356822656928,3.2989389374509863,3.964509999948147,13,2.4746966982328065,3.8952048271171957,3.841313347283196,3.5992352104030796,3.7229520952737754,3.937425539742892,Method4
69,100,50,0.7,3,wide,5,4,4,4,4,4,20,0.799,0.806,4.320799988001421,4.5635047867967184,3.6144094830842537,3.4573035768737657,4.048323186354258,14,2.252041272852293,3.8952048271171957,3.841313347283196,3.5992352104030796,3.7229520952737754,3.937425539742892,Method4
69,100,50,0.7,3,wide,5,4,4,4,4,4,20,0.799,0.806,4.090371305463294,4.571324374686402,3.6549017921439475,3.5090105416478714,4.021302814363461,15,2.204287607391715,3.8952048271171957,3.841313347283196,3.5992352104030796,3.7229520952737754,3.937425539742892,Method4
69,100,50,0.7,3,wide,5,4,4,4,4,4,20,0.799,0.806,4.069371048842231,4.558240635023035,3.71558216535984,3.505318161939031,4.046580511094607,16,2.127546075497963,3.8952048271171957,3.841313347283196,3.5992352104030796,3.7229520952737754,3.937425539742892,Method4
69,100,50,0.7,3,wide,5,4,4,4,4,4,20,0.799,0.806,4.069257462536777,4.559056422028906,3.7128680804060767,3.4927537292540123,4.045312329214443,17,2.12676429803595,3.8952048271171957,3.841313347283196,3.5992352104030796,3.7229520952737754,3.937425539742892,Method4
69,100,50,0.7,3,wide,5,4,4,4,4,4,20,0.799,0.806,4.065079743844893,4.548552747567688,3.6975875704933574,3.6053132274920023,3.6237640624032625,18,1.9747647320259367,3.8952048271171957,3.841313347283196,3.5992352104030796,3.7229520952737754,3.937425539742892,Method4
69,100,50,0.7,3,wide,5,4,4,4,4,4,20,0.799,0.806,4.115279771006645,4.517036133412216,3.682392011872778,3.6273233087009435,3.6890358229911233,19,1.8246109447678913,3.8952048271171957,3.841313347283196,3.5992352104030796,3.7229520952737754,3.937425539742892,Method4
69,100,50,0.7,3,wide,5,4,4,4,4,4,20,0.799,0.806,4.084609881331035,4.498276583550272,3.399026718914482,3.69904905860918,3.645269882523714,20,1.7420630503576475,3.8952048271171957,3.841313347283196,3.5992352104030796,3.7229520952737754,3.937425539742892,Method4
69,100,50,0.7,3,wide,5,4,4,4,4,4,20,0.799,0.806,4.082053573730691,4.500709832340948,3.412346403100456,3.692365351964782,3.6567647884708427,21,1.7401390823472356,3.8952048271171957,3.841313347283196,3.5992352104030796,3.7229520952737754,3.937425539742892,Method4
69,100,50,0.7,3,wide,5,4,4,4,4,4,20,0.799,0.806,4.077548939620124,4.54293199983761,3.4091621462348574,3.6556534044710998,3.59805622048238,22,1.6474076790484387,3.8952048271171957,3.841313347283196,3.5992352104030796,3.7229520952737754,3.937425539742892,Method4
69,100,50,0.7,3,wide,5,4,4,4,4,4,20,0.799,0.806,4.044120648571727,4.595296169825183,3.446952007909609,3.6761051850709863,3.589592930446849,23,1.3962423564240074,3.8952048271171957,3.841313347283196,3.5992352104030796,3.7229520952737754,3.937425539742892,Method4
69,100,50,0.7,3,wide,5,4,4,4,4,4,20,0.799,0.806,4.000151686051421,4.58874301643287,3.4508532768887794,3.6763108267356515,3.6019060873400175,24,1.3902613901254175,3.8952048271171957,3.841313347283196,3.5992352104030796,3.7229520952737754,3.937425539742892,Method4
69,100,50,0.7,3,wide,5,4,4,4,4,4,20,0.799,0.806,4.029374137219196,4.555131200232899,3.4317767450865913,3.567464190733804,3.702242328992099,25,1.149416360492614,3.8952048271171957,3.841313347283196,3.5992352104030796,3.7229520952737754,3.937425539742892,Method4
69,100,50,0.7,3,wide,5,4,4,4,4,4,20,0.799,0.806,3.9111755678951994,4.553825075173428,3.4473243738640975,3.5531203604591095,3.6869083362588726,26,1.1103507925555338,3.8952048271171957,3.841313347283196,3.5992352104030796,3.7229520952737754,3.937425539742892,Method4
69,100,50,0.7,3,wide,5,4,4,4,4,4,20,0.799,0.806,3.8597262778000148,4.37172911643708,3.4507130925945084,3.603226123887862,3.7570357961374063,27,1.0753695515788755,3.8952048271171957,3.841313347283196,3.5992352104030796,3.7229520952737754,3.937425539742892,Method4
69,100,50,0.7,3,wide,5,4,4,4,4,4,20,0.799,0.806,3.6904698417708466,4.375841495034611,3.4474120559643024,3.546693306158853,3.7928215144696495,28,1.0172584070051478,3.8952048271171957,3.841313347283196,3.5992352104030796,3.7229520952737754,3.937425539742892,Method4
69,100,50,0.7,3,wide,5,4,4,4,4,4,20,0.799,0.806,3.684612961756742,4.416210268633024,3.4192503463910895,3.5405544471893786,3.7889222194668606,29,1.015598101583564,3.8952048271171957,3.841313347283196,3.5992352104030796,3.7229520952737754,3.937425539742892,Method4
69,100,50,0.7,3,wide,5,4,4,4,4,4,20,0.799,0.806,3.683806808886493,4.431947630127144,3.4117536739772207,3.537741450282808,3.7837893218427054,30,1.015204498214714,3.8952048271171957,3.841313347283196,3.5992352104030796,3.7229520952737754,3.937425539742892,Method4
69,100,50,0.7,3,wide,5,4,4,4,4,4,20,0.799,0.806,3.6843450193428104,4.3963910124928205,3.378701915534437,3.5210563048057595,3.905407617363542,31,0.9889504961125416,3.8952048271171957,3.841313347283196,3.5992352104030796,3.7229520952737754,3.937425539742892,Method4
69,100,50,0.7,3,wide,5,4,4,4,4,4,20,0.799,0.806,3.709852035573873,4.447765465458808,3.359426770615158,3.6255104299206637,3.7752335785029576,32,0.9161436328083563,3.8952048271171957,3.841313347283196,3.5992352104030796,3.7229520952737754,3.937425539742892,Method4
69,100,50,0.7,3,wide,5,4,4,4,4,4,20,0.799,0.806,3.686547893066269,4.5024332283276465,3.3241447784078524,3.5933940040202508,3.7631176382752374,33,0.8880167142718323,3.8952048271171957,3.841313347283196,3.5992352104030796,3.7229520952737754,3.937425539742892,Method4
69,100,50,0.7,3,wide,5,4,4,4,4,4,20,0.799,0.806,3.687012288798605,4.501785060848661,3.323736074950479,3.593625307775357,3.764207224361926,34,0.8880117371231029,3.8952048271171957,3.841313347283196,3.5992352104030796,3.7229520952737754,3.937425539742892,Method4
69,100,50,0.7,3,wide,5,4,4,4,4,4,20,0.799,0.806,3.631750833204141,4.48522870909264,3.3873169817624227,3.5750936602863557,3.87789310888337,35,0.855180294559799,3.8952048271171957,3.841313347283196,3.5992352104030796,3.7229520952737754,3.937425539742892,Method4
69,100,50,0.7,3,wide,5,4,4,4,4,4,20,0.799,0.806,3.6301404825486046,4.476901741471192,3.386636563508241,3.6595059546923894,3.9194143579046936,36,0.8332959031116423,3.8952048271171957,3.841313347283196,3.5992352104030796,3.7229520952737754,3.937425539742892,Method4
69,100,50,0.7,3,wide,5,4,4,4,4,4,20,0.799,0.806,3.6199455066685315,4.457526119585041,3.4902925667151252,3.6290869156475067,3.9304302010192025,37,0.8116644796186693,3.8952048271171957,3.841313347283196,3.5992352104030796,3.7229520952737754,3.937425539742892,Method4
69,100,50,0.7,3,wide,5,4,4,4,4,4,20,0.799,0.806,3.6265663673691044,4.463860605349521,3.451017449611645,3.589910627963281,3.7888501121304383,38,0.7754078421102208,3.8952048271171957,3.841313347283196,3.5992352104030796,3.7229520952737754,3.937425539742892,Method4
69,100,50,0.7,3,wide,5,4,4,4,4,4,20,0.799,0.806,3.60936411471848,4.463793490083954,3.4663471581029666,3.6051204345941827,3.79438863001287,39,0.7735947401797109,3.8952048271171957,3.841313347283196,3.5992352104030796,3.7229520952737754,3.937425539742892,Method4
69,100,50,0.7,3,wide,5,4,4,4,4,4,20,0.799,0.806,3.5991834776545626,4.458066677076229,3.4637628659541826,3.617365203052848,3.7966354757780256,40,0.773235213071702,3.8952048271171957,3.841313347283196,3.5992352104030796,3.7229520952737754,3.937425539742892,Method4
69,100,50,0.7,3,wide,5,4,4,4,4,4,20,0.799,0.806,3.664703580946955,4.552719651504143,3.4417156128982085,3.6512706889682818,3.7965338738819794,41,0.7436854096220731,3.8952048271171957,3.841313347283196,3.5992352104030796,3.7229520952737754,3.937425539742892,Method4
69,100,50,0.7,3,wide,5,4,4,4,4,4,20,0.799,0.806,5.122723102293305,4.464714715013948,4.636910930756154,4.459150569879101,5.968943932824383,5,20.05590976485315,3.850006994868873,3.5861230580478076,3.8070559580637124,3.552506534200142,3.9357971455566343,Method4
69,100,50,0.7,3,wide,5,4,4,4,4,4,20,0.799,0.806,5.122723102293305,4.464714715013948,4.636910930756154,4.459150569879101,5.968943932824383,6,20.05590976485315,3.850006994868873,3.5861230580478076,3.8070559580637124,3.552506534200142,3.9357971455566343,Method4
69,100,50,0.7,3,wide,5,4,4,4,4,4,20,0.799,0.806,5.098736819550952,4.367424346810254,4.7041461175086,4.447001642188115,5.099195941045933,7,19.35908951986138,3.850006994868873,3.5861230580478076,3.8070559580637124,3.552506534200142,3.9357971455566343,Method4
69,100,50,0.7,3,wide,5,4,4,4,4,4,20,0.799,0.806,4.534358178074622,4.543209689867845,4.613451024355454,4.17252573568041,4.88859969964084,8,8.334089993224847,3.850006994868873,3.5861230580478076,3.8070559580637124,3.552506534200142,3.9357971455566343,Method4
69,100,50,0.7,3,wide,5,4,4,4,4,4,20,0.799,0.806,4.39118350530548,4.559219826272197,4.586229629868097,4.331736039036041,4.450751572492891,9,5.810555616256994,3.850006994868873,3.5861230580478076,3.8070559580637124,3.552506534200142,3.9357971455566343,Method4
69,100,50,0.7,3,wide,5,4,4,4,4,4,20,0.799,0.806,4.41897952666694,4.374165931095237,4.797110626188494,4.15790351907533,4.4375532280202385,10,4.4411152516367,3.850006994868873,3.5861230580478076,3.8070559580637124,3.552506534200142,3.9357971455566343,Method4
69,100,50,0.7,3,wide,5,4,4,4,4,4,20,0.799,0.806,4.427155833601755,4.376466917921528,4.886819745749013,4.137742133017408,4.419955481208766,11,3.719626920500023,3.850006994868873,3.5861230580478076,3.8070559580637124,3.552506534200142,3.9357971455566343,Method4
69,100,50,0.7,3,wide,5,4,4,4,4,4,20,0.799,0.806,4.534631997594074,4.519059445103985,4.935965873195162,4.060410986901662,4.324594832869427,12,3.3157869812904655,3.850006994868873,3.5861230580478076,3.8070559580637124,3.552506534200142,3.9357971455566343,Method4
69,100,50,0.7,3,wide,5,4,4,4,4,4,20,0.799,0.806,4.53987352111299,4.5237970311274704,4.92982141504661,4.00898054564361,4.323845715933973,13,3.3141160520591626,3.850006994868873,3.5861230580478076,3.8070559580637124,3.552506534200142,3.9357971455566343,Method4
69,100,50,0.7,3,wide,5,4,4,4,4,4,20,0.799,0.806,4.538210541121318,4.547293528550206,4.520615024701144,4.002782431657596,4.294422766442611,14,3.1820818928995878,3.850006994868873,3.5861230580478076,3.8070559580637124,3.552506534200142,3.9357971455566343,Method4
69,100,50,0.7,3,wide,5,4,4,4,4,4,20,0.799,0.806,4.510098165597321,4.306691485894883,4.5541356011788965,3.971099866833123,4.298326227778209,15,3.127231249514582,3.850006994868873,3.5861230580478076,3.8070559580637124,3.552506534200142,3.9357971455566343,Method4
69,100,50,0.7,3,wide,5,4,4,4,4,4,20,0.799,0.806,4.564375429146997,4.280489307743384,4.487298703163903,4.063349054940459,4.246478174283412,16,2.9439846476654,3.850006994868873,3.5861230580478076,3.8070559580637124,3.552506534200142,3.9357971455566343,Method4
69,100,50,0.7,3,wide,5,4,4,4,4,4,20,0.799,0.806,4.6394306201006925,3.993332975188307,4.328642900633635,4.138727113434741,4.191267109641475,17,2.4062927369993186,3.850006994868873,3.5861230580478076,3.8070559580637124,3.552506534200142,3.9357971455566343,Method4
69,100,50,0.7,3,wide,5,4,4,4,4,4,20,0.799,0.806,4.227652388904007,3.8953988497165777,4.30156007678443,4.1797239642344,4.174972872955248,18,2.223986934159695,3.850006994868873,3.5861230580478076,3.8070559580637124,3.552506534200142,3.9357971455566343,Method4
69,100,50,0.7,3,wide,5,4,4,4,4,4,20,0.799,0.806,4.267424527399137,3.8463427279110682,4.264401621853568,4.20850559742208,4.001500517943764,19,2.1311385165781607,3.850006994868873,3.5861230580478076,3.8070559580637124,3.552506534200142,3.9357971455566343,Method4
69,100,50,0.7,3,wide,5,4,4,4,4,4,20,0.799,0.806,4.2247256249857,3.852510426449312,4.250544409522286,4.209337462530094,3.9834309957754663,20,2.128716374772273,3.850006994868873,3.5861230580478076,3.8070559580637124,3.552506534200142,3.9357971455566343,Method4
69,100,50,0.7,3,wide,5,4,4,4,4,4,20,0.799,0.806,4.211347758020044,3.8260738293370022,4.213600829627791,4.2242051341028795,3.9690939539349253,21,1.8895244360670218,3.850006994868873,3.5861230580478076,3.8070559580637124,3.552506534200142,3.9357971455566343,Method4
69,100,50,0.7,3,wide,5,4,4,4,4,4,20,0.799,0.806,4.152100474621322,3.364120713728033,4.256272479366571,4.178022163440374,3.922383707967882,22,1.6844673991040289,3.850006994868873,3.5861230580478076,3.8070559580637124,3.552506534200142,3.9357971455566343,Method4
69,100,50,0.7,3,wide,5,4,4,4,4,4,20,0.799,0.806,4.191458701403575,3.4057016128128366,4.044987579168598,4.142074160926535,3.8993965286572543,23,1.5158274087552148,3.850006994868873,3.5861230580478076,3.8070559580637124,3.552506534200142,3.9357971455566343,Method4
69,100,50,0.7,3,wide,5,4,4,4,4,4,20,0.799,0.806,4.222438063458967,3.4077609550227934,4.144441603598757,4.128822583282665,3.9819279442679303,24,1.309359195512741,3.850006994868873,3.5861230580478076,3.8070559580637124,3.552506534200142,3.9357971455566343,Method4
69,100,50,0.7,3,wide,5,4,4,4,4,4,20,0.799,0.806,4.342268705147965,3.4363727295498183,4.111429287371242,4.078660119489071,3.932098793932128,25,1.1850098984029234,3.850006994868873,3.5861230580478076,3.8070559580637124,3.552506534200142,3.9357971455566343,Method4
69,100,50,0.7,3,wide,5,4,4,4,4,4,20,0.799,0.806,4.294625154095224,3.436674490912077,4.10488860185364,4.051895004473821,3.922048210197296,26,1.1622961389648667,3.850006994868873,3.5861230580478076,3.8070559580637124,3.552506534200142,3.9357971455566343,Method4
69,100,50,0.7,3,wide,5,4,4,4,4,4,20,0.799,0.806,4.309976069293625,3.5628026093069085,4.072631123483991,4.022320571723654,3.9489707413787785,27,1.096270482638761,3.850006994868873,3.5861230580478076,3.8070559580637124,3.552506534200142,3.9357971455566343,Method4
69,100,50,0.7,3,wide,5,4,4,4,4,4,20,0.799,0.806,4.3090268571079795,3.4905510023153754,4.045689011935348,3.9140003990421484,4.040662250896722,28,1.0476931969548504,3.850006994868873,3.5861230580478076,3.8070559580637124,3.552506534200142,3.9357971455566343,Method4
69,100,50,0.7,3,wide,5,4,4,4,4,4,20,0.799,0.806,4.312792631922588,3.490448007814089,4.036935144427062,3.9779460331260164,4.03077197873134,29,1.0403286547869648,3.850006994868873,3.5861230580478076,3.8070559580637124,3.552506534200142,3.9357971455566343,Method4
69,100,50,0.7,3,wide,5,4,4,4,4,4,20,0.799,0.806,4.312729646508716,3.490537690780394,4.03695874856167,3.9778438056929355,4.030748459783469,30,1.0403286087297505,3.850006994868873,3.5861230580478076,3.8070559580637124,3.552506534200142,3.9357971455566343,Method4
69,100,50,0.7,3,wide,5,4,4,4,4,4,20,0.799,0.806,4.231694055681371,3.270071435231223,4.125123728182524,4.203594857887459,4.067196107639407,31,0.8497498805726319,3.850006994868873,3.5861230580478076,3.8070559580637124,3.552506534200142,3.9357971455566343,Method4
69,100,50,0.7,3,wide,5,4,4,4,4,4,20,0.799,0.806,4.23551187124297,3.257904029296095,4.124110474399178,4.19021849275918,4.093434711508763,32,0.8303515089147768,3.850006994868873,3.5861230580478076,3.8070559580637124,3.552506534200142,3.9357971455566343,Method4
69,100,50,0.7,3,wide,5,4,4,4,4,4,20,0.799,0.806,4.24323029067715,3.239439209852544,4.12005350847101,4.171750893532154,4.155016130703942,33,0.8130529129549793,3.850006994868873,3.5861230580478076,3.8070559580637124,3.552506534200142,3.9357971455566343,Method4
69,100,50,0.7,3,wide,5,4,4,4,4,4,20,0.799,0.806,4.233448922318811,3.2238718370870423,4.1080675016529495,4.175720832589952,4.1325412808530535,34,0.8119576386358492,3.850006994868873,3.5861230580478076,3.8070559580637124,3.552506534200142,3.9357971455566343,Method4
69,100,50,0.7,3,wide,5,4,4,4,4,4,20,0.799,0.806,4.224171203700044,3.261116130274459,4.070815051062508,4.202963680758302,4.155937494090261,35,0.8055151203886861,3.850006994868873,3.5861230580478076,3.8070559580637124,3.552506534200142,3.9357971455566343,Method4
69,100,50,0.7,3,wide,5,4,4,4,4,4,20,0.799,0.806,4.186873423566426,3.3054318893110173,4.114308195190785,4.144235426279374,4.210781690942407,36,0.7870692492467783,3.850006994868873,3.5861230580478076,3.8070559580637124,3.552506534200142,3.9357971455566343,Method4
69,100,50,0.7,3,wide,5,4,4,4,4,4,20,0.799,0.806,3.962325757652699,3.3882002154650905,4.210094309893663,4.0440535640810085,4.118621458788182,37,0.6667527976269371,3.850006994868873,3.5861230580478076,3.8070559580637124,3.552506534200142,3.9357971455566343,Method4
69,100,50,0.7,3,wide,5,4,4,4,4,4,20,0.799,0.806,3.9629076410003474,3.392133117886999,4.210834944965174,4.043995884906426,4.118723509217395,38,0.6666473290923117,3.850006994868873,3.5861230580478076,3.8070559580637124,3.552506534200142,3.9357971455566343,Method4
69,100,50,0.7,3,wide,5,4,4,4,4,4,20,0.799,0.806,4.007248290418277,3.375037013427101,4.288546789204093,3.9451301869903483,4.11774739588272,39,0.6383305036015235,3.850006994868873,3.5861230580478076,3.8070559580637124,3.552506534200142,3.9357971455566343,Method4
69,100,50,0.7,3,wide,5,4,4,4,4,4,20,0.799,0.806,4.0059245042721345,3.3734638110229835,4.28454363084476,3.952339045528996,4.128323514450632,40,0.6376158162505349,3.850006994868873,3.5861230580478076,3.8070559580637124,3.552506534200142,3.9357971455566343,Method4
69,100,50,0.7,3,wide,5,4,4,4,4,4,20,0.799,0.806,3.913289209972072,3.3945677175478997,4.168674305764957,4.003279377868553,4.053793621428578,41,0.6183278069656971,3.850006994868873,3.5861230580478076,3.8070559580637124,3.552506534200142,3.9357971455566343,Method4
69,100,50,0.7,3,wide,5,4,4,4,4,4,20,0.799,0.806,4.684041504695682,4.5152514941538895,4.156616397484476,4.338006889295568,4.193160097458563,5,15.39874342979485,3.611752096121659,3.696040625096693,3.9525656149942585,3.718744231977024,3.8782492449099815,Method4
69,100,50,0.7,3,wide,5,4,4,4,4,4,20,0.799,0.806,4.684041504695682,4.5152514941538895,4.156616397484476,4.338006889295568,4.193160097458563,6,15.39874342979485,3.611752096121659,3.696040625096693,3.9525656149942585,3.718744231977024,3.8782492449099815,Method4
69,100,50,0.7,3,wide,5,4,4,4,4,4,20,0.799,0.806,4.747219912730153,4.503947316013981,4.468138323734756,4.349795013710522,4.20431070199818,7,15.267935407928633,3.611752096121659,3.696040625096693,3.9525656149942585,3.718744231977024,3.8782492449099815,Method4
69,100,50,0.7,3,wide,5,4,4,4,4,4,20,0.799,0.806,4.493875686272834,4.622555290841439,4.2993618210887465,4.350634896561294,4.606704957662522,8,6.711187594142616,3.611752096121659,3.696040625096693,3.9525656149942585,3.718744231977024,3.8782492449099815,Method4
69,100,50,0.7,3,wide,5,4,4,4,4,4,20,0.799,0.806,3.9723544600717493,4.643972933691964,4.326697927678964,4.342318243312675,4.542889219671949,9,6.4104817261448535,3.611752096121659,3.696040625096693,3.9525656149942585,3.718744231977024,3.8782492449099815,Method4
69,100,50,0.7,3,wide,5,4,4,4,4,4,20,0.799,0.806,3.9711465243556487,4.639017938251288,4.338416975324189,4.344592977163316,4.5422561906140215,10,6.409783399041228,3.611752096121659,3.696040625096693,3.9525656149942585,3.718744231977024,3.8782492449099815,Method4
69,100,50,0.7,3,wide,5,4,4,4,4,4,20,0.799,0.806,4.102825235223352,4.75634935864978,4.480600394337083,3.324848700635105,4.7237096033195405,11,5.681815719529352,3.611752096121659,3.696040625096693,3.9525656149942585,3.718744231977024,3.8782492449099815,Method4
69,100,50,0.7,3,wide,5,4,4,4,4,4,20,0.799,0.806,4.1330830326285435,4.71823091325823,4.50010809116464,3.3449181924330493,4.688389345313774,12,4.911070313537885,3.611752096121659,3.696040625096693,3.9525656149942585,3.718744231977024,3.8782492449099815,Method4
69,100,50,0.7,3,wide,5,4,4,4,4,4,20,0.799,0.806,4.108934457457319,3.6023167167887067,4.178187489668718,3.6941420363088504,4.731291110448342,13,3.8838157146800474,3.611752096121659,3.696040625096693,3.9525656149942585,3.718744231977024,3.8782492449099815,Method4
69,100,50,0.7,3,wide,5,4,4,4,4,4,20,0.799,0.806,4.2106413969602725,2.9964731347119185,4.035076270548177,3.6698176697462,4.800019971306343,14,3.4735825834762615,3.611752096121659,3.696040625096693,3.9525656149942585,3.718744231977024,3.8782492449099815,Method4
69,100,50,0.7,3,wide,5,4,4,4,4,4,20,0.799,0.806,3.917006922887331,3.1659293167416065,4.144697518599153,4.021688888186105,4.634621428198159,15,2.5594325552805515,3.611752096121659,3.696040625096693,3.9525656149942585,3.718744231977024,3.8782492449099815,Method4
69,100,50,0.7,3,wide,5,4,4,4,4,4,20,0.799,0.806,3.9164997456057495,3.167296452979865,4.154784321946716,4.021482423228239,4.634205300196441,16,2.559298452050026,3.611752096121659,3.696040625096693,3.9525656149942585,3.718744231977024,3.8782492449099815,Method4
69,100,50,0.7,3,wide,5,4,4,4,4,4,20,0.799,0.806,4.0477662523736635,3.2274429350311418,3.9393462357683067,3.901465635084076,4.69766550795784,17,2.1660571545973966,3.611752096121659,3.696040625096693,3.9525656149942585,3.718744231977024,3.8782492449099815,Method4
69,100,50,0.7,3,wide,5,4,4,4,4,4,20,0.799,0.806,3.9950030412837414,3.320741434361673,3.9695927894339844,3.9798999581273287,4.289764985154577,18,2.018105515874168,3.611752096121659,3.696040625096693,3.9525656149942585,3.718744231977024,3.8782492449099815,Method4
69,100,50,0.7,3,wide,5,4,4,4,4,4,20,0.799,0.806,3.953617310679571,3.4585157256717687,4.114885288307192,3.9365094221557224,4.048334441191331,19,1.5023207263320382,3.611752096121659,3.696040625096693,3.9525656149942585,3.718744231977024,3.8782492449099815,Method4
69,100,50,0.7,3,wide,5,4,4,4,4,4,20,0.799,0.806,3.9456794043034424,3.4394910610230824,4.128465440615232,3.8725257512405613,4.054989146212266,20,1.4956071768889385,3.611752096121659,3.696040625096693,3.9525656149942585,3.718744231977024,3.8782492449099815,Method4
69,100,50,0.7,3,wide,5,4,4,4,4,4,20,0.799,0.806,3.9404353183220593,3.46999653064239,4.094619116280762,3.8923733383231327,4.024801767927253,21,1.4641746281996877,3.611752096121659,3.696040625096693,3.9525656149942585,3.718744231977024,3.8782492449099815,Method4
69,100,50,0.7,3,wide,5,4,4,4,4,4,20,0.799,0.806,3.943513723768421,3.4695692401983917,4.093224650410318,3.8901679814742045,4.024543197021217,22,1.4641014103224956,3.611752096121659,3.696040625096693,3.9525656149942585,3.718744231977024,3.8782492449099815,Method4
69,100,50,0.7,3,wide,5,4,4,4,4,4,20,0.799,0.806,3.7620325014196605,3.4430571827774563,4.009728524571817,3.896240726743055,4.017624953773875,23,1.413096923622697,3.611752096121659,3.696040625096693,3.9525656149942585,3.718744231977024,3.8782492449099815,Method4
69,100,50,0.7,3,wide,5,4,4,4,4,4,20,0.799,0.806,3.770514070184335,3.5460995445453536,3.8926771295420783,3.8548640705449686,3.9791717516407634,24,1.3696074268206586,3.611752096121659,3.696040625096693,3.9525656149942585,3.718744231977024,3.8782492449099815,Method4
69,100,50,0.7,3,wide,5,4,4,4,4,4,20,0.799,0.806,3.6878749368553847,3.5964482110239344,3.834307807546077,3.890721484011597,3.9665681760077485,25,1.2765232820224097,3.611752096121659,3.696040625096693,3.9525656149942585,3.718744231977024,3.8782492449099815,Method4
69,100,50,0.7,3,wide,5,4,4,4,4,4,20,0.799,0.806,3.6751644309038927,3.5892370977618877,3.8408771629787855,3.905868007638197,4.010539999706325,26,1.2604210787514527,3.611752096121659,3.696040625096693,3.9525656149942585,3.718744231977024,3.8782492449099815,Method4
69,100,50,0.7,3,wide,5,4,4,4,4,4,20,0.799,0.806,3.752232599471772,3.6989925144710143,3.926588098026071,3.963076298739992,4.10655510679405,27,1.1479802820212914,3.611752096121659,3.696040625096693,3.9525656149942585,3.718744231977024,3.8782492449099815,Method4
69,100,50,0.7,3,wide,5,4,4,4,4,4,20,0.799,0.806,3.7944382495429174,3.724863867916594,3.9610434144494464,3.967067367600415,4.1055642339643645,28,1.1363303966714393,3.611752096121659,3.696040625096693,3.9525656149942585,3.718744231977024,3.8782492449099815,Method4
69,100,50,0.7,3,wide,5,4,4,4,4,4,20,0.799,0.806,3.655639931701606,3.808157833585952,4.009588392359798,4.050998207409613,4.0681961970162765,29,1.0519756330975945,3.611752096121659,3.696040625096693,3.9525656149942585,3.718744231977024,3.8782492449099815,Method4
69,100,50,0.7,3,wide,5,4,4,4,4,4,20,0.799,0.806,3.6145755085294082,3.913344230646636,3.9041386010571033,4.0123791213320725,4.080849012605146,30,0.9050951032287865,3.611752096121659,3.696040625096693,3.9525656149942585,3.718744231977024,3.8782492449099815,Method4
69,100,50,0.7,3,wide,5,4,4,4,4,4,20,0.799,0.806,3.605861886235194,3.882666329367146,3.9230765014777376,4.021719647828635,4.07207394922883,31,0.9018451400726571,3.611752096121659,3.696040625096693,3.9525656149942585,3.718744231977024,3.8782492449099815,Method4
69,100,50,0.7,3,wide,5,4,4,4,4,4,20,0.799,0.806,3.6264244692309995,3.893921205554049,3.9766512947317256,4.001687820641155,4.071547151674268,32,0.860969076160671,3.611752096121659,3.696040625096693,3.9525656149942585,3.718744231977024,3.8782492449099815,Method4
69,100,50,0.7,3,wide,5,4,4,4,4,4,20,0.799,0.806,3.617308130565751,3.9161379153861904,4.003416058753203,4.000615571581713,4.074666884872198,33,0.8531580796759746,3.611752096121659,3.696040625096693,3.9525656149942585,3.718744231977024,3.8782492449099815,Method4
69,100,50,0.7,3,wide,5,4,4,4,4,4,20,0.799,0.806,3.3883362803670227,4.004593898830251,3.9686921347130486,4.007070965115603,4.03184413139355,34,0.8085211595551568,3.611752096121659,3.696040625096693,3.9525656149942585,3.718744231977024,3.8782492449099815,Method4
69,100,50,0.7,3,wide,5,4,4,4,4,4,20,0.799,0.806,3.4921118903583266,3.859823561656514,3.8849901118859487,3.9607371291313234,3.87666612089178,35,0.6982814925803518,3.611752096121659,3.696040625096693,3.9525656149942585,3.718744231977024,3.8782492449099815,Method4
69,100,50,0.7,3,wide,5,4,4,4,4,4,20,0.799,0.806,3.4661229202846924,3.8703752867925387,3.8923586862234547,3.941169999893775,3.8917446286292403,36,0.6950993661186744,3.611752096121659,3.696040625096693,3.9525656149942585,3.718744231977024,3.8782492449099815,Method4
69,100,50,0.7,3,wide,5,4,4,4,4,4,20,0.799,0.806,3.425175583516597,3.913327459745898,3.918451959558634,3.8802048433252123,3.902585389700911,37,0.6924148394790131,3.611752096121659,3.696040625096693,3.9525656149942585,3.718744231977024,3.8782492449099815,Method4
69,100,50,0.7,3,wide,5,4,4,4,4,4,20,0.799,0.806,3.4363606950769934,3.9425795195971745,3.9245507614211275,3.903698625357784,3.8888466659764824,38,0.6859175575035076,3.611752096121659,3.696040625096693,3.9525656149942585,3.718744231977024,3.8782492449099815,Method4
69,100,50,0.7,3,wide,5,4,4,4,4,4,20,0.799,0.806,3.4647012331671974,3.927355074044206,3.921830404533909,3.9351463395488873,3.911217222777997,39,0.6818977251432408,3.611752096121659,3.696040625096693,3.9525656149942585,3.718744231977024,3.8782492449099815,Method4
69,100,50,0.7,3,wide,5,4,4,4,4,4,20,0.799,0.806,3.4194730740124433,3.821661536513544,3.908474275113656,3.9065443531927935,3.907300484856157,40,0.6433272529448298,3.611752096121659,3.696040625096693,3.9525656149942585,3.718744231977024,3.8782492449099815,Method4
69,100,50,0.7,3,wide,5,4,4,4,4,4,20,0.799,0.806,3.4114940185645066,3.8252328723028866,3.9135692328642886,3.919556799768491,3.9043308369401672,41,0.6379126653932231,3.611752096121659,3.696040625096693,3.9525656149942585,3.718744231977024,3.8782492449099815,Method4
69,100,50,0.7,3,wide,5,4,4,4,4,4,20,0.799,0.806,4.987032675889792,4.538302746579987,4.609417984836322,4.490617161083386,5.084441593109851,5,23.766789710093704,3.7464097768884224,3.5715990939277633,3.625409259797491,3.8127286505916276,3.866489701027254,Method4
69,100,50,0.7,3,wide,5,4,4,4,4,4,20,0.799,0.806,4.987032675889792,4.538302746579987,4.609417984836322,4.490617161083386,5.084441593109851,6,23.766789710093704,3.7464097768884224,3.5715990939277633,3.625409259797491,3.8127286505916276,3.866489701027254,Method4
69,100,50,0.7,3,wide,5,4,4,4,4,4,20,0.799,0.806,4.773008631559767,4.4138474223557775,4.314796912491986,4.417039363440613,5.012265745529185,7,8.267199333045463,3.7464097768884224,3.5715990939277633,3.625409259797491,3.8127286505916276,3.866489701027254,Method4
69,100,50,0.7,3,wide,5,4,4,4,4,4,20,0.799,0.806,4.6883290006413905,4.467860155706855,4.256701680247599,4.517119046563755,5.028870593054537,8,6.638101888201711,3.7464097768884224,3.5715990939277633,3.625409259797491,3.8127286505916276,3.866489701027254,Method4
69,100,50,0.7,3,wide,5,4,4,4,4,4,20,0.799,0.806,4.736637793203537,4.584672938856653,4.239717504313441,4.4543446560211395,4.917103680179964,9,6.007738965850051,3.7464097768884224,3.5715990939277633,3.625409259797491,3.8127286505916276,3.866489701027254,Method4
69,100,50,0.7,3,wide,5,4,4,4,4,4,20,0.799,0.806,4.846780966229697,4.721405396606159,4.189893209818058,4.38255709371352,4.711016826747232,10,5.098688041533683,3.7464097768884224,3.5715990939277633,3.625409259797491,3.8127286505916276,3.866489701027254,Method4
69,100,50,0.7,3,wide,5,4,4,4,4,4,20,0.799,0.806,4.874163998886861,4.735887779594375,4.260304692090919,4.417137568695182,4.6774609875007975,11,4.772555072526098,3.7464097768884224,3.5715990939277633,3.625409259797491,3.8127286505916276,3.866489701027254,Method4
69,100,50,0.7,3,wide,5,4,4,4,4,4,20,0.799,0.806,4.8689436629609455,4.392451401944992,4.223531736142292,4.473535712649652,4.653072746762329,12,4.69947590795044,3.7464097768884224,3.5715990939277633,3.625409259797491,3.8127286505916276,3.866489701027254,Method4
69,100,50,0.7,3,wide,5,4,4,4,4,4,20,0.799,0.806,4.222820227682973,4.322199141613374,4.219613814664991,4.418793973087172,4.8320483105270755,13,4.263344683769258,3.7464097768884224,3.5715990939277633,3.625409259797491,3.8127286505916276,3.866489701027254,Method4
69,100,50,0.7,3,wide,5,4,4,4,4,4,20,0.799,0.806,4.266035796136501,4.315478848720082,3.9329937382847366,4.453375351387873,4.798759121775047,14,4.138028058298389,3.7464097768884224,3.5715990939277633,3.625409259797491,3.8127286505916276,3.866489701027254,Method4
69,100,50,0.7,3,wide,5,4,4,4,4,4,20,0.799,0.806,4.3115735951615894,3.968235595922581,3.8604685920057205,4.399170216435261,4.670048354354809,15,3.393245743199735,3.7464097768884224,3.5715990939277633,3.625409259797491,3.8127286505916276,3.866489701027254,Method4
69,100,50,0.7,3,wide,5,4,4,4,4,4,20,0.799,0.806,4.289977171363415,3.905781403162789,3.786848543325581,4.525171210313056,4.522750760223118,16,2.7149360061550354,3.7464097768884224,3.5715990939277633,3.625409259797491,3.8127286505916276,3.866489701027254,Method4
69,100,50,0.7,3,wide,5,4,4,4,4,4,20,0.799,0.806,4.2826590496147,3.9135777296943886,3.860095782642288,4.526793892914971,4.516378688309554,17,2.708950597712045,3.7464097768884224,3.5715990939277633,3.625409259797491,3.8127286505916276,3.866489701027254,Method4
69,100,50,0.7,3,wide,5,4,4,4,4,4,20,0.799,0.806,4.253597636668782,3.832025675269329,3.8797577014339133,4.557798691872383,4.480226152583906,18,2.4518986979352353,3.7464097768884224,3.5715990939277633,3.625409259797491,3.8127286505916276,3.866489701027254,Method4
69,100,50,0.7,3,wide,5,4,4,4,4,4,20,0.799,0.806,4.2897858368777255,3.6920879398358424,3.9190649919430127,4.580211874781296,4.498722546083189,19,2.4071658038626387,3.7464097768884224,3.5715990939277633,3.625409259797491,3.8127286505916276,3.866489701027254,Method4
69,100,50,0.7,3,wide,5,4,4,4,4,4,20,0.799,0.806,4.285872986021577,3.711426878780119,3.916556779567083,4.573055441058754,4.510638082245593,20,2.4056044752072863,3.7464097768884224,3.5715990939277633,3.625409259797491,3.8127286505916276,3.866489701027254,Method4
69,100,50,0.7,3,wide,5,4,4,4,4,4,20,0.799,0.806,4.299296674879083,3.707084224804111,3.945076509440656,4.584898009645673,4.523510003507982,21,2.3522055983195354,3.7464097768884224,3.5715990939277633,3.625409259797491,3.8127286505916276,3.866489701027254,Method4
69,100,50,0.7,3,wide,5,4,4,4,4,4,20,0.799,0.806,4.322645367645404,3.7684888533018777,3.861150236343599,3.948993571199994,4.460302665798544,22,2.0135870025626392,3.7464097768884224,3.5715990939277633,3.625409259797491,3.8127286505916276,3.866489701027254,Method4
69,100,50,0.7,3,wide,5,4,4,4,4,4,20,0.799,0.806,4.205889129346453,3.7694128082553195,3.8082830209679206,3.990948725726427,4.551323474357483,23,1.9488110333697533,3.7464097768884224,3.5715990939277633,3.625409259797491,3.8127286505916276,3.866489701027254,Method4
69,100,50,0.7,3,wide,5,4,4,4,4,4,20,0.799,0.806,4.254899261868145,3.5551779749990096,3.844671613372404,4.016130682724373,4.481485322083393,24,1.8208668519027384,3.7464097768884224,3.5715990939277633,3.625409259797491,3.8127286505916276,3.866489701027254,Method4
69,100,50,0.7,3,wide,5,4,4,4,4,4,20,0.799,0.806,4.255738703819537,3.5999017564378977,3.796859894217477,3.9607435600916836,4.221754991471989,25,1.762587475576235,3.7464097768884224,3.5715990939277633,3.625409259797491,3.8127286505916276,3.866489701027254,Method4
69,100,50,0.7,3,wide,5,4,4,4,4,4,20,0.799,0.806,4.1521356690859825,3.5653329682517456,3.726546338181673,3.910474485450819,4.370769752716674,26,1.6292160957720523,3.7464097768884224,3.5715990939277633,3.625409259797491,3.8127286505916276,3.866489701027254,Method4
69,100,50,0.7,3,wide,5,4,4,4,4,4,20,0.799,0.806,4.190417732713414,3.5702670389451754,3.7155150160123886,3.979677251508944,4.316385785294542,27,1.5668026868385418,3.7464097768884224,3.5715990939277633,3.625409259797491,3.8127286505916276,3.866489701027254,Method4
69,100,50,0.7,3,wide,5,4,4,4,4,4,20,0.799,0.806,4.131970555571962,3.5142570338960137,3.6702202213053585,3.813329609691939,4.302740960785939,28,1.5012517213858716,3.7464097768884224,3.5715990939277633,3.625409259797491,3.8127286505916276,3.866489701027254,Method4
69,100,50,0.7,3,wide,5,4,4,4,4,4,20,0.799,0.806,4.1672195291066165,3.4857713704986364,3.7443645716095437,3.8759252311125127,4.337965638100086,29,1.4832142660757688,3.7464097768884224,3.5715990939277633,3.625409259797491,3.8127286505916276,3.866489701027254,Method4
69,100,50,0.7,3,wide,5,4,4,4,4,4,20,0.799,0.806,4.168621988658685,3.487497332555635,3.743468833879285,3.883057440571466,4.3373255544965446,30,1.4830419860906074,3.7464097768884224,3.5715990939277633,3.625409259797491,3.8127286505916276,3.866489701027254,Method4
69,100,50,0.7,3,wide,5,4,4,4,4,4,20,0.799,0.806,3.982566765604129,3.6094722758746385,3.721947325344149,3.8877038183552557,4.182511419524859,31,1.3543883559810805,3.7464097768884224,3.5715990939277633,3.625409259797491,3.8127286505916276,3.866489701027254,Method4
69,100,50,0.7,3,wide,5,4,4,4,4,4,20,0.799,0.806,3.791387713931802,3.637099714525082,3.770005295366487,3.920546030749169,4.197566165631099,32,1.2213534653168427,3.7464097768884224,3.5715990939277633,3.625409259797491,3.8127286505916276,3.866489701027254,Method4
69,100,50,0.7,3,wide,5,4,4,4,4,4,20,0.799,0.806,3.7734575710574254,3.7125992084607793,3.7483632428793996,3.9787474362820268,4.337253488966819,33,1.1111568479668417,3.7464097768884224,3.5715990939277633,3.625409259797491,3.8127286505916276,3.866489701027254,Method4
69,100,50,0.7,3,wide,5,4,4,4,4,4,20,0.799,0.806,3.708425222211896,3.7445548881043016,3.5761766147077503,3.9773580219532882,4.220959625668185,34,1.0295531673373441,3.7464097768884224,3.5715990939277633,3.625409259797491,3.8127286505916276,3.866489701027254,Method4
69,100,50,0.7,3,wide,5,4,4,4,4,4,20,0.799,0.806,3.7419960675974924,3.7270446970316047,3.362794553920065,3.6785907127097284,4.15383761050526,35,0.7062045670456263,3.7464097768884224,3.5715990939277633,3.625409259797491,3.8127286505916276,3.866489701027254,Method4
69,100,50,0.7,3,wide,5,4,4,4,4,4,20,0.799,0.806,3.74101392197173,3.7214529994525614,3.3731711850494093,3.696439865934127,4.172185146300202,36,0.7039786464044985,3.7464097768884224,3.5715990939277633,3.625409259797491,3.8127286505916276,3.866489701027254,Method4
69,100,50,0.7,3,wide,5,4,4,4,4,4,20,0.799,0.806,3.806233842658179,3.753100726540296,3.356069514970585,3.6943834906595625,3.8854889991962733,37,0.65224044020788,3.7464097768884224,3.5715990939277633,3.625409259797491,3.8127286505916276,3.866489701027254,Method4
69,100,50,0.7,3,wide,5,4,4,4,4,4,20,0.799,0.806,3.814510447058162,3.743188060375197,3.35065873859564,3.692725937415954,3.8864556107863866,38,0.6512768652632168,3.7464097768884224,3.5715990939277633,3.625409259797491,3.8127286505916276,3.866489701027254,Method4
69,100,50,0.7,3,wide,5,4,4,4,4,4,20,0.799,0.806,3.8262432698222013,3.741716093839094,3.3512974315160604,3.689759055257984,3.893415104872501,39,0.6506154912092995,3.7464097768884224,3.5715990939277633,3.625409259797491,3.8127286505916276,3.866489701027254,Method4
69,100,50,0.7,3,wide,5,4,4,4,4,4,20,0.799,0.806,3.8473333233574407,3.7510922810026663,3.3636514021823487,3.7137705232404463,3.891593336071747,40,0.644453434776373,3.7464097768884224,3.5715990939277633,3.625409259797491,3.8127286505916276,3.866489701027254,Method4
69,100,50,0.7,3,wide,5,4,4,4,4,4,20,0.799,0.806,3.871380827026478,3.7564432701014945,3.3215092301173894,3.618710716694981,3.9023932222814888,41,0.6294627858111973,3.7464097768884224,3.5715990939277633,3.625409259797491,3.8127286505916276,3.866489701027254,Method4
69,100,50,0.7,3,wide,5,4,4,4,4,4,20,0.799,0.806,4.954475325506341,4.4842162523600395,4.561616261631069,3.9835657945587757,3.869902884763733,5,10.963460752424556,3.605965364158581,3.5724981846591395,3.8095137999999165,3.7178755878734977,3.78894215819843,Method4
69,100,50,0.7,3,wide,5,4,4,4,4,4,20,0.799,0.806,4.954475325506341,4.4842162523600395,4.561616261631069,3.9835657945587757,3.869902884763733,6,10.963460752424556,3.605965364158581,3.5724981846591395,3.8095137999999165,3.7178755878734977,3.78894215819843,Method4
69,100,50,0.7,3,wide,5,4,4,4,4,4,20,0.799,0.806,4.664458886648443,4.330720303179355,4.682840243479013,4.078611295659933,4.187605781563814,7,5.771121125669971,3.605965364158581,3.5724981846591395,3.8095137999999165,3.7178755878734977,3.78894215819843,Method4
69,100,50,0.7,3,wide,5,4,4,4,4,4,20,0.799,0.806,4.631056161821249,4.2771351842666485,3.9816394794482877,4.110343892583115,4.179805210224795,8,5.524920485210597,3.605965364158581,3.5724981846591395,3.8095137999999165,3.7178755878734977,3.78894215819843,Method4
69,100,50,0.7,3,wide,5,4,4,4,4,4,20,0.799,0.806,4.495128582274611,4.055842165541117,3.7506859099509415,4.141423604038142,4.1928071013449815,9,4.600899134591935,3.605965364158581,3.5724981846591395,3.8095137999999165,3.7178755878734977,3.78894215819843,Method4
69,100,50,0.7,3,wide,5,4,4,4,4,4,20,0.799,0.806,4.567872378518445,3.483217668996444,3.653378936618423,4.108150565239804,4.20726307599439,10,4.207851215777022,3.605965364158581,3.5724981846591395,3.8095137999999165,3.7178755878734977,3.78894215819843,Method4
69,100,50,0.7,3,wide,5,4,4,4,4,4,20,0.799,0.806,4.58278602847825,3.4724772087772298,3.6199171460019115,3.8290313169189902,4.229794974236065,11,4.125742134875026,3.605965364158581,3.5724981846591395,3.8095137999999165,3.7178755878734977,3.78894215819843,Method4
69,100,50,0.7,3,wide,5,4,4,4,4,4,20,0.799,0.806,4.591897692009515,3.4756133070548385,3.5314584605123756,3.820028423757211,4.233367330509531,12,4.119173287613041,3.605965364158581,3.5724981846591395,3.8095137999999165,3.7178755878734977,3.78894215819843,Method4
69,100,50,0.7,3,wide,5,4,4,4,4,4,20,0.799,0.806,4.605739020979562,3.5999177397321263,3.5365434383222056,3.9141775479167187,4.198872147105382,13,3.9341498593003217,3.605965364158581,3.5724981846591395,3.8095137999999165,3.7178755878734977,3.78894215819843,Method4
69,100,50,0.7,3,wide,5,4,4,4,4,4,20,0.799,0.806,4.626684914262926,3.3472350386582854,3.497934651438007,3.935597503107282,4.197005255740486,14,3.901706510452077,3.605965364158581,3.5724981846591395,3.8095137999999165,3.7178755878734977,3.78894215819843,Method4
69,100,50,0.7,3,wide,5,4,4,4,4,4,20,0.799,0.806,4.519941557082952,3.366648056686017,3.56075443331077,4.01146916458102,3.6105347583383733,15,3.631470481428716,3.605965364158581,3.5724981846591395,3.8095137999999165,3.7178755878734977,3.78894215819843,Method4
69,100,50,0.7,3,wide,5,4,4,4,4,4,20,0.799,0.806,4.458991833319892,3.2234897802911044,3.5306187562015117,3.9283084982264724,3.54222611151259,16,2.6073444084138053,3.605965364158581,3.5724981846591395,3.8095137999999165,3.7178755878734977,3.78894215819843,Method4
69,100,50,0.7,3,wide,5,4,4,4,4,4,20,0.799,0.806,4.478243691095405,3.2279547880579815,3.6170695149262087,3.9065634767247834,3.5556037719259854,17,2.589335763574313,3.605965364158581,3.5724981846591395,3.8095137999999165,3.7178755878734977,3.78894215819843,Method4
69,100,50,0.7,3,wide,5,4,4,4,4,4,20,0.799,0.806,4.475200218447836,3.0703674324635193,3.7092857507911448,3.852283377892247,3.508390016638307,18,2.22609263347016,3.605965364158581,3.5724981846591395,3.8095137999999165,3.7178755878734977,3.78894215819843,Method4
69,100,50,0.7,3,wide,5,4,4,4,4,4,20,0.799,0.806,4.451298771736731,3.078095583560582,3.6756922121020605,3.8312417794901035,3.5105616793549634,19,2.196860340187204,3.605965364158581,3.5724981846591395,3.8095137999999165,3.7178755878734977,3.78894215819843,Method4
69,100,50,0.7,3,wide,5,4,4,4,4,4,20,0.799,0.806,4.44439158427303,3.0767982199129547,3.6479132485134618,3.814609350607398,3.4807402743326064,20,1.8206098430098567,3.605965364158581,3.5724981846591395,3.8095137999999165,3.7178755878734977,3.78894215819843,Method4
69,100,50,0.7,3,wide,5,4,4,4,4,4,20,0.799,0.806,4.423803100413138,3.2149054523761045,3.8409511506182406,3.8114277416100926,3.4690165984287358,21,1.6959142759046288,3.605965364158581,3.5724981846591395,3.8095137999999165,3.7178755878734977,3.78894215819843,Method4
69,100,50,0.7,3,wide,5,4,4,4,4,4,20,0.799,0.806,4.442623836531088,3.0852201356907947,3.939427492767415,3.734145332295645,3.5036061024237473,22,1.6241053395473668,3.605965364158581,3.5724981846591395,3.8095137999999165,3.7178755878734977,3.78894215819843,Method4
69,100,50,0.7,3,wide,5,4,4,4,4,4,20,0.799,0.806,4.426642270194498,3.1036922850568414,3.9612455006362652,3.735476876117179,3.525186819007693,23,1.6040510793555574,3.605965364158581,3.5724981846591395,3.8095137999999165,3.7178755878734977,3.78894215819843,Method4
69,100,50,0.7,3,wide,5,4,4,4,4,4,20,0.799,0.806,3.9622667732491914,3.2131467752140073,4.123584557437544,3.749768084202659,3.641547025221943,24,1.345506648986253,3.605965364158581,3.5724981846591395,3.8095137999999165,3.7178755878734977,3.78894215819843,Method4
69,100,50,0.7,3,wide,5,4,4,4,4,4,20,0.799,0.806,3.963692251584351,3.0682498534796445,4.105448458759148,3.655099057818173,3.3041940662997247,25,1.2635731706760973,3.605965364158581,3.5724981846591395,3.8095137999999165,3.7178755878734977,3.78894215819843,Method4
69,100,50,0.7,3,wide,5,4,4,4,4,4,20,0.799,0.806,3.851942505888424,3.1144653915656075,4.072694383288923,3.6611078577473513,3.334842211713314,26,1.2452006095639936,3.605965364158581,3.5724981846591395,3.8095137999999165,3.7178755878734977,3.78894215819843,Method4
69,100,50,0.7,3,wide,5,4,4,4,4,4,20,0.799,0.806,3.876688873422875,3.1355700543535066,4.0663202740938935,3.751327091130853,3.3943680410808583,27,1.1973834314605385,3.605965364158581,3.5724981846591395,3.8095137999999165,3.7178755878734977,3.78894215819843,Method4
69,100,50,0.7,3,wide,5,4,4,4,4,4,20,0.799,0.806,3.7972521785660303,3.146365991360124,4.047686495801604,3.7780869807551514,3.4804907581256948,28,1.157488402840523,3.605965364158581,3.5724981846591395,3.8095137999999165,3.7178755878734977,3.78894215819843,Method4
69,100,50,0.7,3,wide,5,4,4,4,4,4,20,0.799,0.806,3.8056826415839415,3.0883063831414415,3.997560301119991,3.7697859071218605,3.486888105452459,29,1.151395483693982,3.605965364158581,3.5724981846591395,3.8095137999999165,3.7178755878734977,3.78894215819843,Method4
69,100,50,0.7,3,wide,5,4,4,4,4,4,20,0.799,0.806,3.633858884091264,3.046871980940257,4.079783335614722,3.781247504497696,3.351112351928013,30,0.975503976388771,3.605965364158581,3.5724981846591395,3.8095137999999165,3.7178755878734977,3.78894215819843,Method4
69,100,50,0.7,3,wide,5,4,4,4,4,4,20,0.799,0.806,3.6204055558621238,3.05254137482971,4.086344847697325,3.783935737086933,3.346379180968693,31,0.9751378071700105,3.605965364158581,3.5724981846591395,3.8095137999999165,3.7178755878734977,3.78894215819843,Method4
69,100,50,0.7,3,wide,5,4,4,4,4,4,20,0.799,0.806,3.6388498956446895,3.008362578816185,4.0031400953677005,3.7793432850851136,3.3877567222765204,32,0.9549223317620066,3.605965364158581,3.5724981846591395,3.8095137999999165,3.7178755878734977,3.78894215819843,Method4
69,100,50,0.7,3,wide,5,4,4,4,4,4,20,0.799,0.806,3.6377163486975466,2.9160357715812135,3.9415723979517545,3.7554973090270343,3.3742259281474323,33,0.9127951946067006,3.605965364158581,3.5724981846591395,3.8095137999999165,3.7178755878734977,3.78894215819843,Method4
69,100,50,0.7,3,wide,5,4,4,4,4,4,20,0.799,0.806,3.6369284380665134,2.9282031627280727,3.9708055021358017,3.7102752784758106,3.386914064222614,34,0.9084670053468621,3.605965364158581,3.5724981846591395,3.8095137999999165,3.7178755878734977,3.78894215819843,Method4
69,100,50,0.7,3,wide,5,4,4,4,4,4,20,0.799,0.806,3.6392605630879697,2.7361822931353825,3.8557336290811817,3.7144879683453245,3.3746153633811695,35,0.8446891328459615,3.605965364158581,3.5724981846591395,3.8095137999999165,3.7178755878734977,3.78894215819843,Method4
69,100,50,0.7,3,wide,5,4,4,4,4,4,20,0.799,0.806,3.632783861559995,2.7430098018184266,3.8455164235118082,3.6834979560989223,3.3834268003100902,36,0.8361188973827909,3.605965364158581,3.5724981846591395,3.8095137999999165,3.7178755878734977,3.78894215819843,Method4
69,100,50,0.7,3,wide,5,4,4,4,4,4,20,0.799,0.806,3.583491605586035,2.7168276253875905,3.7177566601499965,3.7428920346942607,3.171329633841767,37,0.6950426515125889,3.605965364158581,3.5724981846591395,3.8095137999999165,3.7178755878734977,3.78894215819843,Method4
69,100,50,0.7,3,wide,5,4,4,4,4,4,20,0.799,0.806,3.600627377995982,2.701179856599672,3.629779048615473,3.774558687540976,3.1370350921809327,38,0.6694417096443018,3.605965364158581,3.5724981846591395,3.8095137999999165,3.7178755878734977,3.78894215819843,Method4
69,100,50,0.7,3,wide,5,4,4,4,4,4,20,0.799,0.806,3.5930824612487586,2.70550936551982,3.6282904909496296,3.782448679843184,3.1487186090561825,39,0.6690272532322273,3.605965364158581,3.5724981846591395,3.8095137999999165,3.7178755878734977,3.78894215819843,Method4
69,100,50,0.7,3,wide,5,4,4,4,4,4,20,0.799,0.806,3.53389331149631,2.6607952133565336,3.6198469710179957,3.667212716875549,3.4349157953221385,40,0.6163160760610509,3.605965364158581,3.5724981846591395,3.8095137999999165,3.7178755878734977,3.78894215819843,Method4
69,100,50,0.7,3,wide,5,4,4,4,4,4,20,0.799,0.806,3.5357676059447307,2.6549696263733833,3.6190208068970384,3.63401204169044,3.44328385365303,41,0.6150311669196323,3.605965364158581,3.5724981846591395,3.8095137999999165,3.7178755878734977,3.78894215819843,Method4
69,100,50,0.7,3,wide,5,4,4,4,4,4,20,0.799,0.806,4.508434898146277,4.286242326219857,3.9210323237964064,4.550283355737907,4.063333784338323,5,14.602787432523376,3.667054504458644,3.804836451518436,3.5348736453949834,3.905026827359596,3.522804327258693,Method4
69,100,50,0.7,3,wide,5,4,4,4,4,4,20,0.799,0.806,4.508434898146277,4.286242326219857,3.9210323237964064,4.550283355737907,4.063333784338323,6,14.602787432523376,3.667054504458644,3.804836451518436,3.5348736453949834,3.905026827359596,3.522804327258693,Method4
69,100,50,0.7,3,wide,5,4,4,4,4,4,20,0.799,0.806,4.603123759653447,4.245402937467215,3.369096462591109,4.643489188813992,4.086158205424602,7,14.160191481284171,3.667054504458644,3.804836451518436,3.5348736453949834,3.905026827359596,3.522804327258693,Method4
69,100,50,0.7,3,wide,5,4,4,4,4,4,20,0.799,0.806,4.455486028898259,3.1302075765564368,3.194875371778324,4.453900403252728,4.152472974307972,8,13.327208833946186,3.667054504458644,3.804836451518436,3.5348736453949834,3.905026827359596,3.522804327258693,Method4
69,100,50,0.7,3,wide,5,4,4,4,4,4,20,0.799,0.806,4.453684516159246,3.150493452819278,3.178194171167268,4.4710020843002605,3.735273192872095,9,13.206468583663515,3.667054504458644,3.804836451518436,3.5348736453949834,3.905026827359596,3.522804327258693,Method4
69,100,50,0.7,3,wide,5,4,4,4,4,4,20,0.799,0.806,4.001323311143489,3.8026134778133964,4.0016530666701255,4.792714279671286,3.9707075709339525,10,4.884751407289936,3.667054504458644,3.804836451518436,3.5348736453949834,3.905026827359596,3.522804327258693,Method4
69,100,50,0.7,3,wide,5,4,4,4,4,4,20,0.799,0.806,3.9655863416914516,3.7624041389954996,4.041884329309548,4.779337275798452,3.7375826586323457,11,4.7988462748870155,3.667054504458644,3.804836451518436,3.5348736453949834,3.905026827359596,3.522804327258693,Method4
69,100,50,0.7,3,wide,5,4,4,4,4,4,20,0.799,0.806,4.115139996942078,4.104121528977344,3.856915860531698,4.903085598889471,3.7046369018396725,12,3.580886646467143,3.667054504458644,3.804836451518436,3.5348736453949834,3.905026827359596,3.522804327258693,Method4
69,100,50,0.7,3,wide,5,4,4,4,4,4,20,0.799,0.806,4.033058745306671,4.046281983362453,4.0026553652564205,4.796262695069772,3.634070818590352,13,3.166369862503171,3.667054504458644,3.804836451518436,3.5348736453949834,3.905026827359596,3.522804327258693,Method4
69,100,50,0.7,3,wide,5,4,4,4,4,4,20,0.799,0.806,4.117112879244206,3.670115866194832,3.9426889495944017,4.6788291085900005,3.6596309529982336,14,2.9645679002172995,3.667054504458644,3.804836451518436,3.5348736453949834,3.905026827359596,3.522804327258693,Method4
69,100,50,0.7,3,wide,5,4,4,4,4,4,20,0.799,0.806,4.097282805890117,3.4993422340124303,3.9698073226102317,4.672559074556079,3.594030793936474,15,2.7681144896898204,3.667054504458644,3.804836451518436,3.5348736453949834,3.905026827359596,3.522804327258693,Method4
69,100,50,0.7,3,wide,5,4,4,4,4,4,20,0.799,0.806,4.070440897466123,3.424160076162694,3.9862302287555305,4.664437046847831,3.4971198303099933,16,2.535961064569704,3.667054504458644,3.804836451518436,3.5348736453949834,3.905026827359596,3.522804327258693,Method4
69,100,50,0.7,3,wide,5,4,4,4,4,4,20,0.799,0.806,4.076337560884705,3.426594306434758,3.9654012975785387,4.680851846495848,3.4363292085751196,17,2.5269819805805245,3.667054504458644,3.804836451518436,3.5348736453949834,3.905026827359596,3.522804327258693,Method4
69,100,50,0.7,3,wide,5,4,4,4,4,4,20,0.799,0.806,4.017418422137981,3.4225233505867214,3.8507157074343508,4.630556693163645,3.5605808155852037,18,2.2508245979154227,3.667054504458644,3.804836451518436,3.5348736453949834,3.905026827359596,3.522804327258693,Method4
69,100,50,0.7,3,wide,5,4,4,4,4,4,20,0.799,0.806,3.5595926386350483,3.4809291711378045,3.870912022000275,4.669353074736164,3.509859709217389,19,2.1117917147882777,3.667054504458644,3.804836451518436,3.5348736453949834,3.905026827359596,3.522804327258693,Method4
69,100,50,0.7,3,wide,5,4,4,4,4,4,20,0.799,0.806,3.5584855169569942,3.4881688976694836,3.854901652402461,4.671242009665746,3.498493919435223,20,2.111124752524011,3.667054504458644,3.804836451518436,3.5348736453949834,3.905026827359596,3.522804327258693,Method4
69,100,50,0.7,3,wide,5,4,4,4,4,4,20,0.799,0.806,3.591185198094055,3.445281615296948,3.8664770315730035,4.622995736567547,3.514718757959064,21,1.9993976882207654,3.667054504458644,3.804836451518436,3.5348736453949834,3.905026827359596,3.522804327258693,Method4
69,100,50,0.7,3,wide,5,4,4,4,4,4,20,0.799,0.806,3.6837502791018135,3.4508723538815556,3.72457482397941,4.174726728576859,3.469798158529464,22,1.835432870462882,3.667054504458644,3.804836451518436,3.5348736453949834,3.905026827359596,3.522804327258693,Method4
69,100,50,0.7,3,wide,5,4,4,4,4,4,20,0.799,0.806,3.735757892893424,3.3196232323844446,3.7853941428189746,4.211080083740987,3.483624734678227,23,1.6463523355749876,3.667054504458644,3.804836451518436,3.5348736453949834,3.905026827359596,3.522804327258693,Method4
69,100,50,0.7,3,wide,5,4,4,4,4,4,20,0.799,0.806,3.7804562709090552,3.3710661026008997,3.789446923152786,4.2257195616100764,3.552361777259301,24,1.6072757028433449,3.667054504458644,3.804836451518436,3.5348736453949834,3.905026827359596,3.522804327258693,Method4
69,100,50,0.7,3,wide,5,4,4,4,4,4,20,0.799,0.806,3.53552095022695,3.505040989324795,3.754131394647652,4.238022655270343,3.5713478808042893,25,1.5211789214968399,3.667054504458644,3.804836451518436,3.5348736453949834,3.905026827359596,3.522804327258693,Method4
69,100,50,0.7,3,wide,5,4,4,4,4,4,20,0.799,0.806,3.561399016973819,3.4923278499360926,3.665619024898366,4.177409471810157,3.7032101497822087,26,1.3739700471804233,3.667054504458644,3.804836451518436,3.5348736453949834,3.905026827359596,3.522804327258693,Method4
69,100,50,0.7,3,wide,5,4,4,4,4,4,20,0.799,0.806,3.503717580906557,3.35536311502696,3.753533472221997,4.146972733350857,3.6835117990068285,27,1.223893566553222,3.667054504458644,3.804836451518436,3.5348736453949834,3.905026827359596,3.522804327258693,Method4
69,100,50,0.7,3,wide,5,4,4,4,4,4,20,0.799,0.806,3.5079045077980373,3.2997761917485557,3.7599826311054705,4.145160958953381,3.7014361173324675,28,1.2203421599397688,3.667054504458644,3.804836451518436,3.5348736453949834,3.905026827359596,3.522804327258693,Method4
69,100,50,0.7,3,wide,5,4,4,4,4,4,20,0.799,0.806,3.545680250927956,3.3577931453080594,3.7449064846796607,4.093564065686376,3.6942865376578937,29,1.2094505273144818,3.667054504458644,3.804836451518436,3.5348736453949834,3.905026827359596,3.522804327258693,Method4
69,100,50,0.7,3,wide,5,4,4,4,4,4,20,0.799,0.806,3.54006463270785,3.3681761657620526,3.7383530382112515,4.085051420609439,3.69299886643072,30,1.1982796074240687,3.667054504458644,3.804836451518436,3.5348736453949834,3.905026827359596,3.522804327258693,Method4
69,100,50,0.7,3,wide,5,4,4,4,4,4,20,0.799,0.806,3.5031350539788764,3.3504419259755287,3.8211890853867496,4.038990780573048,3.7325230688815405,31,1.0173922119036387,3.667054504458644,3.804836451518436,3.5348736453949834,3.905026827359596,3.522804327258693,Method4
69,100,50,0.7,3,wide,5,4,4,4,4,4,20,0.799,0.806,3.3163131012301954,3.4214469716557776,3.9532297097557283,4.157983719242828,3.6247154269809165,32,0.838593674299445,3.667054504458644,3.804836451518436,3.5348736453949834,3.905026827359596,3.522804327258693,Method4
69,100,50,0.7,3,wide,5,4,4,4,4,4,20,0.799,0.806,3.322236370287198,3.4629998257434607,3.9747822138240805,4.152412391966917,3.6170144209211554,33,0.8346306529340508,3.667054504458644,3.804836451518436,3.5348736453949834,3.905026827359596,3.522804327258693,Method4
69,100,50,0.7,3,wide,5,4,4,4,4,4,20,0.799,0.806,3.3412129611569434,3.3912782679168076,3.845890714248088,4.201584205860368,3.605030357546684,34,0.815553228293142,3.667054504458644,3.804836451518436,3.5348736453949834,3.905026827359596,3.522804327258693,Method4
69,100,50,0.7,3,wide,5,4,4,4,4,4,20,0.799,0.806,3.30405246527447,3.5047096978134467,3.7404677431956963,4.227635719562034,3.549869833359238,35,0.7672980827567091,3.667054504458644,3.804836451518436,3.5348736453949834,3.905026827359596,3.522804327258693,Method4
69,100,50,0.7,3,wide,5,4,4,4,4,4,20,0.799,0.806,3.307263448920702,3.508131751795265,3.7410941693251334,4.227802213777952,3.550598858699179,36,0.7671106393758028,3.667054504458644,3.804836451518436,3.5348736453949834,3.905026827359596,3.522804327258693,Method4
69,100,50,0.7,3,wide,5,4,4,4,4,4,20,0.799,0.806,3.2900874659332264,3.5296373745282295,3.7109438186582486,4.37097085587022,3.551144402055869,37,0.7540710573924294,3.667054504458644,3.804836451518436,3.5348736453949834,3.905026827359596,3.522804327258693,Method4
69,100,50,0.7,3,wide,5,4,4,4,4,4,20,0.799,0.806,3.3030526217209624,3.503908362591696,3.6824144043894815,4.35418256498862,3.555337201174172,38,0.7476331410166943,3.667054504458644,3.804836451518436,3.5348736453949834,3.905026827359596,3.522804327258693,Method4
69,100,50,0.7,3,wide,5,4,4,4,4,4,20,0.799,0.806,3.320193512763706,3.4823420273623285,3.6756590449524156,4.293822442015543,3.5214044268116784,39,0.7367329710924664,3.667054504458644,3.804836451518436,3.5348736453949834,3.905026827359596,3.522804327258693,Method4
69,100,50,0.7,3,wide,5,4,4,4,4,4,20,0.799,0.806,3.2995532111494836,3.4694005267163748,3.6915313244350942,4.294556713845046,3.511724155515048,40,0.7286889874732356,3.667054504458644,3.804836451518436,3.5348736453949834,3.905026827359596,3.522804327258693,Method4
69,100,50,0.7,3,wide,5,4,4,4,4,4,20,0.799,0.806,3.298726724652084,3.4794766588396127,3.6934656574299267,4.2896065085000625,3.5148145538076,41,0.7280836926673451,3.667054504458644,3.804836451518436,3.5348736453949834,3.905026827359596,3.522804327258693,Method4
69,100,50,0.7,3,wide,5,4,4,4,4,4,20,0.799,0.806,3.9347615787632075,4.482869222264462,4.733454058231378,5.568329847104238,5.217322312508505,5,26.04164917265017,3.4695004937410436,3.60443464983806,3.8937079991028885,3.8568341319658916,3.615691239798992,Method4
69,100,50,0.7,3,wide,5,4,4,4,4,4,20,0.799,0.806,3.9347615787632075,4.482869222264462,4.733454058231378,5.568329847104238,5.217322312508505,6,26.04164917265017,3.4695004937410436,3.60443464983806,3.8937079991028885,3.8568341319658916,3.615691239798992,Method4
69,100,50,0.7,3,wide,5,4,4,4,4,4,20,0.799,0.806,3.9330258166334495,4.321098240561562,4.704193155626657,5.087709961921235,5.13371135778523,7,9.638596120651256,3.4695004937410436,3.60443464983806,3.8937079991028885,3.8568341319658916,3.615691239798992,Method4
69,100,50,0.7,3,wide,5,4,4,4,4,4,20,0.799,0.806,3.7709908385774815,4.0899295269434655,4.7477494280491,5.269290197692785,4.971406081838399,8,6.0404242209340016,3.4695004937410436,3.60443464983806,3.8937079991028885,3.8568341319658916,3.615691239798992,Method4
69,100,50,0.7,3,wide,5,4,4,4,4,4,20,0.799,0.806,3.7722009191632013,4.089273860643615,4.748660937990625,5.254682437503241,4.974588948454109,9,6.040249402656436,3.4695004937410436,3.60443464983806,3.8937079991028885,3.8568341319658916,3.615691239798992,Method4
69,100,50,0.7,3,wide,5,4,4,4,4,4,20,0.799,0.806,3.639226839985786,4.200786803543034,3.8941160147820213,5.202344440458138,4.904741718564945,10,5.440741262251373,3.4695004937410436,3.60443464983806,3.8937079991028885,3.8568341319658916,3.615691239798992,Method4
69,100,50,0.7,3,wide,5,4,4,4,4,4,20,0.799,0.806,3.934094402242081,4.229111983435529,4.025482961820417,4.938045454487624,4.656965615849911,11,4.1854972490630304,3.4695004937410436,3.60443464983806,3.8937079991028885,3.8568341319658916,3.615691239798992,Method4
69,100,50,0.7,3,wide,5,4,4,4,4,4,20,0.799,0.806,3.895329669336511,4.21392799387351,4.1741250235839855,4.980225610141116,4.7005818678489915,12,4.1281263613699375,3.4695004937410436,3.60443464983806,3.8937079991028885,3.8568341319658916,3.615691239798992,Method4
69,100,50,0.7,3,wide,5,4,4,4,4,4,20,0.799,0.806,4.038456167471788,4.259615688979337,4.096781111180788,4.844373064688377,4.455310010649518,13,3.0611165318301756,3.4695004937410436,3.60443464983806,3.8937079991028885,3.8568341319658916,3.615691239798992,Method4
69,100,50,0.7,3,wide,5,4,4,4,4,4,20,0.799,0.806,4.080942912614755,4.3482207194176,4.116861436254652,4.884702855246604,4.369688654284885,14,2.849511057137899,3.4695004937410436,3.60443464983806,3.8937079991028885,3.8568341319658916,3.615691239798992,Method4
69,100,50,0.7,3,wide,5,4,4,4,4,4,20,0.799,0.806,3.9258461712780552,4.375428775132968,4.113035049362385,4.857895025638892,4.355539717885119,15,2.817383476860098,3.4695004937410436,3.60443464983806,3.8937079991028885,3.8568341319658916,3.615691239798992,Method4
69,100,50,0.7,3,wide,5,4,4,4,4,4,20,0.799,0.806,3.816747271337982,4.288064944723858,4.210460318211493,4.81860379987887,4.3607576814684474,16,2.5202778202830824,3.4695004937410436,3.60443464983806,3.8937079991028885,3.8568341319658916,3.615691239798992,Method4
69,100,50,0.7,3,wide,5,4,4,4,4,4,20,0.799,0.806,3.815051122337152,3.731824516966127,4.1740373582898,4.871081516112184,4.4878119406847254,17,2.3733891388769535,3.4695004937410436,3.60443464983806,3.8937079991028885,3.8568341319658916,3.615691239798992,Method4
69,100,50,0.7,3,wide,5,4,4,4,4,4,20,0.799,0.806,3.742313266774462,3.749002102178839,4.189041486149438,4.8636351801387745,4.2376405692471835,18,2.327950476628693,3.4695004937410436,3.60443464983806,3.8937079991028885,3.8568341319658916,3.615691239798992,Method4
69,100,50,0.7,3,wide,5,4,4,4,4,4,20,0.799,0.806,3.735716035691952,3.8888083949419574,4.192570306668375,4.640006799437154,4.148533309623919,19,2.2028352889823206,3.4695004937410436,3.60443464983806,3.8937079991028885,3.8568341319658916,3.615691239798992,Method4
69,100,50,0.7,3,wide,5,4,4,4,4,4,20,0.799,0.806,3.7610685797178287,3.7071986098901912,4.209165517198182,4.553668418762174,4.198134539609069,20,2.162274633274036,3.4695004937410436,3.60443464983806,3.8937079991028885,3.8568341319658916,3.615691239798992,Method4
69,100,50,0.7,3,wide,5,4,4,4,4,4,20,0.799,0.806,3.7458080391334856,3.7932243822979568,4.138988450414719,4.478950558128168,4.161133058664457,21,2.0799487058787838,3.4695004937410436,3.60443464983806,3.8937079991028885,3.8568341319658916,3.615691239798992,Method4
69,100,50,0.7,3,wide,5,4,4,4,4,4,20,0.799,0.806,3.6899067272635877,3.750713532984737,4.074110586902682,4.419568367673014,4.110748092751974,22,1.9195933695965617,3.4695004937410436,3.60443464983806,3.8937079991028885,3.8568341319658916,3.615691239798992,Method4
69,100,50,0.7,3,wide,5,4,4,4,4,4,20,0.799,0.806,3.708057224399937,3.5818557761800847,4.070441357601822,4.353560911272139,3.991344692282531,23,1.5928436450821017,3.4695004937410436,3.60443464983806,3.8937079991028885,3.8568341319658916,3.615691239798992,Method4
69,100,50,0.7,3,wide,5,4,4,4,4,4,20,0.799,0.806,3.682486438338566,3.477400047643917,4.066449006585844,4.190293781892606,4.004174852868584,24,1.533153096902644,3.4695004937410436,3.60443464983806,3.8937079991028885,3.8568341319658916,3.615691239798992,Method4
69,100,50,0.7,3,wide,5,4,4,4,4,4,20,0.799,0.806,3.716826241884754,3.3900906267320297,4.053126765514859,4.0874065355080145,3.9929042648267585,25,1.437282779111262,3.4695004937410436,3.60443464983806,3.8937079991028885,3.8568341319658916,3.615691239798992,Method4
69,100,50,0.7,3,wide,5,4,4,4,4,4,20,0.799,0.806,3.7764474319883665,3.4361715455944135,4.085345726797813,3.9773548502121194,4.005008866289855,26,1.2390070681232626,3.4695004937410436,3.60443464983806,3.8937079991028885,3.8568341319658916,3.615691239798992,Method4
69,100,50,0.7,3,wide,5,4,4,4,4,4,20,0.799,0.806,3.7761053658808166,3.432651245906608,4.086211815055956,3.978616347569613,4.005358332364472,27,1.2389653085292718,3.4695004937410436,3.60443464983806,3.8937079991028885,3.8568341319658916,3.615691239798992,Method4
69,100,50,0.7,3,wide,5,4,4,4,4,4,20,0.799,0.806,3.8196780586092087,3.412037821829063,4.073748163204743,3.9503266649966204,4.034287572118362,28,1.1869848102376723,3.4695004937410436,3.60443464983806,3.8937079991028885,3.8568341319658916,3.615691239798992,Method4
69,100,50,0.7,3,wide,5,4,4,4,4,4,20,0.799,0.806,3.8969674104269028,3.4079873002881285,4.1159035619409625,3.942079656140484,3.930625837845162,29,1.1236145817900587,3.4695004937410436,3.60443464983806,3.8937079991028885,3.8568341319658916,3.615691239798992,Method4
69,100,50,0.7,3,wide,5,4,4,4,4,4,20,0.799,0.806,3.8951035828999063,3.457195025151398,4.083762991900375,3.942466732216062,3.935583985431491,30,1.1158830812534133,3.4695004937410436,3.60443464983806,3.8937079991028885,3.8568341319658916,3.615691239798992,Method4
69,100,50,0.7,3,wide,5,4,4,4,4,4,20,0.799,0.806,3.999763402291121,3.467401501360379,4.108413400020985,3.8786510646113426,4.0073950418489215,31,0.9799179089368644,3.4695004937410436,3.60443464983806,3.8937079991028885,3.8568341319658916,3.615691239798992,Method4
69,100,50,0.7,3,wide,5,4,4,4,4,4,20,0.799,0.806,3.75250949599002,3.3694639268835216,4.0825889267158075,3.8647847463074427,4.026003188984422,32,0.8859043153777858,3.4695004937410436,3.60443464983806,3.8937079991028885,3.8568341319658916,3.615691239798992,Method4
69,100,50,0.7,3,wide,5,4,4,4,4,4,20,0.799,0.806,3.7323462135926753,3.3491208318425705,4.0764135598209235,3.86451078001074,3.9925030676256745,33,0.8837829478724801,3.4695004937410436,3.60443464983806,3.8937079991028885,3.8568341319658916,3.615691239798992,Method4
69,100,50,0.7,3,wide,5,4,4,4,4,4,20,0.799,0.806,3.707441527102681,3.3131459715518847,4.2326473966260805,3.8271851423128,3.9131467189482594,34,0.7124211071861464,3.4695004937410436,3.60443464983806,3.8937079991028885,3.8568341319658916,3.615691239798992,Method4
69,100,50,0.7,3,wide,5,4,4,4,4,4,20,0.799,0.806,3.722719904140943,3.286328807654129,4.2507337259946025,3.8321675171760083,3.903307137926226,35,0.708462637819504,3.4695004937410436,3.60443464983806,3.8937079991028885,3.8568341319658916,3.615691239798992,Method4
69,100,50,0.7,3,wide,5,4,4,4,4,4,20,0.799,0.806,3.7243649764413065,3.2831564879188626,4.250509075050154,3.8326057194139027,3.9039563941620177,36,0.7083151130936873,3.4695004937410436,3.60443464983806,3.8937079991028885,3.8568341319658916,3.615691239798992,Method4
69,100,50,0.7,3,wide,5,4,4,4,4,4,20,0.799,0.806,3.768997825907032,3.3016859653322084,4.251732188219009,3.832952046119861,3.87279504619269,37,0.6985773613896058,3.4695004937410436,3.60443464983806,3.8937079991028885,3.8568341319658916,3.615691239798992,Method4
69,100,50,0.7,3,wide,5,4,4,4,4,4,20,0.799,0.806,3.7550402381591423,3.3140789284987457,4.244158340787924,3.7962511769789,3.8581653294372895,38,0.6962705348778567,3.4695004937410436,3.60443464983806,3.8937079991028885,3.8568341319658916,3.615691239798992,Method4
69,100,50,0.7,3,wide,5,4,4,4,4,4,20,0.799,0.806,3.7736388528527756,3.3333745931994447,4.2448674382927605,3.791593177430438,3.859573049706531,39,0.6954329024624148,3.4695004937410436,3.60443464983806,3.8937079991028885,3.8568341319658916,3.615691239798992,Method4
69,100,50,0.7,3,wide,5,4,4,4,4,4,20,0.799,0.806,3.775185560682825,3.328940083092605,4.24603835761771,3.7893422464912487,3.862814103872276,40,0.6953141343467341,3.4695004937410436,3.60443464983806,3.8937079991028885,3.8568341319658916,3.615691239798992,Method4
69,100,50,0.7,3,wide,5,4,4,4,4,4,20,0.799,0.806,3.7606801404301597,3.3254547519451605,4.223631360904907,3.7798698858608137,3.8953790977519787,41,0.692157867366528,3.4695004937410436,3.60443464983806,3.8937079991028885,3.8568341319658916,3.615691239798992,Method4
69,100,50,0.7,3,wide,5,4,4,4,4,4,20,0.799,0.806,4.288965520923237,3.8582154420677717,4.355214582814707,4.012668359680525,4.852659897950956,5,7.588934551008154,3.9417982443034134,3.502711713484251,3.893399283566138,3.6240913837066113,3.5712048312864075,Method4
69,100,50,0.7,3,wide,5,4,4,4,4,4,20,0.799,0.806,4.288965520923237,3.8582154420677717,4.355214582814707,4.012668359680525,4.852659897950956,6,7.588934551008154,3.9417982443034134,3.502711713484251,3.893399283566138,3.6240913837066113,3.5712048312864075,Method4
69,100,50,0.7,3,wide,5,4,4,4,4,4,20,0.799,0.806,4.264341830601287,4.003216179641338,4.541216974848586,3.938854893963205,4.765652271941819,7,4.360512266214052,3.9417982443034134,3.502711713484251,3.893399283566138,3.6240913837066113,3.5712048312864075,Method4
69,100,50,0.7,3,wide,5,4,4,4,4,4,20,0.799,0.806,4.020717832217194,4.003853556260458,4.542966086869589,3.9361731169391336,4.7690748483858805,8,4.306609557996119,3.9417982443034134,3.502711713484251,3.893399283566138,3.6240913837066113,3.5712048312864075,Method4
69,100,50,0.7,3,wide,5,4,4,4,4,4,20,0.799,0.806,3.8866150022008528,4.0016845402722945,4.555024523047236,3.9945276497199123,4.6447534708667115,9,3.8157682707558247,3.9417982443034134,3.502711713484251,3.893399283566138,3.6240913837066113,3.5712048312864075,Method4
69,100,50,0.7,3,wide,5,4,4,4,4,4,20,0.799,0.806,3.900407837648448,3.7212725841138585,4.562055704983211,4.037294933737031,4.624308805981062,10,3.7305627694850796,3.9417982443034134,3.502711713484251,3.893399283566138,3.6240913837066113,3.5712048312864075,Method4
69,100,50,0.7,3,wide,5,4,4,4,4,4,20,0.799,0.806,3.904057234371669,3.6606699171585646,4.561248945562846,4.043907390982734,4.615847043615345,11,3.7207997239497708,3.9417982443034134,3.502711713484251,3.893399283566138,3.6240913837066113,3.5712048312864075,Method4
69,100,50,0.7,3,wide,5,4,4,4,4,4,20,0.799,0.806,3.8741986561437316,3.610565335648541,4.484144868322498,3.9238163247684708,4.668987607612674,12,3.417236384103749,3.9417982443034134,3.502711713484251,3.893399283566138,3.6240913837066113,3.5712048312864075,Method4
69,100,50,0.7,3,wide,5,4,4,4,4,4,20,0.799,0.806,3.891552974749032,3.6994199572531903,4.5050524340647184,3.9015127838410586,4.7006044932669715,13,3.3176157364466157,3.9417982443034134,3.502711713484251,3.893399283566138,3.6240913837066113,3.5712048312864075,Method4
69,100,50,0.7,3,wide,5,4,4,4,4,4,20,0.799,0.806,3.9307500816626626,3.704964335379141,4.568354566894156,3.9592408383752877,4.694927733243948,14,3.1936681359288785,3.9417982443034134,3.502711713484251,3.893399283566138,3.6240913837066113,3.5712048312864075,Method4
69,100,50,0.7,3,wide,5,4,4,4,4,4,20,0.799,0.806,3.937011038658703,3.7367344223572805,4.585272822035817,3.748862471174007,4.703813460877052,15,3.1438608631543516,3.9417982443034134,3.502711713484251,3.893399283566138,3.6240913837066113,3.5712048312864075,Method4
69,100,50,0.7,3,wide,5,4,4,4,4,4,20,0.799,0.806,4.036047420147094,3.707266194222671,3.9163769811784097,3.846651579857705,4.643872964081595,16,2.642139614568031,3.9417982443034134,3.502711713484251,3.893399283566138,3.6240913837066113,3.5712048312864075,Method4
69,100,50,0.7,3,wide,5,4,4,4,4,4,20,0.799,0.806,4.076255293326189,3.70706840703175,3.9241474024444756,3.864650225430204,4.603530825537933,17,2.605131532728782,3.9417982443034134,3.502711713484251,3.893399283566138,3.6240913837066113,3.5712048312864075,Method4
69,100,50,0.7,3,wide,5,4,4,4,4,4,20,0.799,0.806,4.133565521163318,3.6565085889196083,3.828269560986611,3.9206190269810204,4.622023037294541,18,2.489156640343158,3.9417982443034134,3.502711713484251,3.893399283566138,3.6240913837066113,3.5712048312864075,Method4
69,100,50,0.7,3,wide,5,4,4,4,4,4,20,0.799,0.806,4.14543762327979,3.6639021814704944,3.8418710123820845,3.8955914335687427,4.627317845690776,19,2.4851434096522036,3.9417982443034134,3.502711713484251,3.893399283566138,3.6240913837066113,3.5712048312864075,Method4
69,100,50,0.7,3,wide,5,4,4,4,4,4,20,0.799,0.806,4.196401157265027,3.6895996766740926,3.9008090236186392,3.9150844686781605,4.632068033277925,20,2.4423781356108445,3.9417982443034134,3.502711713484251,3.893399283566138,3.6240913837066113,3.5712048312864075,Method4
69,100,50,0.7,3,wide,5,4,4,4,4,4,20,0.799,0.806,4.16246892178972,3.6970518519895808,3.913155997476386,3.9037537288889164,4.636581101442131,21,2.4406791648316988,3.9417982443034134,3.502711713484251,3.893399283566138,3.6240913837066113,3.5712048312864075,Method4
69,100,50,0.7,3,wide,5,4,4,4,4,4,20,0.799,0.806,4.100613272356877,3.681232610645479,3.9813513348021683,3.7184175869906557,4.64126985886758,22,2.286963889659671,3.9417982443034134,3.502711713484251,3.893399283566138,3.6240913837066113,3.5712048312864075,Method4
69,100,50,0.7,3,wide,5,4,4,4,4,4,20,0.799,0.806,4.120534904034226,3.6620316502906176,4.050098772652956,3.7651894820901566,4.592600157985213,23,2.1198717384332246,3.9417982443034134,3.502711713484251,3.893399283566138,3.6240913837066113,3.5712048312864075,Method4
69,100,50,0.7,3,wide,5,4,4,4,4,4,20,0.799,0.806,3.9525414985409557,3.6929182918015826,3.851093255574901,3.6984185729439245,4.605193204167131,24,1.9504992937543921,3.9417982443034134,3.502711713484251,3.893399283566138,3.6240913837066113,3.5712048312864075,Method4
69,100,50,0.7,3,wide,5,4,4,4,4,4,20,0.799,0.806,4.015806900071646,3.6956439307203333,3.8580625715781696,3.706900254986239,4.597516350639698,25,1.9439752937472792,3.9417982443034134,3.502711713484251,3.893399283566138,3.6240913837066113,3.5712048312864075,Method4
69,100,50,0.7,3,wide,5,4,4,4,4,4,20,0.799,0.806,4.155414860953605,3.657321562585742,3.871638450461501,3.753178971838452,4.633629355055191,26,1.8574182620069126,3.9417982443034134,3.502711713484251,3.893399283566138,3.6240913837066113,3.5712048312864075,Method4
69,100,50,0.7,3,wide,5,4,4,4,4,4,20,0.799,0.806,4.152169400508557,3.666901394890752,3.8879384013646723,3.762121905620392,4.637205142053562,27,1.8213039973476752,3.9417982443034134,3.502711713484251,3.893399283566138,3.6240913837066113,3.5712048312864075,Method4
69,100,50,0.7,3,wide,5,4,4,4,4,4,20,0.799,0.806,3.8548721382431705,3.648562503018391,3.909754666429399,3.8258755912483764,4.028071149488118,28,1.454475072337828,3.9417982443034134,3.502711713484251,3.893399283566138,3.6240913837066113,3.5712048312864075,Method4
69,100,50,0.7,3,wide,5,4,4,4,4,4,20,0.799,0.806,3.830322891099689,3.624905711932952,3.9017687049951144,3.8228339153066706,4.031065151942328,29,1.449965221092027,3.9417982443034134,3.502711713484251,3.893399283566138,3.6240913837066113,3.5712048312864075,Method4
69,100,50,0.7,3,wide,5,4,4,4,4,4,20,0.799,0.806,3.814458114679814,3.628053550214345,3.884580630016848,3.823092375441814,4.036992745528044,30,1.4463224224841824,3.9417982443034134,3.502711713484251,3.893399283566138,3.6240913837066113,3.5712048312864075,Method4
69,100,50,0.7,3,wide,5,4,4,4,4,4,20,0.799,0.806,3.8147675802682195,3.627361411055942,3.885252356053705,3.823748968701731,4.036710087562073,31,1.4463084041403127,3.9417982443034134,3.502711713484251,3.893399283566138,3.6240913837066113,3.5712048312864075,Method4
69,100,50,0.7,3,wide,5,4,4,4,4,4,20,0.799,0.806,3.813295861488739,3.6234615186210095,3.885114085123701,3.828804831452333,4.035155494387062,32,1.4462081394146111,3.9417982443034134,3.502711713484251,3.893399283566138,3.6240913837066113,3.5712048312864075,Method4
69,100,50,0.7,3,wide,5,4,4,4,4,4,20,0.799,0.806,3.78746339427097,3.5885982288929044,3.9075967432992833,3.8716737636431815,3.887932167289012,33,1.3733273078704256,3.9417982443034134,3.502711713484251,3.893399283566138,3.6240913837066113,3.5712048312864075,Method4
69,100,50,0.7,3,wide,5,4,4,4,4,4,20,0.799,0.806,3.7458917709879023,3.558324868619947,3.8628488894478297,3.977213083125678,3.912845157090643,34,1.3530794694441097,3.9417982443034134,3.502711713484251,3.893399283566138,3.6240913837066113,3.5712048312864075,Method4
69,100,50,0.7,3,wide,5,4,4,4,4,4,20,0.799,0.806,3.719179613395079,3.502677497467512,3.8651831032377224,3.9187658636106955,3.95887209450819,35,1.3391092617412903,3.9417982443034134,3.502711713484251,3.893399283566138,3.6240913837066113,3.5712048312864075,Method4
69,100,50,0.7,3,wide,5,4,4,4,4,4,20,0.799,0.806,3.782492050453303,3.3680522261700045,3.8443327069937636,3.794338689009206,3.571813935506443,36,1.140450190016464,3.9417982443034134,3.502711713484251,3.893399283566138,3.6240913837066113,3.5712048312864075,Method4
69,100,50,0.7,3,wide,5,4,4,4,4,4,20,0.799,0.806,3.8069585484932023,3.2973670297934663,3.8540843916965066,3.782518113769976,3.5613272400121625,37,1.1277276996617702,3.9417982443034134,3.502711713484251,3.893399283566138,3.6240913837066113,3.5712048312864075,Method4
69,100,50,0.7,3,wide,5,4,4,4,4,4,20,0.799,0.806,3.807246912955162,3.299714767558316,3.8597486457921777,3.7804459025479105,3.560693032833144,38,1.127461762156479,3.9417982443034134,3.502711713484251,3.893399283566138,3.6240913837066113,3.5712048312864075,Method4
69,100,50,0.7,3,wide,5,4,4,4,4,4,20,0.799,0.806,3.8124330051662403,3.318573918898083,3.837396974345002,3.8080902049742527,3.5817381625775804,39,1.1197518889222111,3.9417982443034134,3.502711713484251,3.893399283566138,3.6240913837066113,3.5712048312864075,Method4
69,100,50,0.7,3,wide,5,4,4,4,4,4,20,0.799,0.806,3.8323932428774308,3.293382976518954,3.8603095103804463,3.7794474101476845,3.596834637856002,40,1.1151547767787096,3.9417982443034134,3.502711713484251,3.893399283566138,3.6240913837066113,3.5712048312864075,Method4
69,100,50,0.7,3,wide,5,4,4,4,4,4,20,0.799,0.806,3.8290427776691067,3.266978817685597,3.8607559823723965,3.8098105212701756,3.5577745186943632,41,1.1095875541919624,3.9417982443034134,3.502711713484251,3.893399283566138,3.6240913837066113,3.5712048312864075,Method4
69,100,50,0.7,3,wide,5,4,4,4,4,4,20,0.799,0.806,3.6090818978621124,3.89170999474257,3.8595676352377675,5.0810800351109915,4.422722229892191,5,18.965310566227704,3.47542572165885,3.5049921424126036,3.695857097296965,3.899089511465439,3.5065732904976112,Method4
69,100,50,0.7,3,wide,5,4,4,4,4,4,20,0.799,0.806,3.6090818978621124,3.89170999474257,3.8595676352377675,5.0810800351109915,4.422722229892191,6,18.965310566227704,3.47542572165885,3.5049921424126036,3.695857097296965,3.899089511465439,3.5065732904976112,Method4
69,100,50,0.7,3,wide,5,4,4,4,4,4,20,0.799,0.806,3.6079125947734574,3.388236523082665,3.9023801263390645,5.105900884957181,4.4788790923454185,7,18.761539020264546,3.47542572165885,3.5049921424126036,3.695857097296965,3.899089511465439,3.5065732904976112,Method4
69,100,50,0.7,3,wide,5,4,4,4,4,4,20,0.799,0.806,4.337662027668254,3.6631402929269563,4.477642556674453,4.856531308152101,4.331506858026437,8,6.528744504060628,3.47542572165885,3.5049921424126036,3.695857097296965,3.899089511465439,3.5065732904976112,Method4
69,100,50,0.7,3,wide,5,4,4,4,4,4,20,0.799,0.806,4.25374710383569,3.677650308334524,4.4482830700092295,4.7733578502962954,4.240589827564488,9,4.459704157228649,3.47542572165885,3.5049921424126036,3.695857097296965,3.899089511465439,3.5065732904976112,Method4
69,100,50,0.7,3,wide,5,4,4,4,4,4,20,0.799,0.806,4.3188384056293225,3.7056280374616226,4.454494994895482,4.73132355961044,4.227385152884483,10,3.863805168433657,3.47542572165885,3.5049921424126036,3.695857097296965,3.899089511465439,3.5065732904976112,Method4
69,100,50,0.7,3,wide,5,4,4,4,4,4,20,0.799,0.806,4.352404182690232,3.717128797250093,4.451002628958613,4.817748662123339,3.498676113924375,11,3.559255202820798,3.47542572165885,3.5049921424126036,3.695857097296965,3.899089511465439,3.5065732904976112,Method4
69,100,50,0.7,3,wide,5,4,4,4,4,4,20,0.799,0.806,4.3616447385304555,3.7392533911542816,4.4558940060126675,4.819050161725766,3.3082144764609533,12,3.444818006655228,3.47542572165885,3.5049921424126036,3.695857097296965,3.899089511465439,3.5065732904976112,Method4
69,100,50,0.7,3,wide,5,4,4,4,4,4,20,0.799,0.806,4.332184467467441,3.6954194325558682,4.380340928253128,4.766395106525774,3.349649845986913,13,3.034246476806008,3.47542572165885,3.5049921424126036,3.695857097296965,3.899089511465439,3.5065732904976112,Method4
69,100,50,0.7,3,wide,5,4,4,4,4,4,20,0.799,0.806,4.358632116413745,3.6444634209228592,4.407894829529825,4.47585718619951,3.4107077574979443,14,2.92685754201584,3.47542572165885,3.5049921424126036,3.695857097296965,3.899089511465439,3.5065732904976112,Method4
69,100,50,0.7,3,wide,5,4,4,4,4,4,20,0.799,0.806,4.371830710612002,3.631672986635203,4.376648546289823,4.533773806102745,3.3556502202572673,15,2.863583670144689,3.47542572165885,3.5049921424126036,3.695857097296965,3.899089511465439,3.5065732904976112,Method4
69,100,50,0.7,3,wide,5,4,4,4,4,4,20,0.799,0.806,3.8497979081201987,3.7284208199160362,4.31315367568406,4.503938978108663,3.2320883582956004,16,2.4609451015184205,3.47542572165885,3.5049921424126036,3.695857097296965,3.899089511465439,3.5065732904976112,Method4
69,100,50,0.7,3,wide,5,4,4,4,4,4,20,0.799,0.806,3.773834418483761,3.790621948719866,4.234496666293671,4.25844292610997,3.232589642300543,17,2.3413831821575446,3.47542572165885,3.5049921424126036,3.695857097296965,3.899089511465439,3.5065732904976112,Method4
69,100,50,0.7,3,wide,5,4,4,4,4,4,20,0.799,0.806,3.7828865193199146,3.8117403078305285,3.7833420111181284,4.2353204244979406,3.215760565228553,18,2.0196325570386877,3.47542572165885,3.5049921424126036,3.695857097296965,3.899089511465439,3.5065732904976112,Method4
69,100,50,0.7,3,wide,5,4,4,4,4,4,20,0.799,0.806,3.7857728757339815,3.818340351929094,3.720182931815992,4.1505170988015765,3.23510479172285,19,1.8978319830354506,3.47542572165885,3.5049921424126036,3.695857097296965,3.899089511465439,3.5065732904976112,Method4
69,100,50,0.7,3,wide,5,4,4,4,4,4,20,0.799,0.806,3.837247759192327,3.660370900924322,3.854969671917245,4.116500020468919,3.350451920928445,20,1.7241519781544994,3.47542572165885,3.5049921424126036,3.695857097296965,3.899089511465439,3.5065732904976112,Method4
69,100,50,0.7,3,wide,5,4,4,4,4,4,20,0.799,0.806,3.8246783033116745,3.6212878848201244,3.8827403084283287,4.026724080869728,3.3524177440222305,21,1.6601284020503932,3.47542572165885,3.5049921424126036,3.695857097296965,3.899089511465439,3.5065732904976112,Method4
69,100,50,0.7,3,wide,5,4,4,4,4,4,20,0.799,0.806,3.8707144212449087,3.643620938602736,3.705762116329038,4.076015646007204,3.4300662312454855,22,1.553583420606977,3.47542572165885,3.5049921424126036,3.695857097296965,3.899089511465439,3.5065732904976112,Method4
69,100,50,0.7,3,wide,5,4,4,4,4,4,20,0.799,0.806,3.8458474340690816,3.6356664826418776,3.6552308135884464,4.055003843863348,3.4282700607148944,23,1.4871110109604955,3.47542572165885,3.5049921424126036,3.695857097296965,3.899089511465439,3.5065732904976112,Method4
69,100,50,0.7,3,wide,5,4,4,4,4,4,20,0.799,0.806,3.835893690070828,3.631908986621879,3.651662694237087,4.051357616060213,3.434626294823212,24,1.484919509152161,3.47542572165885,3.5049921424126036,3.695857097296965,3.899089511465439,3.5065732904976112,Method4
69,100,50,0.7,3,wide,5,4,4,4,4,4,20,0.799,0.806,3.8220015973682253,3.638084118459231,3.6522464250931446,4.041819284809189,3.464412154307507,25,1.46329761073825,3.47542572165885,3.5049921424126036,3.695857097296965,3.899089511465439,3.5065732904976112,Method4
69,100,50,0.7,3,wide,5,4,4,4,4,4,20,0.799,0.806,3.9252693740140314,3.628006558413814,3.6662301530612793,4.028750202657294,3.5316107014562013,26,1.3977749300671354,3.47542572165885,3.5049921424126036,3.695857097296965,3.899089511465439,3.5065732904976112,Method4
69,100,50,0.7,3,wide,5,4,4,4,4,4,20,0.799,0.806,3.9186472503960896,3.6641284534431793,3.631395772380417,4.0177966999014485,3.4966577916146506,27,1.3844427512680093,3.47542572165885,3.5049921424126036,3.695857097296965,3.899089511465439,3.5065732904976112,Method4
69,100,50,0.7,3,wide,5,4,4,4,4,4,20,0.799,0.806,3.9768478680479995,3.615512474936988,3.748947112035606,3.9515102270738596,3.619874990311245,28,1.1538079153625511,3.47542572165885,3.5049921424126036,3.695857097296965,3.899089511465439,3.5065732904976112,Method4
69,100,50,0.7,3,wide,5,4,4,4,4,4,20,0.799,0.806,3.96372878966389,3.626581596908789,3.737028632991043,3.9567958138062003,3.629324071615427,29,1.1505385349349797,3.47542572165885,3.5049921424126036,3.695857097296965,3.899089511465439,3.5065732904976112,Method4
69,100,50,0.7,3,wide,5,4,4,4,4,4,20,0.799,0.806,3.8500652674228695,3.640111911118006,3.708779506472477,3.909385567567161,3.612005553581061,30,1.1266291970303546,3.47542572165885,3.5049921424126036,3.695857097296965,3.899089511465439,3.5065732904976112,Method4
69,100,50,0.7,3,wide,5,4,4,4,4,4,20,0.799,0.806,3.798203514374455,3.650782855110156,3.6991259195240143,3.9237521910365225,3.6258422541663315,31,1.1242826757413864,3.47542572165885,3.5049921424126036,3.695857097296965,3.899089511465439,3.5065732904976112,Method4
69,100,50,0.7,3,wide,5,4,4,4,4,4,20,0.799,0.806,3.8819211640013664,3.6497245441786594,3.7167593414918723,3.882492760918535,3.468712419439317,32,1.0678042632550402,3.47542572165885,3.5049921424126036,3.695857097296965,3.899089511465439,3.5065732904976112,Method4
69,100,50,0.7,3,wide,5,4,4,4,4,4,20,0.799,0.806,3.8673496641557885,3.6704164119898364,3.761019619286613,3.856406798259811,3.5018824322792903,33,1.0442764430962979,3.47542572165885,3.5049921424126036,3.695857097296965,3.899089511465439,3.5065732904976112,Method4
69,100,50,0.7,3,wide,5,4,4,4,4,4,20,0.799,0.806,3.8011703706502167,3.603642744084146,3.7844744795178302,3.892663407316565,3.6008261410682763,34,0.934102640714495,3.47542572165885,3.5049921424126036,3.695857097296965,3.899089511465439,3.5065732904976112,Method4
69,100,50,0.7,3,wide,5,4,4,4,4,4,20,0.799,0.806,3.7946449923929233,3.5043518996171232,3.8163439754035773,3.900903039079559,3.6152671474346456,35,0.9214573310762333,3.47542572165885,3.5049921424126036,3.695857097296965,3.899089511465439,3.5065732904976112,Method4
69,100,50,0.7,3,wide,5,4,4,4,4,4,20,0.799,0.806,3.7988097314569513,3.517418356624939,3.79196863416398,3.891892455398256,3.6534267808143666,36,0.905342315003982,3.47542572165885,3.5049921424126036,3.695857097296965,3.899089511465439,3.5065732904976112,Method4
69,100,50,0.7,3,wide,5,4,4,4,4,4,20,0.799,0.806,3.7309543279587567,3.3606122786563795,3.723670042502985,3.9482997540115297,3.613183772617675,37,0.8471166940736153,3.47542572165885,3.5049921424126036,3.695857097296965,3.899089511465439,3.5065732904976112,Method4
69,100,50,0.7,3,wide,5,4,4,4,4,4,20,0.799,0.806,3.738834584733514,3.3795672876714726,3.62002719334365,3.9643398494971995,3.625350543336813,38,0.7978898568838516,3.47542572165885,3.5049921424126036,3.695857097296965,3.899089511465439,3.5065732904976112,Method4
69,100,50,0.7,3,wide,5,4,4,4,4,4,20,0.799,0.806,3.794962059930768,3.38205986035625,3.647173597155447,3.9410976547310606,3.5992226552528703,39,0.7914302559435928,3.47542572165885,3.5049921424126036,3.695857097296965,3.899089511465439,3.5065732904976112,Method4
69,100,50,0.7,3,wide,5,4,4,4,4,4,20,0.799,0.806,3.7111857651280786,3.393634524233009,3.617361352014232,4.0730854131100696,3.5840463057889997,40,0.7677967112405332,3.47542572165885,3.5049921424126036,3.695857097296965,3.899089511465439,3.5065732904976112,Method4
69,100,50,0.7,3,wide,5,4,4,4,4,4,20,0.799,0.806,3.7076350652893653,3.3973675828274126,3.6249695393842085,4.072112144542873,3.5860394758419187,41,0.7675964774078411,3.47542572165885,3.5049921424126036,3.695857097296965,3.899089511465439,3.5065732904976112,Method4
69,100,50,0.7,3,wide,5,4,4,4,4,4,20,0.799,0.806,3.7310131143801724,4.320455920713495,4.300323208365076,4.769157860791033,5.109377299536898,5,16.234632707266982,3.510585435784646,3.5804151429233295,3.512332283297313,3.622287809304355,3.7505559916899895,Method4
69,100,50,0.7,3,wide,5,4,4,4,4,4,20,0.799,0.806,3.7310131143801724,4.320455920713495,4.300323208365076,4.769157860791033,5.109377299536898,6,16.234632707266982,3.510585435784646,3.5804151429233295,3.512332283297313,3.622287809304355,3.7505559916899895,Method4
69,100,50,0.7,3,wide,5,4,4,4,4,4,20,0.799,0.806,3.8073642100123957,4.5565235957618615,4.69777443247771,4.348285704520301,5.526583023563084,7,6.332902792966693,3.510585435784646,3.5804151429233295,3.512332283297313,3.622287809304355,3.7505559916899895,Method4
69,100,50,0.7,3,wide,5,4,4,4,4,4,20,0.799,0.806,4.061106745876143,4.530517998836684,4.604564587426936,4.54674355670681,5.251568029175512,8,4.558802676807844,3.510585435784646,3.5804151429233295,3.512332283297313,3.622287809304355,3.7505559916899895,Method4
69,100,50,0.7,3,wide,5,4,4,4,4,4,20,0.799,0.806,3.9724928043201317,4.432565363234533,4.585562980122317,4.509788672662482,5.179680027912301,9,3.6408294744366474,3.510585435784646,3.5804151429233295,3.512332283297313,3.622287809304355,3.7505559916899895,Method4
69,100,50,0.7,3,wide,5,4,4,4,4,4,20,0.799,0.806,3.9518802540489744,4.442375306196515,4.587807173104199,4.5049440681844155,5.160977691027502,10,3.6277560709326107,3.510585435784646,3.5804151429233295,3.512332283297313,3.622287809304355,3.7505559916899895,Method4
69,100,50,0.7,3,wide,5,4,4,4,4,4,20,0.799,0.806,3.985197098876119,4.427448186729594,4.522803235760865,4.138698858323822,5.1787486216998575,11,3.511627136984605,3.510585435784646,3.5804151429233295,3.512332283297313,3.622287809304355,3.7505559916899895,Method4
69,100,50,0.7,3,wide,5,4,4,4,4,4,20,0.799,0.806,3.995469784957158,4.552673609225264,4.528744325803892,4.132359476827917,5.162158952669725,12,3.5005761562393563,3.510585435784646,3.5804151429233295,3.512332283297313,3.622287809304355,3.7505559916899895,Method4
69,100,50,0.7,3,wide,5,4,4,4,4,4,20,0.799,0.806,4.01443665952616,4.635470882898126,4.48217162755475,3.9764224555569463,5.134634329906255,13,3.2155173058583424,3.510585435784646,3.5804151429233295,3.512332283297313,3.622287809304355,3.7505559916899895,Method4
69,100,50,0.7,3,wide,5,4,4,4,4,4,20,0.799,0.806,4.033394305517138,4.548814371002777,3.945626793799459,3.9135552981320227,5.130685493432105,14,2.8038702354526985,3.510585435784646,3.5804151429233295,3.512332283297313,3.622287809304355,3.7505559916899895,Method4
69,100,50,0.7,3,wide,5,4,4,4,4,4,20,0.799,0.806,4.009809849902557,4.548558402527894,3.8487944048147007,3.950578771362877,5.104830454724266,15,2.780287987307691,3.510585435784646,3.5804151429233295,3.512332283297313,3.622287809304355,3.7505559916899895,Method4
69,100,50,0.7,3,wide,5,4,4,4,4,4,20,0.799,0.806,3.959038285027792,4.466087691159184,3.848229868896792,3.935424161499971,5.150921226301288,16,2.4257156134222866,3.510585435784646,3.5804151429233295,3.512332283297313,3.622287809304355,3.7505559916899895,Method4
69,100,50,0.7,3,wide,5,4,4,4,4,4,20,0.799,0.806,4.008041471872775,4.415571250939392,3.879697194273855,3.914710984217243,4.86139295491778,17,2.3654330419595775,3.510585435784646,3.5804151429233295,3.512332283297313,3.622287809304355,3.7505559916899895,Method4
69,100,50,0.7,3,wide,5,4,4,4,4,4,20,0.799,0.806,3.9739761654085166,4.434986102564177,3.8878910161546023,3.7757830253381237,4.457113825626954,18,2.1707180682331093,3.510585435784646,3.5804151429233295,3.512332283297313,3.622287809304355,3.7505559916899895,Method4
69,100,50,0.7,3,wide,5,4,4,4,4,4,20,0.799,0.806,3.7942992700181923,4.410907350392408,3.90370092855162,3.8061903125188423,4.472905033560017,19,2.1181285705825035,3.510585435784646,3.5804151429233295,3.512332283297313,3.622287809304355,3.7505559916899895,Method4
69,100,50,0.7,3,wide,5,4,4,4,4,4,20,0.799,0.806,3.6763689910931405,4.24437324656731,3.9581375812381414,3.8178607038048034,4.461167335760898,20,1.8691033361559843,3.510585435784646,3.5804151429233295,3.512332283297313,3.622287809304355,3.7505559916899895,Method4
69,100,50,0.7,3,wide,5,4,4,4,4,4,20,0.799,0.806,3.6187963386669026,4.232154094918173,3.9617477191282413,3.8103550918407407,4.302002115305745,21,1.774743496892366,3.510585435784646,3.5804151429233295,3.512332283297313,3.622287809304355,3.7505559916899895,Method4
69,100,50,0.7,3,wide,5,4,4,4,4,4,20,0.799,0.806,3.5870754117085473,4.247368590270804,3.9631281586765508,3.8155071014588717,4.278651695577973,22,1.7681828158622692,3.510585435784646,3.5804151429233295,3.512332283297313,3.622287809304355,3.7505559916899895,Method4
69,100,50,0.7,3,wide,5,4,4,4,4,4,20,0.799,0.806,3.616531737514637,4.220742531369074,3.990705704868827,3.8247211413239524,4.2319657470570355,23,1.7514659721805594,3.510585435784646,3.5804151429233295,3.512332283297313,3.622287809304355,3.7505559916899895,Method4
69,100,50,0.7,3,wide,5,4,4,4,4,4,20,0.799,0.806,3.516256496776475,4.177150081925595,3.9960191625789223,3.850318571904023,4.207227220687232,24,1.7360597701780678,3.510585435784646,3.5804151429233295,3.512332283297313,3.622287809304355,3.7505559916899895,Method4
69,100,50,0.7,3,wide,5,4,4,4,4,4,20,0.799,0.806,3.5051482940075767,4.18311052530496,4.0002670839265315,3.8645806008087717,4.2244525939668875,25,1.728029090876477,3.510585435784646,3.5804151429233295,3.512332283297313,3.622287809304355,3.7505559916899895,Method4
69,100,50,0.7,3,wide,5,4,4,4,4,4,20,0.799,0.806,3.4950502783738573,4.127318127401617,4.012453780277387,3.8659963533665334,4.269454811204356,26,1.7093157720106216,3.510585435784646,3.5804151429233295,3.512332283297313,3.622287809304355,3.7505559916899895,Method4
69,100,50,0.7,3,wide,5,4,4,4,4,4,20,0.799,0.806,3.502310254293583,4.063062767035742,4.035326869741679,3.8576836553449363,4.2982109103743715,27,1.6990410941657486,3.510585435784646,3.5804151429233295,3.512332283297313,3.622287809304355,3.7505559916899895,Method4
69,100,50,0.7,3,wide,5,4,4,4,4,4,20,0.799,0.806,3.489877001553468,3.999005755227223,4.10219514241257,3.827653862376726,4.130543027550702,28,1.591189032432343,3.510585435784646,3.5804151429233295,3.512332283297313,3.622287809304355,3.7505559916899895,Method4
69,100,50,0.7,3,wide,5,4,4,4,4,4,20,0.799,0.806,3.492987689707953,4.0018337240938875,4.108796458518122,3.8253364512248447,4.130206832071021,29,1.5909876541392003,3.510585435784646,3.5804151429233295,3.512332283297313,3.622287809304355,3.7505559916899895,Method4
69,100,50,0.7,3,wide,5,4,4,4,4,4,20,0.799,0.806,3.5027287008466526,3.9941520372176242,4.099516569640442,3.8258105878560653,4.122819045942334,30,1.5889102687418157,3.510585435784646,3.5804151429233295,3.512332283297313,3.622287809304355,3.7505559916899895,Method4
69,100,50,0.7,3,wide,5,4,4,4,4,4,20,0.799,0.806,3.498227497599236,3.974954096565107,4.072542228903301,3.6367087581046667,4.15917997308867,31,1.530321996107227,3.510585435784646,3.5804151429233295,3.512332283297313,3.622287809304355,3.7505559916899895,Method4
69,100,50,0.7,3,wide,5,4,4,4,4,4,20,0.799,0.806,3.5170115491848466,3.939098018404555,4.0552297741636805,3.5488177073587948,4.110655304367741,32,1.5226845194233578,3.510585435784646,3.5804151429233295,3.512332283297313,3.622287809304355,3.7505559916899895,Method4
69,100,50,0.7,3,wide,5,4,4,4,4,4,20,0.799,0.806,3.5162330923119076,3.9151393411520115,4.040806094709619,3.479607399299306,4.143166081055527,33,1.5082351332561306,3.510585435784646,3.5804151429233295,3.512332283297313,3.622287809304355,3.7505559916899895,Method4
69,100,50,0.7,3,wide,5,4,4,4,4,4,20,0.799,0.806,3.4952513520129074,3.976138530572295,4.1148833396375215,3.509319118630002,4.238550138543351,34,1.4112975667514132,3.510585435784646,3.5804151429233295,3.512332283297313,3.622287809304355,3.7505559916899895,Method4
69,100,50,0.7,3,wide,5,4,4,4,4,4,20,0.799,0.806,3.5502889725783806,4.11250793312747,4.097897269534535,3.500427001210496,4.1647371487280855,35,1.3463281329991443,3.510585435784646,3.5804151429233295,3.512332283297313,3.622287809304355,3.7505559916899895,Method4
69,100,50,0.7,3,wide,5,4,4,4,4,4,20,0.799,0.806,3.5204052522703586,4.021078530003567,4.152364582491185,3.4902178317142987,4.114148310457509,36,1.3114203012779517,3.510585435784646,3.5804151429233295,3.512332283297313,3.622287809304355,3.7505559916899895,Method4
69,100,50,0.7,3,wide,5,4,4,4,4,4,20,0.799,0.806,3.4725279957471047,3.970803772806874,4.133907300134065,3.4357204303026063,4.111967255040171,37,1.2593847961154476,3.510585435784646,3.5804151429233295,3.512332283297313,3.622287809304355,3.7505559916899895,Method4
69,100,50,0.7,3,wide,5,4,4,4,4,4,20,0.799,0.806,3.445367943661257,3.9831892627191086,4.21419118507806,3.4638500891929427,4.116625671039333,38,1.2479396445637223,3.510585435784646,3.5804151429233295,3.512332283297313,3.622287809304355,3.7505559916899895,Method4
69,100,50,0.7,3,wide,5,4,4,4,4,4,20,0.799,0.806,3.4737714400241746,3.930234140298927,4.188158173625752,3.41108556454234,4.032194914458006,39,1.236680135655787,3.510585435784646,3.5804151429233295,3.512332283297313,3.622287809304355,3.7505559916899895,Method4
69,100,50,0.7,3,wide,5,4,4,4,4,4,20,0.799,0.806,3.4712207596147993,3.9314089654814586,4.179934322732884,3.4272348815032334,4.016127774792938,40,1.2358658975681747,3.510585435784646,3.5804151429233295,3.512332283297313,3.622287809304355,3.7505559916899895,Method4
69,100,50,0.7,3,wide,5,4,4,4,4,4,20,0.799,0.806,3.466699829235877,3.9427201471197457,4.181597420351487,3.4275975997552823,4.024084184710218,41,1.235446358992367,3.510585435784646,3.5804151429233295,3.512332283297313,3.622287809304355,3.7505559916899895,Method4
69,100,50,0.7,3,wide,5,4,4,4,4,4,20,0.799,0.806,3.514302927223779,3.8233291665713263,3.965766417712913,4.3317913739985405,4.259966098472855,5,14.589633481470026,3.5101412915325483,3.70271245962765,3.64130162173067,3.669279973020981,3.6101141861481594,Method4
69,100,50,0.7,3,wide,5,4,4,4,4,4,20,0.799,0.806,3.514302927223779,3.8233291665713263,3.965766417712913,4.3317913739985405,4.259966098472855,6,14.589633481470026,3.5101412915325483,3.70271245962765,3.64130162173067,3.669279973020981,3.6101141861481594,Method4
69,100,50,0.7,3,wide,5,4,4,4,4,4,20,0.799,0.806,2.9596052811347953,3.7452510844351803,3.9675746438069317,4.318230200838637,4.2139736075346725,7,14.200839659993344,3.5101412915325483,3.70271245962765,3.64130162173067,3.669279973020981,3.6101141861481594,Method4
69,100,50,0.7,3,wide,5,4,4,4,4,4,20,0.799,0.806,2.88496365094006,4.396722546557964,3.889017060408826,4.438853212312937,4.155420224954076,8,13.688447710781134,3.5101412915325483,3.70271245962765,3.64130162173067,3.669279973020981,3.6101141861481594,Method4
69,100,50,0.7,3,wide,5,4,4,4,4,4,20,0.799,0.806,2.864311689289706,4.392804627154851,3.906322465859226,4.436048974209807,4.267831557925802,9,13.67755093771441,3.5101412915325483,3.70271245962765,3.64130162173067,3.669279973020981,3.6101141861481594,Method4
69,100,50,0.7,3,wide,5,4,4,4,4,4,20,0.799,0.806,3.0237092755668393,4.485608363884485,4.02837621055761,4.5518981368400135,3.396410397759322,10,12.487183389676126,3.5101412915325483,3.70271245962765,3.64130162173067,3.669279973020981,3.6101141861481594,Method4
69,100,50,0.7,3,wide,5,4,4,4,4,4,20,0.799,0.806,3.9685412543950065,4.223833103371016,4.239451503647604,4.4118748857753545,4.340883601269412,11,4.064658944958317,3.5101412915325483,3.70271245962765,3.64130162173067,3.669279973020981,3.6101141861481594,Method4
69,100,50,0.7,3,wide,5,4,4,4,4,4,20,0.799,0.806,3.9983572932731666,4.2277890660421615,4.247281457628564,4.145294587779457,4.368279963055419,12,4.013021135226017,3.5101412915325483,3.70271245962765,3.64130162173067,3.669279973020981,3.6101141861481594,Method4
69,100,50,0.7,3,wide,5,4,4,4,4,4,20,0.799,0.806,4.0529432282940565,4.071409624100742,4.238302184803483,4.169143121361668,4.392145791182641,13,3.938912265939374,3.5101412915325483,3.70271245962765,3.64130162173067,3.669279973020981,3.6101141861481594,Method4
69,100,50,0.7,3,wide,5,4,4,4,4,4,20,0.799,0.806,3.948416682044171,4.054259009761064,4.319908882780514,4.168017007995589,3.9281317843520003,14,3.1533376180714563,3.5101412915325483,3.70271245962765,3.64130162173067,3.669279973020981,3.6101141861481594,Method4
69,100,50,0.7,3,wide,5,4,4,4,4,4,20,0.799,0.806,3.7432568258834724,3.982323073432534,4.237160958216655,4.112235774361212,3.8012244156279897,15,2.796875835515733,3.5101412915325483,3.70271245962765,3.64130162173067,3.669279973020981,3.6101141861481594,Method4
69,100,50,0.7,3,wide,5,4,4,4,4,4,20,0.799,0.806,3.694863017335737,3.9484684560351035,3.940903297951293,4.126720623126358,3.8297625080069024,16,2.679515572012782,3.5101412915325483,3.70271245962765,3.64130162173067,3.669279973020981,3.6101141861481594,Method4
69,100,50,0.7,3,wide,5,4,4,4,4,4,20,0.799,0.806,3.696147417758341,3.9580128836929003,3.927078325775492,4.145762792287821,3.8239694910141426,17,2.591970738735932,3.5101412915325483,3.70271245962765,3.64130162173067,3.669279973020981,3.6101141861481594,Method4
69,100,50,0.7,3,wide,5,4,4,4,4,4,20,0.799,0.806,3.7392445529118294,4.0435695990686,3.631689496745718,4.05545557840977,3.618832520080969,18,2.409050755717599,3.5101412915325483,3.70271245962765,3.64130162173067,3.669279973020981,3.6101141861481594,Method4
69,100,50,0.7,3,wide,5,4,4,4,4,4,20,0.799,0.806,3.655978267863907,3.9826720587567257,3.649327534812063,3.9751112885181707,3.790869829390052,19,2.173904147398168,3.5101412915325483,3.70271245962765,3.64130162173067,3.669279973020981,3.6101141861481594,Method4
69,100,50,0.7,3,wide,5,4,4,4,4,4,20,0.799,0.806,3.5934881975346133,4.000572431968291,3.5582216174099126,4.048849656549545,3.735965955423165,20,2.0100501610337216,3.5101412915325483,3.70271245962765,3.64130162173067,3.669279973020981,3.6101141861481594,Method4
69,100,50,0.7,3,wide,5,4,4,4,4,4,20,0.799,0.806,3.6887506882355665,3.781377711630994,3.755798942139066,3.9479621319222464,3.733697688218664,21,1.7148051037584382,3.5101412915325483,3.70271245962765,3.64130162173067,3.669279973020981,3.6101141861481594,Method4
69,100,50,0.7,3,wide,5,4,4,4,4,4,20,0.799,0.806,3.721391266014342,3.836081033937298,3.734666388937034,3.9261643625571176,3.745478574384118,22,1.652548825539534,3.5101412915325483,3.70271245962765,3.64130162173067,3.669279973020981,3.6101141861481594,Method4
69,100,50,0.7,3,wide,5,4,4,4,4,4,20,0.799,0.806,3.7031427971386255,3.8442842785440585,3.7330325572022134,3.930853681924811,3.7310338612408724,23,1.651975968790504,3.5101412915325483,3.70271245962765,3.64130162173067,3.669279973020981,3.6101141861481594,Method4
69,100,50,0.7,3,wide,5,4,4,4,4,4,20,0.799,0.806,3.7033140619113656,3.844372037260975,3.732961502730178,3.9308283302271962,3.73067146659061,24,1.6519751116094115,3.5101412915325483,3.70271245962765,3.64130162173067,3.669279973020981,3.6101141861481594,Method4
69,100,50,0.7,3,wide,5,4,4,4,4,4,20,0.799,0.806,3.6520588212512957,3.7812460543970636,3.7140937383064694,3.9840533038664327,3.682644702509437,25,1.5300436292193682,3.5101412915325483,3.70271245962765,3.64130162173067,3.669279973020981,3.6101141861481594,Method4
69,100,50,0.7,3,wide,5,4,4,4,4,4,20,0.799,0.806,3.403103066189454,3.759332126192983,3.544696071994336,3.7102324673595057,3.573876324955195,26,1.356567133391234,3.5101412915325483,3.70271245962765,3.64130162173067,3.669279973020981,3.6101141861481594,Method4
69,100,50,0.7,3,wide,5,4,4,4,4,4,20,0.799,0.806,3.420804255657927,3.7116005824469416,3.6219470088401886,3.734374306070803,3.566899675236539,27,1.3322318966958653,3.5101412915325483,3.70271245962765,3.64130162173067,3.669279973020981,3.6101141861481594,Method4
69,100,50,0.7,3,wide,5,4,4,4,4,4,20,0.799,0.806,3.4158300925739713,3.659754080580835,3.5294055194083422,3.6609568062414253,3.561631161390952,28,1.2673909754550097,3.5101412915325483,3.70271245962765,3.64130162173067,3.669279973020981,3.6101141861481594,Method4
69,100,50,0.7,3,wide,5,4,4,4,4,4,20,0.799,0.806,3.41867593299769,3.6512972058258506,3.520470973182077,3.607407887177025,3.517251669222693,29,1.2475536013943074,3.5101412915325483,3.70271245962765,3.64130162173067,3.669279973020981,3.6101141861481594,Method4
69,100,50,0.7,3,wide,5,4,4,4,4,4,20,0.799,0.806,3.2897491006421755,3.6881440558179657,3.4952617875641137,3.63208645231439,3.56413432396023,30,1.2098852827096793,3.5101412915325483,3.70271245962765,3.64130162173067,3.669279973020981,3.6101141861481594,Method4
69,100,50,0.7,3,wide,5,4,4,4,4,4,20,0.799,0.806,3.28926777185398,3.6880684554695136,3.495126980015956,3.631341156415751,3.563908506569194,31,1.2097635778504896,3.5101412915325483,3.70271245962765,3.64130162173067,3.669279973020981,3.6101141861481594,Method4
69,100,50,0.7,3,wide,5,4,4,4,4,4,20,0.799,0.806,3.3295981568334363,3.707545467346835,3.4509231863694976,3.660406651668338,3.531170604754259,32,1.1244211459283946,3.5101412915325483,3.70271245962765,3.64130162173067,3.669279973020981,3.6101141861481594,Method4
69,100,50,0.7,3,wide,5,4,4,4,4,4,20,0.799,0.806,3.329959364999253,3.6733836683646617,3.375176811949461,3.6418273659011335,3.5305979030469894,33,1.1077670041535497,3.5101412915325483,3.70271245962765,3.64130162173067,3.669279973020981,3.6101141861481594,Method4
69,100,50,0.7,3,wide,5,4,4,4,4,4,20,0.799,0.806,3.4370303936853612,3.757417298598459,3.3854328730133822,3.6742324614442916,3.4941594297217113,34,1.0057196894813603,3.5101412915325483,3.70271245962765,3.64130162173067,3.669279973020981,3.6101141861481594,Method4
69,100,50,0.7,3,wide,5,4,4,4,4,4,20,0.799,0.806,3.4864572552573603,3.7589868546959964,3.3673747635144733,3.64485123553708,3.489814253123965,35,0.9978468678481016,3.5101412915325483,3.70271245962765,3.64130162173067,3.669279973020981,3.6101141861481594,Method4
69,100,50,0.7,3,wide,5,4,4,4,4,4,20,0.799,0.806,3.3900409054903045,3.6368877189358715,3.2978563772959624,3.626408139162482,3.4746971891042553,36,0.8617248547216142,3.5101412915325483,3.70271245962765,3.64130162173067,3.669279973020981,3.6101141861481594,Method4
69,100,50,0.7,3,wide,5,4,4,4,4,4,20,0.799,0.806,3.457310649619105,3.61063397064161,3.430593938481742,3.6291448785936122,3.4511179678331074,37,0.7725155496051106,3.5101412915325483,3.70271245962765,3.64130162173067,3.669279973020981,3.6101141861481594,Method4
69,100,50,0.7,3,wide,5,4,4,4,4,4,20,0.799,0.806,3.4593939778239164,3.649232121023215,3.3909288773468313,3.6472801334253573,3.461008308230898,38,0.7610594894741822,3.5101412915325483,3.70271245962765,3.64130162173067,3.669279973020981,3.6101141861481594,Method4
69,100,50,0.7,3,wide,5,4,4,4,4,4,20,0.799,0.806,3.453704413995158,3.665723175941245,3.4038388053961817,3.6638872120524892,3.4627616731294006,39,0.7568588538235843,3.5101412915325483,3.70271245962765,3.64130162173067,3.669279973020981,3.6101141861481594,Method4
69,100,50,0.7,3,wide,5,4,4,4,4,4,20,0.799,0.806,3.4579482906420815,3.6804915166475234,3.3962973844139337,3.66420110019946,3.4602882733281835,40,0.7563801034746598,3.5101412915325483,3.70271245962765,3.64130162173067,3.669279973020981,3.6101141861481594,Method4
69,100,50,0.7,3,wide,5,4,4,4,4,4,20,0.799,0.806,3.4934638139154086,3.707017642920751,3.4692610165857904,3.6574335668156226,3.590018970928498,41,0.7221902514141364,3.5101412915325483,3.70271245962765,3.64130162173067,3.669279973020981,3.6101141861481594,Method4
69,100,50,0.7,3,wide,5,4,4,4,4,4,20,0.799,0.806,4.626465858522307,4.030768598673045,4.001501964007978,4.068115238806245,4.6069295755233295,5,11.434056806869398,3.7194879419704465,3.9310225339726688,3.6723921790835,3.67116445187732,3.928437038258323,Method4
69,100,50,0.7,3,wide,5,4,4,4,4,4,20,0.799,0.806,4.626465858522307,4.030768598673045,4.001501964007978,4.068115238806245,4.6069295755233295,6,11.434056806869398,3.7194879419704465,3.9310225339726688,3.6723921790835,3.67116445187732,3.928437038258323,Method4
69,100,50,0.7,3,wide,5,4,4,4,4,4,20,0.799,0.806,4.5482517988745474,4.068388259934484,3.4098432717800256,4.147448594659876,4.5451687795323155,7,11.095856156761105,3.7194879419704465,3.9310225339726688,3.6723921790835,3.67116445187732,3.928437038258323,Method4
69,100,50,0.7,3,wide,5,4,4,4,4,4,20,0.799,0.806,4.553322934862574,4.043430949465752,3.3971875478777043,4.142095028426339,4.661163967597693,8,11.082032067696774,3.7194879419704465,3.9310225339726688,3.6723921790835,3.67116445187732,3.928437038258323,Method4
69,100,50,0.7,3,wide,5,4,4,4,4,4,20,0.799,0.806,4.8156104504897765,4.164274575715005,4.056232504287512,3.8633375272330133,4.180717678657671,9,4.954717740755564,3.7194879419704465,3.9310225339726688,3.6723921790835,3.67116445187732,3.928437038258323,Method4
69,100,50,0.7,3,wide,5,4,4,4,4,4,20,0.799,0.806,4.592758119802552,4.463912211782259,3.919487812767959,3.8945433038791983,4.180603918088517,10,3.9896421331689766,3.7194879419704465,3.9310225339726688,3.6723921790835,3.67116445187732,3.928437038258323,Method4
69,100,50,0.7,3,wide,5,4,4,4,4,4,20,0.799,0.806,4.64648708699557,4.659316267647871,3.936873964292776,3.8686555252353845,4.003316691596671,11,3.12745482688586,3.7194879419704465,3.9310225339726688,3.6723921790835,3.67116445187732,3.928437038258323,Method4
69,100,50,0.7,3,wide,5,4,4,4,4,4,20,0.799,0.806,4.614043275778988,4.668792465240938,3.9417100844543533,3.883558942002499,4.034007778751614,12,2.9618588751357118,3.7194879419704465,3.9310225339726688,3.6723921790835,3.67116445187732,3.928437038258323,Method4
69,100,50,0.7,3,wide,5,4,4,4,4,4,20,0.799,0.806,4.691057719508679,4.701000035423046,3.88990360142918,3.179727799665457,4.070011434024481,13,2.4979743605485836,3.7194879419704465,3.9310225339726688,3.6723921790835,3.67116445187732,3.928437038258323,Method4
69,100,50,0.7,3,wide,5,4,4,4,4,4,20,0.799,0.806,4.671900521161116,4.683545132778878,3.903670158711709,3.2121386335153606,3.9791571261468768,14,2.477073479864362,3.7194879419704465,3.9310225339726688,3.6723921790835,3.67116445187732,3.928437038258323,Method4
69,100,50,0.7,3,wide,5,4,4,4,4,4,20,0.799,0.806,4.6176964931802065,4.709532168063527,3.8911599509703656,3.1902972085432344,3.908144353177595,15,2.376846244990113,3.7194879419704465,3.9310225339726688,3.6723921790835,3.67116445187732,3.928437038258323,Method4
69,100,50,0.7,3,wide,5,4,4,4,4,4,20,0.799,0.806,4.130432447044514,4.608013989344983,3.8401273076750666,3.2153657283651507,3.8849833552337882,16,2.216282263630013,3.7194879419704465,3.9310225339726688,3.6723921790835,3.67116445187732,3.928437038258323,Method4
69,100,50,0.7,3,wide,5,4,4,4,4,4,20,0.799,0.806,4.10396466770173,4.556944921774978,3.8073875086122086,3.0882456491824026,3.9131791346356573,17,2.1706928745854377,3.7194879419704465,3.9310225339726688,3.6723921790835,3.67116445187732,3.928437038258323,Method4
69,100,50,0.7,3,wide,5,4,4,4,4,4,20,0.799,0.806,4.179781611676582,4.544197381825674,3.824683039329739,3.1500658686734457,3.891196509989165,18,2.040003808833145,3.7194879419704465,3.9310225339726688,3.6723921790835,3.67116445187732,3.928437038258323,Method4
69,100,50,0.7,3,wide,5,4,4,4,4,4,20,0.799,0.806,4.042958887884177,4.490748554513246,3.7082371533887497,3.2538460668838005,4.05158714222857,19,1.8883266655395439,3.7194879419704465,3.9310225339726688,3.6723921790835,3.67116445187732,3.928437038258323,Method4
69,100,50,0.7,3,wide,5,4,4,4,4,4,20,0.799,0.806,3.938565877428019,4.392563227353408,3.7942359829210734,3.3153409759557677,4.060149024569986,20,1.74167408857225,3.7194879419704465,3.9310225339726688,3.6723921790835,3.67116445187732,3.928437038258323,Method4
69,100,50,0.7,3,wide,5,4,4,4,4,4,20,0.799,0.806,3.952316692910431,4.371107119349794,3.821325513153665,3.3046925436065213,4.058651105463069,21,1.7277582687381359,3.7194879419704465,3.9310225339726688,3.6723921790835,3.67116445187732,3.928437038258323,Method4
69,100,50,0.7,3,wide,5,4,4,4,4,4,20,0.799,0.806,3.9531399087517327,4.376442494034442,3.8192608744935095,3.32144372381224,4.061065789493604,22,1.7269588665357314,3.7194879419704465,3.9310225339726688,3.6723921790835,3.67116445187732,3.928437038258323,Method4
69,100,50,0.7,3,wide,5,4,4,4,4,4,20,0.799,0.806,4.11585941024374,4.379421829614847,3.888517271805192,3.4115817585281354,4.047694023700902,23,1.5846433036679228,3.7194879419704465,3.9310225339726688,3.6723921790835,3.67116445187732,3.928437038258323,Method4
69,100,50,0.7,3,wide,5,4,4,4,4,4,20,0.799,0.806,4.208227725880281,4.472070270979253,3.7156060505852286,3.4220028542912497,4.053861007673285,24,1.4765793219905168,3.7194879419704465,3.9310225339726688,3.6723921790835,3.67116445187732,3.928437038258323,Method4
69,100,50,0.7,3,wide,5,4,4,4,4,4,20,0.799,0.806,4.204500724664855,4.469494731148235,3.7170718785693793,3.4147280611825663,4.055355119636599,25,1.4763760106010606,3.7194879419704465,3.9310225339726688,3.6723921790835,3.67116445187732,3.928437038258323,Method4
69,100,50,0.7,3,wide,5,4,4,4,4,4,20,0.799,0.806,4.0111503948057345,4.436369789003845,3.708544263014357,3.460624438285256,4.07147857128744,26,1.4444531687050843,3.7194879419704465,3.9310225339726688,3.6723921790835,3.67116445187732,3.928437038258323,Method4
69,100,50,0.7,3,wide,5,4,4,4,4,4,20,0.799,0.806,4.014352312022225,4.431373177985424,3.674710581078102,3.4516886640812228,4.084876308553257,27,1.4411807051041434,3.7194879419704465,3.9310225339726688,3.6723921790835,3.67116445187732,3.928437038258323,Method4
69,100,50,0.7,3,wide,5,4,4,4,4,4,20,0.799,0.806,4.070932013356063,4.407628812386567,3.7263760004036226,3.4349171235948828,4.084306417022731,28,1.4213390542116728,3.7194879419704465,3.9310225339726688,3.6723921790835,3.67116445187732,3.928437038258323,Method4
69,100,50,0.7,3,wide,5,4,4,4,4,4,20,0.799,0.806,4.085564022739374,3.923501776598246,3.7787886620197346,3.469218067035213,4.00391244669067,29,1.2845170710547034,3.7194879419704465,3.9310225339726688,3.6723921790835,3.67116445187732,3.928437038258323,Method4
69,100,50,0.7,3,wide,5,4,4,4,4,4,20,0.799,0.806,4.158326616820766,3.6828947784493082,3.8075160722606274,3.544246449638711,4.143594100726333,30,1.0219164927568154,3.7194879419704465,3.9310225339726688,3.6723921790835,3.67116445187732,3.928437038258323,Method4
69,100,50,0.7,3,wide,5,4,4,4,4,4,20,0.799,0.806,4.17168525127516,3.691104522350803,3.82878037462,3.531122144722559,4.143836892041871,31,1.0183731707952401,3.7194879419704465,3.9310225339726688,3.6723921790835,3.67116445187732,3.928437038258323,Method4
69,100,50,0.7,3,wide,5,4,4,4,4,4,20,0.799,0.806,4.242889277905082,3.896372587834944,3.8677992969666404,3.5056033443075973,4.207974223000612,32,0.9313785788555108,3.7194879419704465,3.9310225339726688,3.6723921790835,3.67116445187732,3.928437038258323,Method4
69,100,50,0.7,3,wide,5,4,4,4,4,4,20,0.799,0.806,4.202995000476616,3.9780680049134074,3.814810303510587,3.5950088026528166,4.178027855512438,33,0.8994137568035748,3.7194879419704465,3.9310225339726688,3.6723921790835,3.67116445187732,3.928437038258323,Method4
69,100,50,0.7,3,wide,5,4,4,4,4,4,20,0.799,0.806,4.09498915150215,3.572657702653909,3.699554436275306,3.5285757015371177,4.204015636592475,34,0.7613749129989996,3.7194879419704465,3.9310225339726688,3.6723921790835,3.67116445187732,3.928437038258323,Method4
69,100,50,0.7,3,wide,5,4,4,4,4,4,20,0.799,0.806,4.147138491091184,3.5135470410755287,3.762044139826654,3.4235640378246552,4.226256630057975,35,0.7401884390264899,3.7194879419704465,3.9310225339726688,3.6723921790835,3.67116445187732,3.928437038258323,Method4
69,100,50,0.7,3,wide,5,4,4,4,4,4,20,0.799,0.806,4.160552733189469,3.563177238796983,3.757421367149554,3.457741837937744,4.2073217668281,36,0.7269561680536581,3.7194879419704465,3.9310225339726688,3.6723921790835,3.67116445187732,3.928437038258323,Method4
69,100,50,0.7,3,wide,5,4,4,4,4,4,20,0.799,0.806,4.236981469152994,3.494993518314471,3.6680302465861074,3.4207788559388774,4.131475589990398,37,0.5430347691266028,3.7194879419704465,3.9310225339726688,3.6723921790835,3.67116445187732,3.928437038258323,Method4
69,100,50,0.7,3,wide,5,4,4,4,4,4,20,0.799,0.806,4.222385347052342,3.501986450633958,3.7030855813810857,3.435083614906789,4.1084062013343035,38,0.5396747262428324,3.7194879419704465,3.9310225339726688,3.6723921790835,3.67116445187732,3.928437038258323,Method4
69,100,50,0.7,3,wide,5,4,4,4,4,4,20,0.799,0.806,4.209755240766765,3.4954219080739737,3.7016423413521435,3.4415906037020347,4.0882045837093965,39,0.5370684351283972,3.7194879419704465,3.9310225339726688,3.6723921790835,3.67116445187732,3.928437038258323,Method4
69,100,50,0.7,3,wide,5,4,4,4,4,4,20,0.799,0.806,4.07491222483086,3.4757460710641332,3.7193029504990234,3.438503875279645,4.0929460585973,40,0.5185937681360709,3.7194879419704465,3.9310225339726688,3.6723921790835,3.67116445187732,3.928437038258323,Method4
69,100,50,0.7,3,wide,5,4,4,4,4,4,20,0.799,0.806,4.04872979732165,3.4567617463235703,3.715463884573577,3.4387432703805096,4.093823412433358,41,0.5177388890016177,3.7194879419704465,3.9310225339726688,3.6723921790835,3.67116445187732,3.928437038258323,Method4
69,100,50,0.7,3,wide,5,4,4,4,4,4,20,0.799,0.806,4.344561742805961,5.260359081736104,5.312336450122609,5.249244205917069,4.267573456061963,5,26.49437418329946,3.711419467353748,3.7554114841268036,3.861197961541453,3.8216761871267404,3.5364494889587674,Method4
69,100,50,0.7,3,wide,5,4,4,4,4,4,20,0.799,0.806,4.344561742805961,5.260359081736104,5.312336450122609,5.249244205917069,4.267573456061963,6,26.49437418329946,3.711419467353748,3.7554114841268036,3.861197961541453,3.8216761871267404,3.5364494889587674,Method4
69,100,50,0.7,3,wide,5,4,4,4,4,4,20,0.799,0.806,4.302336441510328,4.9367765905035785,5.32104618793396,5.264178442363139,4.315360224897074,7,26.389805991810945,3.711419467353748,3.7554114841268036,3.861197961541453,3.8216761871267404,3.5364494889587674,Method4
69,100,50,0.7,3,wide,5,4,4,4,4,4,20,0.799,0.806,4.297845683306833,4.967776097864092,4.747528351057558,5.246396724234196,4.313542965620968,8,26.05072909362677,3.711419467353748,3.7554114841268036,3.861197961541453,3.8216761871267404,3.5364494889587674,Method4
69,100,50,0.7,3,wide,5,4,4,4,4,4,20,0.799,0.806,4.534826090150879,4.10026360716386,4.566537394343487,4.908236924683373,3.8987358527212597,9,11.903554328758679,3.711419467353748,3.7554114841268036,3.861197961541453,3.8216761871267404,3.5364494889587674,Method4
69,100,50,0.7,3,wide,5,4,4,4,4,4,20,0.799,0.806,4.650162967945756,4.257030139670732,4.5058913429756435,4.452179632642508,3.9013232782190173,10,11.76668221889514,3.711419467353748,3.7554114841268036,3.861197961541453,3.8216761871267404,3.5364494889587674,Method4
69,100,50,0.7,3,wide,5,4,4,4,4,4,20,0.799,0.806,4.760684075665116,4.074764187831271,4.638499943155596,4.93528785303102,3.8972430622876955,11,7.612558761392026,3.711419467353748,3.7554114841268036,3.861197961541453,3.8216761871267404,3.5364494889587674,Method4
69,100,50,0.7,3,wide,5,4,4,4,4,4,20,0.799,0.806,4.776690635340982,4.269682344785821,4.461455207601194,5.040875732429847,4.024690102144846,12,4.932105415141724,3.711419467353748,3.7554114841268036,3.861197961541453,3.8216761871267404,3.5364494889587674,Method4
69,100,50,0.7,3,wide,5,4,4,4,4,4,20,0.799,0.806,4.798506578956257,4.340245390654837,4.446549221379064,5.074732766140734,4.009737642109774,13,4.911729649925505,3.711419467353748,3.7554114841268036,3.861197961541453,3.8216761871267404,3.5364494889587674,Method4
69,100,50,0.7,3,wide,5,4,4,4,4,4,20,0.799,0.806,4.7731949569628025,4.232263826568473,4.176324172953597,5.027850353705864,3.977695743947193,14,4.779175008839671,3.711419467353748,3.7554114841268036,3.861197961541453,3.8216761871267404,3.5364494889587674,Method4
69,100,50,0.7,3,wide,5,4,4,4,4,4,20,0.799,0.806,4.773998911604874,4.2239250790454435,4.1853518282807665,5.031681022415061,3.9054027361165073,15,4.771686599659713,3.711419467353748,3.7554114841268036,3.861197961541453,3.8216761871267404,3.5364494889587674,Method4
69,100,50,0.7,3,wide,5,4,4,4,4,4,20,0.799,0.806,4.620336483070163,4.0844541069667075,4.39996018383647,4.90929607698156,3.998522105389492,16,4.079026759938416,3.711419467353748,3.7554114841268036,3.861197961541453,3.8216761871267404,3.5364494889587674,Method4
69,100,50,0.7,3,wide,5,4,4,4,4,4,20,0.799,0.806,4.7796548324621915,4.286451611305301,4.533271356506103,4.816543596877181,4.010005511210285,17,3.112439760340529,3.711419467353748,3.7554114841268036,3.861197961541453,3.8216761871267404,3.5364494889587674,Method4
69,100,50,0.7,3,wide,5,4,4,4,4,4,20,0.799,0.806,4.725546302652978,4.2853908812174675,4.531023562055424,4.823613658511559,3.8473010395640452,18,3.0566602403879792,3.711419467353748,3.7554114841268036,3.861197961541453,3.8216761871267404,3.5364494889587674,Method4
69,100,50,0.7,3,wide,5,4,4,4,4,4,20,0.799,0.806,4.735699585496019,4.156720619672141,4.377398856321049,4.713058982657278,3.8366125370201654,19,2.9111950002293736,3.711419467353748,3.7554114841268036,3.861197961541453,3.8216761871267404,3.5364494889587674,Method4
69,100,50,0.7,3,wide,5,4,4,4,4,4,20,0.799,0.806,4.780552170961582,4.234982193726254,4.430237922435467,4.729095809894528,3.967273694933776,20,2.578643581380206,3.711419467353748,3.7554114841268036,3.861197961541453,3.8216761871267404,3.5364494889587674,Method4
69,100,50,0.7,3,wide,5,4,4,4,4,4,20,0.799,0.806,3.9885480390973003,4.308310047048584,4.510282256854733,4.772034873385554,3.8689291363753315,21,2.1482316989849624,3.711419467353748,3.7554114841268036,3.861197961541453,3.8216761871267404,3.5364494889587674,Method4
69,100,50,0.7,3,wide,5,4,4,4,4,4,20,0.799,0.806,4.030666943015361,4.329040404910591,4.509143575689019,4.8067431228328115,3.737468747065364,22,2.1183557847152548,3.711419467353748,3.7554114841268036,3.861197961541453,3.8216761871267404,3.5364494889587674,Method4
69,100,50,0.7,3,wide,5,4,4,4,4,4,20,0.799,0.806,4.027784384386975,4.36000813131971,4.5315986665506776,4.773518677208142,3.6396276520753927,23,2.082114129351191,3.711419467353748,3.7554114841268036,3.861197961541453,3.8216761871267404,3.5364494889587674,Method4
69,100,50,0.7,3,wide,5,4,4,4,4,4,20,0.799,0.806,4.0614610675318294,4.419270174975874,4.609835096709929,4.6598408290321816,3.5767256361872493,24,1.972737622675446,3.711419467353748,3.7554114841268036,3.861197961541453,3.8216761871267404,3.5364494889587674,Method4
69,100,50,0.7,3,wide,5,4,4,4,4,4,20,0.799,0.806,4.050606376431121,4.389802492000217,4.516468985774449,4.63118366799911,3.5365318493488336,25,1.9246217088330164,3.711419467353748,3.7554114841268036,3.861197961541453,3.8216761871267404,3.5364494889587674,Method4
69,100,50,0.7,3,wide,5,4,4,4,4,4,20,0.799,0.806,4.1049589524630905,4.394052846799264,4.511547776494797,4.63888123600216,3.533518299354518,26,1.890298636571469,3.711419467353748,3.7554114841268036,3.861197961541453,3.8216761871267404,3.5364494889587674,Method4
69,100,50,0.7,3,wide,5,4,4,4,4,4,20,0.799,0.806,4.224239976641952,4.302573587576009,4.303002679778502,4.597645667548411,3.6748467502841096,27,1.6044622827602832,3.711419467353748,3.7554114841268036,3.861197961541453,3.8216761871267404,3.5364494889587674,Method4
69,100,50,0.7,3,wide,5,4,4,4,4,4,20,0.799,0.806,4.192039843752531,4.327294356681165,4.339603817264017,4.586097660453151,3.64420607529644,28,1.5040030424052233,3.711419467353748,3.7554114841268036,3.861197961541453,3.8216761871267404,3.5364494889587674,Method4
69,100,50,0.7,3,wide,5,4,4,4,4,4,20,0.799,0.806,4.227685829923923,4.346935375677928,4.287663520159319,4.61990078595066,3.696734109988773,29,1.4643641882851366,3.711419467353748,3.7554114841268036,3.861197961541453,3.8216761871267404,3.5364494889587674,Method4
69,100,50,0.7,3,wide,5,4,4,4,4,4,20,0.799,0.806,4.211227847712417,4.3316451150532735,4.246500710186789,4.600200656785123,3.6937525443204846,30,1.4379365645625266,3.711419467353748,3.7554114841268036,3.861197961541453,3.8216761871267404,3.5364494889587674,Method4
69,100,50,0.7,3,wide,5,4,4,4,4,4,20,0.799,0.806,3.8348986371949296,4.154700057424481,4.135621577605339,4.537570067366773,3.713061482384004,31,1.2322222607221731,3.711419467353748,3.7554114841268036,3.861197961541453,3.8216761871267404,3.5364494889587674,Method4
69,100,50,0.7,3,wide,5,4,4,4,4,4,20,0.799,0.806,3.872786522478483,4.148982834721751,4.140692417155136,4.4611463673477045,3.729585108708472,32,1.2221597277753238,3.711419467353748,3.7554114841268036,3.861197961541453,3.8216761871267404,3.5364494889587674,Method4
69,100,50,0.7,3,wide,5,4,4,4,4,4,20,0.799,0.806,3.8597435583222643,4.131333700908571,4.117653719289544,4.477455641089357,3.7104309672371776,33,1.2077793050994656,3.711419467353748,3.7554114841268036,3.861197961541453,3.8216761871267404,3.5364494889587674,Method4
69,100,50,0.7,3,wide,5,4,4,4,4,4,20,0.799,0.806,3.8204154336733516,4.041259872674349,3.950681072952657,4.413577680214313,3.6848364034776266,34,1.0264244020735263,3.711419467353748,3.7554114841268036,3.861197961541453,3.8216761871267404,3.5364494889587674,Method4
69,100,50,0.7,3,wide,5,4,4,4,4,4,20,0.799,0.806,3.8088670869554586,4.047759505081945,3.9304168537432544,4.339304679950521,3.6455607989304424,35,0.994009018328229,3.711419467353748,3.7554114841268036,3.861197961541453,3.8216761871267404,3.5364494889587674,Method4
69,100,50,0.7,3,wide,5,4,4,4,4,4,20,0.799,0.806,3.815714595689413,4.094165438855878,3.910818973022867,4.340812587813662,3.6410994579741316,36,0.9817422184120159,3.711419467353748,3.7554114841268036,3.861197961541453,3.8216761871267404,3.5364494889587674,Method4
69,100,50,0.7,3,wide,5,4,4,4,4,4,20,0.799,0.806,3.8045005910618146,4.077969936294114,3.8270702398444962,4.320042803553771,3.5564516692503836,37,0.9456548009049494,3.711419467353748,3.7554114841268036,3.861197961541453,3.8216761871267404,3.5364494889587674,Method4
69,100,50,0.7,3,wide,5,4,4,4,4,4,20,0.799,0.806,3.795748133506846,4.022941741429111,3.864420343990005,4.326741772165977,3.5548236566325064,38,0.936912283408996,3.711419467353748,3.7554114841268036,3.861197961541453,3.8216761871267404,3.5364494889587674,Method4
69,100,50,0.7,3,wide,5,4,4,4,4,4,20,0.799,0.806,3.864275313445384,4.056474098333639,3.796879770955122,4.248838047965374,3.5561327933224907,39,0.92698173679473,3.711419467353748,3.7554114841268036,3.861197961541453,3.8216761871267404,3.5364494889587674,Method4
69,100,50,0.7,3,wide,5,4,4,4,4,4,20,0.799,0.806,3.7940776546282726,4.0467987669780445,3.7207603964807174,4.2564951437901755,3.588923156039537,40,0.9095648835736961,3.711419467353748,3.7554114841268036,3.861197961541453,3.8216761871267404,3.5364494889587674,Method4
69,100,50,0.7,3,wide,5,4,4,4,4,4,20,0.799,0.806,3.807437388897426,4.066551219841855,3.7267614099560133,4.233642387698055,3.586093431843548,41,0.8994001820260614,3.711419467353748,3.7554114841268036,3.861197961541453,3.8216761871267404,3.5364494889587674,Method4
69,100,50,0.7,3,wide,5,4,4,4,4,4,20,0.799,0.806,4.346702714195662,4.347687704840018,5.334925685305057,4.787476229032336,5.049394191179403,5,17.82181506269462,3.681800640808507,3.656439146897499,3.700485901494204,3.9156534565246557,3.8785708524768254,Method4
69,100,50,0.7,3,wide,5,4,4,4,4,4,20,0.799,0.806,4.346702714195662,4.347687704840018,5.334925685305057,4.787476229032336,5.049394191179403,6,17.82181506269462,3.681800640808507,3.656439146897499,3.700485901494204,3.9156534565246557,3.8785708524768254,Method4
69,100,50,0.7,3,wide,5,4,4,4,4,4,20,0.799,0.806,4.288009899277568,4.349111507593764,5.33381326376112,4.78261847548096,5.0491534791061685,7,17.817374614300174,3.681800640808507,3.656439146897499,3.700485901494204,3.9156534565246557,3.8785708524768254,Method4
69,100,50,0.7,3,wide,5,4,4,4,4,4,20,0.799,0.806,4.216894249667848,4.2887542388798074,5.324134980490126,4.410202796717147,5.018728720630901,8,17.70849654540958,3.681800640808507,3.656439146897499,3.700485901494204,3.9156534565246557,3.8785708524768254,Method4
69,100,50,0.7,3,wide,5,4,4,4,4,4,20,0.799,0.806,3.9181026188290926,4.048381352309501,4.888580027492039,4.669100045663478,4.618984081993864,9,8.709932337077486,3.681800640808507,3.656439146897499,3.700485901494204,3.9156534565246557,3.8785708524768254,Method4
69,100,50,0.7,3,wide,5,4,4,4,4,4,20,0.799,0.806,3.9794670225925493,4.088847619598865,4.5927384067548465,4.615849498301795,4.592138514105763,10,8.642649380845754,3.681800640808507,3.656439146897499,3.700485901494204,3.9156534565246557,3.8785708524768254,Method4
69,100,50,0.7,3,wide,5,4,4,4,4,4,20,0.799,0.806,4.11929927426025,3.8792494737616385,4.193343200007368,4.266010011800167,4.519852630348933,11,5.864666408835938,3.681800640808507,3.656439146897499,3.700485901494204,3.9156534565246557,3.8785708524768254,Method4
69,100,50,0.7,3,wide,5,4,4,4,4,4,20,0.799,0.806,4.09178635357127,4.014245088012235,3.8580047586147277,4.376776879223741,4.860249857059894,12,3.1458832427183476,3.681800640808507,3.656439146897499,3.700485901494204,3.9156534565246557,3.8785708524768254,Method4
69,100,50,0.7,3,wide,5,4,4,4,4,4,20,0.799,0.806,3.9128270231535707,3.816205622765626,3.7082712212618354,4.494493663312061,4.717747070928258,13,2.410859893296757,3.681800640808507,3.656439146897499,3.700485901494204,3.9156534565246557,3.8785708524768254,Method4
69,100,50,0.7,3,wide,5,4,4,4,4,4,20,0.799,0.806,3.881975768154446,3.8686951193421595,3.745525052285415,4.510001166123528,4.473673845940245,14,2.357542828402053,3.681800640808507,3.656439146897499,3.700485901494204,3.9156534565246557,3.8785708524768254,Method4
69,100,50,0.7,3,wide,5,4,4,4,4,4,20,0.799,0.806,3.9104999761395103,3.8329867049411344,3.702879797170045,4.4974766708318805,4.140502117354364,15,2.099159834532378,3.681800640808507,3.656439146897499,3.700485901494204,3.9156534565246557,3.8785708524768254,Method4
69,100,50,0.7,3,wide,5,4,4,4,4,4,20,0.799,0.806,3.8884564461455935,3.852436137213451,3.7119714404608453,4.4704181574168365,4.074575715841128,16,2.074646450995559,3.681800640808507,3.656439146897499,3.700485901494204,3.9156534565246557,3.8785708524768254,Method4
69,100,50,0.7,3,wide,5,4,4,4,4,4,20,0.799,0.806,3.841660953535908,3.9164535202835387,3.570194545470857,4.431206802087161,4.093678610402001,17,2.032040674661472,3.681800640808507,3.656439146897499,3.700485901494204,3.9156534565246557,3.8785708524768254,Method4
69,100,50,0.7,3,wide,5,4,4,4,4,4,20,0.799,0.806,3.890515634755338,3.889704164318832,3.6016287690605044,4.405335926573621,4.066184997473594,18,1.591479577396908,3.681800640808507,3.656439146897499,3.700485901494204,3.9156534565246557,3.8785708524768254,Method4
69,100,50,0.7,3,wide,5,4,4,4,4,4,20,0.799,0.806,3.838987290875607,3.917035057580548,3.582873557267442,4.384311293638199,3.95786631892033,19,1.5329427514692535,3.681800640808507,3.656439146897499,3.700485901494204,3.9156534565246557,3.8785708524768254,Method4
69,100,50,0.7,3,wide,5,4,4,4,4,4,20,0.799,0.806,3.865400002476722,3.9286670040892218,3.6043549478359433,4.397524184720471,3.962806501988078,20,1.4978075394357917,3.681800640808507,3.656439146897499,3.700485901494204,3.9156534565246557,3.8785708524768254,Method4
69,100,50,0.7,3,wide,5,4,4,4,4,4,20,0.799,0.806,3.8390233746323976,3.9476909686545762,3.518346346919061,4.393096196579962,3.960453760352445,21,1.4711227331284984,3.681800640808507,3.656439146897499,3.700485901494204,3.9156534565246557,3.8785708524768254,Method4
69,100,50,0.7,3,wide,5,4,4,4,4,4,20,0.799,0.806,3.865044055245296,3.9789901494476423,3.4994206099031486,4.369088353704299,3.9791717364618364,22,1.464694435177659,3.681800640808507,3.656439146897499,3.700485901494204,3.9156534565246557,3.8785708524768254,Method4
69,100,50,0.7,3,wide,5,4,4,4,4,4,20,0.799,0.806,3.6530700249901487,4.002444051786526,3.4534784229422355,4.332085392464495,3.9126828630471233,23,1.3984383189887237,3.681800640808507,3.656439146897499,3.700485901494204,3.9156534565246557,3.8785708524768254,Method4
69,100,50,0.7,3,wide,5,4,4,4,4,4,20,0.799,0.806,3.7491364535789624,3.770212690475653,3.480065618857683,4.343685044130116,3.957514757488431,24,1.354036656186657,3.681800640808507,3.656439146897499,3.700485901494204,3.9156534565246557,3.8785708524768254,Method4
69,100,50,0.7,3,wide,5,4,4,4,4,4,20,0.799,0.806,3.750903641400984,3.7876888314738992,3.480522956427237,4.348159136922888,3.954049667359184,25,1.3536720858701663,3.681800640808507,3.656439146897499,3.700485901494204,3.9156534565246557,3.8785708524768254,Method4
69,100,50,0.7,3,wide,5,4,4,4,4,4,20,0.799,0.806,3.753433897762627,3.7866188344760165,3.4687716455018287,4.335725954166284,3.9729770254406995,26,1.3489514621442242,3.681800640808507,3.656439146897499,3.700485901494204,3.9156534565246557,3.8785708524768254,Method4
69,100,50,0.7,3,wide,5,4,4,4,4,4,20,0.799,0.806,3.7215251736274477,3.8402602428466635,3.340778938709305,4.319089947253348,3.9669911791575316,27,1.2562423522500172,3.681800640808507,3.656439146897499,3.700485901494204,3.9156534565246557,3.8785708524768254,Method4
69,100,50,0.7,3,wide,5,4,4,4,4,4,20,0.799,0.806,3.8930169487152697,4.095640164894988,3.595297778428608,4.360471306139585,3.7347113611937197,28,0.9485243454037058,3.681800640808507,3.656439146897499,3.700485901494204,3.9156534565246557,3.8785708524768254,Method4
69,100,50,0.7,3,wide,5,4,4,4,4,4,20,0.799,0.806,3.893101066653177,4.111898642521117,3.6005084175164415,4.3506111817123605,3.7287125669577343,29,0.9445177824787321,3.681800640808507,3.656439146897499,3.700485901494204,3.9156534565246557,3.8785708524768254,Method4
69,100,50,0.7,3,wide,5,4,4,4,4,4,20,0.799,0.806,3.894893934485547,4.109040621112158,3.600482619013036,4.349002565632089,3.7292878802251557,30,0.9444617798938904,3.681800640808507,3.656439146897499,3.700485901494204,3.9156534565246557,3.8785708524768254,Method4
69,100,50,0.7,3,wide,5,4,4,4,4,4,20,0.799,0.806,3.90842552461519,4.058639431613899,3.655622945240722,4.377679704920952,3.731611146478806,31,0.9182182878803707,3.681800640808507,3.656439146897499,3.700485901494204,3.9156534565246557,3.8785708524768254,Method4
69,100,50,0.7,3,wide,5,4,4,4,4,4,20,0.799,0.806,3.9495458145522346,4.061729934438751,3.6256742328865044,4.374017343656899,3.736985875399385,32,0.7704041758907094,3.681800640808507,3.656439146897499,3.700485901494204,3.9156534565246557,3.8785708524768254,Method4
69,100,50,0.7,3,wide,5,4,4,4,4,4,20,0.799,0.806,3.9486073604669514,4.061304741556645,3.6106616287343054,4.369220988370965,3.7406347649409013,33,0.7689760033811199,3.681800640808507,3.656439146897499,3.700485901494204,3.9156534565246557,3.8785708524768254,Method4
69,100,50,0.7,3,wide,5,4,4,4,4,4,20,0.799,0.806,3.8591896604525266,4.137575919689134,3.5905514400947016,4.339503173564843,3.756857960012192,34,0.7431744741583977,3.681800640808507,3.656439146897499,3.700485901494204,3.9156534565246557,3.8785708524768254,Method4
69,100,50,0.7,3,wide,5,4,4,4,4,4,20,0.799,0.806,3.859332553688733,4.146420631978017,3.5984679428188637,4.359132717256123,3.752700322857561,35,0.7428072892918471,3.681800640808507,3.656439146897499,3.700485901494204,3.9156534565246557,3.8785708524768254,Method4
69,100,50,0.7,3,wide,5,4,4,4,4,4,20,0.799,0.806,3.8837975963071782,4.112303167499896,3.5927288553810217,4.237199225673247,3.8264799582496516,36,0.716439667663273,3.681800640808507,3.656439146897499,3.700485901494204,3.9156534565246557,3.8785708524768254,Method4
69,100,50,0.7,3,wide,5,4,4,4,4,4,20,0.799,0.806,3.883196989533555,4.113468969193809,3.5926769171103516,4.237549368155637,3.8254840950505127,37,0.716430709786065,3.681800640808507,3.656439146897499,3.700485901494204,3.9156534565246557,3.8785708524768254,Method4
69,100,50,0.7,3,wide,5,4,4,4,4,4,20,0.799,0.806,3.771905935152863,4.131775507320299,3.571915755672512,4.234780304843349,3.80998923145937,38,0.7051096502551768,3.681800640808507,3.656439146897499,3.700485901494204,3.9156534565246557,3.8785708524768254,Method4
69,100,50,0.7,3,wide,5,4,4,4,4,4,20,0.799,0.806,3.7766515791079804,4.141411299446553,3.5821486330063594,4.22568771330012,3.809491553172147,39,0.7033839818624226,3.681800640808507,3.656439146897499,3.700485901494204,3.9156534565246557,3.8785708524768254,Method4
69,100,50,0.7,3,wide,5,4,4,4,4,4,20,0.799,0.806,3.7344760368099923,4.14522403083321,3.5591942967167944,4.265196327225391,3.804510024535496,40,0.696721874761999,3.681800640808507,3.656439146897499,3.700485901494204,3.9156534565246557,3.8785708524768254,Method4
69,100,50,0.7,3,wide,5,4,4,4,4,4,20,0.799,0.806,3.6966104040830636,4.124523469712191,3.461488630838651,4.26512681117561,3.803148134676242,41,0.6826963138162834,3.681800640808507,3.656439146897499,3.700485901494204,3.9156534565246557,3.8785708524768254,Method4
69,100,50,0.7,3,wide,5,4,4,4,4,4,20,0.799,0.806,4.307267774723983,4.838997630641819,5.126775412775716,4.598815404374852,4.6828248796957235,5,23.091371459273333,3.68122115130884,3.9550452042586346,3.898850365113089,3.5791907563854584,3.5736961207761313,Method4
69,100,50,0.7,3,wide,5,4,4,4,4,4,20,0.799,0.806,4.307267774723983,4.838997630641819,5.126775412775716,4.598815404374852,4.6828248796957235,6,23.091371459273333,3.68122115130884,3.9550452042586346,3.898850365113089,3.5791907563854584,3.5736961207761313,Method4
69,100,50,0.7,3,wide,5,4,4,4,4,4,20,0.799,0.806,3.2638651310326137,4.94274363816793,5.074530384591177,4.621309512357507,4.662357350337553,7,22.15981149174339,3.68122115130884,3.9550452042586346,3.898850365113089,3.5791907563854584,3.5736961207761313,Method4
69,100,50,0.7,3,wide,5,4,4,4,4,4,20,0.799,0.806,3.2554469091582225,4.774349652316598,5.089595793551463,4.613154937970788,4.664213402210231,8,22.140962449106468,3.68122115130884,3.9550452042586346,3.898850365113089,3.5791907563854584,3.5736961207761313,Method4
69,100,50,0.7,3,wide,5,4,4,4,4,4,20,0.799,0.806,3.1845840680193835,4.75815561809086,5.371521883263658,4.599196555720648,4.685916613694111,9,22.061192443351793,3.68122115130884,3.9550452042586346,3.898850365113089,3.5791907563854584,3.5736961207761313,Method4
69,100,50,0.7,3,wide,5,4,4,4,4,4,20,0.799,0.806,3.1829477463762395,4.886273102004123,4.6986662876245635,4.624325995483772,4.681388092402163,10,21.06696435560822,3.68122115130884,3.9550452042586346,3.898850365113089,3.5791907563854584,3.5736961207761313,Method4
69,100,50,0.7,3,wide,5,4,4,4,4,4,20,0.799,0.806,3.318997624614268,4.560668143833012,5.0977280192552445,4.332626653594742,4.277282030009711,11,5.65584006284344,3.68122115130884,3.9550452042586346,3.898850365113089,3.5791907563854584,3.5736961207761313,Method4
69,100,50,0.7,3,wide,5,4,4,4,4,4,20,0.799,0.806,3.28894972689454,4.578455874269759,4.920409767233342,3.8357804415053636,4.304999152751236,12,5.449474636520949,3.68122115130884,3.9550452042586346,3.898850365113089,3.5791907563854584,3.5736961207761313,Method4
69,100,50,0.7,3,wide,5,4,4,4,4,4,20,0.799,0.806,3.543149410028067,4.581284240887905,4.712120522761182,3.831221828049849,4.340917499978176,13,3.2502181658558147,3.68122115130884,3.9550452042586346,3.898850365113089,3.5791907563854584,3.5736961207761313,Method4
69,100,50,0.7,3,wide,5,4,4,4,4,4,20,0.799,0.806,3.543350047374822,4.579775768891854,4.712435151118118,3.831376863197257,4.341478748234374,14,3.2502128693083456,3.68122115130884,3.9550452042586346,3.898850365113089,3.5791907563854584,3.5736961207761313,Method4
69,100,50,0.7,3,wide,5,4,4,4,4,4,20,0.799,0.806,3.569910411066812,4.456776016955791,4.7276659520777935,3.7708784290912387,4.224537820407784,15,2.774534368427505,3.68122115130884,3.9550452042586346,3.898850365113089,3.5791907563854584,3.5736961207761313,Method4
69,100,50,0.7,3,wide,5,4,4,4,4,4,20,0.799,0.806,3.783755155903129,4.5273061043639045,4.553205156141695,3.8670431035853037,4.234051994834092,16,2.444390574513747,3.68122115130884,3.9550452042586346,3.898850365113089,3.5791907563854584,3.5736961207761313,Method4
69,100,50,0.7,3,wide,5,4,4,4,4,4,20,0.799,0.806,3.808289343058862,4.493991707971368,4.565270925562831,3.821393370726479,4.099803705863913,17,2.4190124028620055,3.68122115130884,3.9550452042586346,3.898850365113089,3.5791907563854584,3.5736961207761313,Method4
69,100,50,0.7,3,wide,5,4,4,4,4,4,20,0.799,0.806,3.787556807606247,4.303800856521323,4.4669514086160405,3.759090191346171,3.9728440022236122,18,2.117757990833236,3.68122115130884,3.9550452042586346,3.898850365113089,3.5791907563854584,3.5736961207761313,Method4
69,100,50,0.7,3,wide,5,4,4,4,4,4,20,0.799,0.806,3.8306554515699465,4.3660496469279275,4.452765450592087,3.7225325003648395,3.9825872319649154,19,1.988893596082099,3.68122115130884,3.9550452042586346,3.898850365113089,3.5791907563854584,3.5736961207761313,Method4
69,100,50,0.7,3,wide,5,4,4,4,4,4,20,0.799,0.806,3.826186039756688,4.366156092119655,4.456677661613362,3.7225122889349502,3.9640989235473616,20,1.9883735910069686,3.68122115130884,3.9550452042586346,3.898850365113089,3.5791907563854584,3.5736961207761313,Method4
69,100,50,0.7,3,wide,5,4,4,4,4,4,20,0.799,0.806,3.7974622568589553,4.373505991683686,4.444419759528016,3.7407718878226026,3.986724259941488,21,1.9733983588599666,3.68122115130884,3.9550452042586346,3.898850365113089,3.5791907563854584,3.5736961207761313,Method4
69,100,50,0.7,3,wide,5,4,4,4,4,4,20,0.799,0.806,3.804307068461814,4.539954558797197,4.425975359764728,3.7281436519934616,4.00439955852178,22,1.6471183174112471,3.68122115130884,3.9550452042586346,3.898850365113089,3.5791907563854584,3.5736961207761313,Method4
69,100,50,0.7,3,wide,5,4,4,4,4,4,20,0.799,0.806,3.349268018542756,4.465001248179613,4.412294657586703,3.71545794661071,4.087724653888935,23,1.2732173689438129,3.68122115130884,3.9550452042586346,3.898850365113089,3.5791907563854584,3.5736961207761313,Method4
69,100,50,0.7,3,wide,5,4,4,4,4,4,20,0.799,0.806,3.403077280208257,4.402052338796422,4.404856257594135,3.7266718925762583,4.002466625506841,24,1.1972743623107929,3.68122115130884,3.9550452042586346,3.898850365113089,3.5791907563854584,3.5736961207761313,Method4
69,100,50,0.7,3,wide,5,4,4,4,4,4,20,0.799,0.806,3.391959075615654,4.410163273497753,4.401320425767913,3.71103445769752,3.995349027070436,25,1.1949911313118387,3.68122115130884,3.9550452042586346,3.898850365113089,3.5791907563854584,3.5736961207761313,Method4
69,100,50,0.7,3,wide,5,4,4,4,4,4,20,0.799,0.806,3.445473877547871,4.479471426687132,4.451076351784858,3.6444717294525852,3.8831282997450316,26,1.1070265777453319,3.68122115130884,3.9550452042586346,3.898850365113089,3.5791907563854584,3.5736961207761313,Method4
69,100,50,0.7,3,wide,5,4,4,4,4,4,20,0.799,0.806,3.427481534379547,4.39502383432269,4.487965927775842,3.728628460081887,3.9728437340469203,27,1.0080182586759712,3.68122115130884,3.9550452042586346,3.898850365113089,3.5791907563854584,3.5736961207761313,Method4
69,100,50,0.7,3,wide,5,4,4,4,4,4,20,0.799,0.806,3.443130849175897,4.396426610753419,4.411986530717432,3.7242206119654107,3.983016603093842,28,0.9797146803958502,3.68122115130884,3.9550452042586346,3.898850365113089,3.5791907563854584,3.5736961207761313,Method4
69,100,50,0.7,3,wide,5,4,4,4,4,4,20,0.799,0.806,3.439851731235356,4.394506817205552,4.411538672307007,3.7229664765006323,3.9805288304590505,29,0.9796430014142714,3.68122115130884,3.9550452042586346,3.898850365113089,3.5791907563854584,3.5736961207761313,Method4
69,100,50,0.7,3,wide,5,4,4,4,4,4,20,0.799,0.806,3.4853208749757436,4.412051663661906,4.387283347818978,3.7155992718061555,3.96393632433487,30,0.965261242621797,3.68122115130884,3.9550452042586346,3.898850365113089,3.5791907563854584,3.5736961207761313,Method4
69,100,50,0.7,3,wide,5,4,4,4,4,4,20,0.799,0.806,3.4842428844010174,4.403806416386303,4.393077325729208,3.708403730109075,3.9701130117377312,31,0.9630686946467665,3.68122115130884,3.9550452042586346,3.898850365113089,3.5791907563854584,3.5736961207761313,Method4
69,100,50,0.7,3,wide,5,4,4,4,4,4,20,0.799,0.806,3.4382608950419806,4.417179416022416,4.320928001014362,3.692950247348912,3.956671304752637,32,0.9542519035010087,3.68122115130884,3.9550452042586346,3.898850365113089,3.5791907563854584,3.5736961207761313,Method4
69,100,50,0.7,3,wide,5,4,4,4,4,4,20,0.799,0.806,3.4734606484541244,4.230936637636057,4.136242286708571,3.6829552568982544,3.9459861618784093,33,0.8883426351523968,3.68122115130884,3.9550452042586346,3.898850365113089,3.5791907563854584,3.5736961207761313,Method4
69,100,50,0.7,3,wide,5,4,4,4,4,4,20,0.799,0.806,3.510424616914332,4.007743922693321,4.200309629826603,3.675805049482903,3.9234512767180187,34,0.6857121644125792,3.68122115130884,3.9550452042586346,3.898850365113089,3.5791907563854584,3.5736961207761313,Method4
69,100,50,0.7,3,wide,5,4,4,4,4,4,20,0.799,0.806,3.4934513422427362,3.999568146259647,4.21095221246312,3.6741404936021547,3.89724894751696,35,0.6688570417314365,3.68122115130884,3.9550452042586346,3.898850365113089,3.5791907563854584,3.5736961207761313,Method4
69,100,50,0.7,3,wide,5,4,4,4,4,4,20,0.799,0.806,3.506960789659692,4.0069480668279045,4.190002996898085,3.6552180094375952,3.8966273598987087,36,0.6657415329121484,3.68122115130884,3.9550452042586346,3.898850365113089,3.5791907563854584,3.5736961207761313,Method4
69,100,50,0.7,3,wide,5,4,4,4,4,4,20,0.799,0.806,3.5327165876590687,3.9740613170003813,4.181240062548472,3.573788674544471,3.8278460488119985,37,0.6443577795107446,3.68122115130884,3.9550452042586346,3.898850365113089,3.5791907563854584,3.5736961207761313,Method4
69,100,50,0.7,3,wide,5,4,4,4,4,4,20,0.799,0.806,3.5263131249276505,3.9770956864930924,4.2215832220280936,3.52157462131013,3.834041827354603,38,0.6366802772486175,3.68122115130884,3.9550452042586346,3.898850365113089,3.5791907563854584,3.5736961207761313,Method4
69,100,50,0.7,3,wide,5,4,4,4,4,4,20,0.799,0.806,3.5415482758888324,3.9490989051447385,4.207592601125748,3.4809465722206228,3.7323178406396385,39,0.5960704976453868,3.68122115130884,3.9550452042586346,3.898850365113089,3.5791907563854584,3.5736961207761313,Method4
69,100,50,0.7,3,wide,5,4,4,4,4,4,20,0.799,0.806,3.5325122939988596,3.9536068362017653,4.168391223740591,3.480818164346887,3.725676858205516,40,0.5936382269851549,3.68122115130884,3.9550452042586346,3.898850365113089,3.5791907563854584,3.5736961207761313,Method4
69,100,50,0.7,3,wide,5,4,4,4,4,4,20,0.799,0.806,3.5213546069186576,3.9524503824339936,4.155072248016298,3.4785429311310647,3.727694241269411,41,0.5934603839213225,3.68122115130884,3.9550452042586346,3.898850365113089,3.5791907563854584,3.5736961207761313,Method4
69,100,50,0.7,3,wide,5,4,4,4,4,4,20,0.799,0.806,4.767623640599292,3.8703259225589948,5.042834726751634,4.974858585097371,4.918731124115939,5,19.97513782881324,3.8848550602274963,3.4666491981677297,3.7346674115955008,3.9311451834833333,3.7018170925953395,Method4
69,100,50,0.7,3,wide,5,4,4,4,4,4,20,0.799,0.806,4.767623640599292,3.8703259225589948,5.042834726751634,4.974858585097371,4.918731124115939,6,19.97513782881324,3.8848550602274963,3.4666491981677297,3.7346674115955008,3.9311451834833333,3.7018170925953395,Method4
69,100,50,0.7,3,wide,5,4,4,4,4,4,20,0.799,0.806,4.648009342501672,3.867062016900218,5.039218291475932,4.985880947981774,4.900292228473666,7,19.95877295480046,3.8848550602274963,3.4666491981677297,3.7346674115955008,3.9311451834833333,3.7018170925953395,Method4
69,100,50,0.7,3,wide,5,4,4,4,4,4,20,0.799,0.806,4.592052821539558,3.807658262640425,5.000420568379021,4.958794193539794,4.164942983208226,8,19.48031967642028,3.8848550602274963,3.4666491981677297,3.7346674115955008,3.9311451834833333,3.7018170925953395,Method4
69,100,50,0.7,3,wide,5,4,4,4,4,4,20,0.799,0.806,4.615122608765747,3.820422513019792,4.976895650642487,4.962747487341466,4.285905648718935,9,19.45057413654757,3.8848550602274963,3.4666491981677297,3.7346674115955008,3.9311451834833333,3.7018170925953395,Method4
69,100,50,0.7,3,wide,5,4,4,4,4,4,20,0.799,0.806,4.174597631782861,4.3034827349821105,4.739632648816908,5.3532497822013125,4.140743798302104,10,8.307259219557995,3.8848550602274963,3.4666491981677297,3.7346674115955008,3.9311451834833333,3.7018170925953395,Method4
69,100,50,0.7,3,wide,5,4,4,4,4,4,20,0.799,0.806,3.9913992833792844,4.22428112527424,4.689314326073999,5.172261058746814,3.6675305462561667,11,5.482530641821685,3.8848550602274963,3.4666491981677297,3.7346674115955008,3.9311451834833333,3.7018170925953395,Method4
69,100,50,0.7,3,wide,5,4,4,4,4,4,20,0.799,0.806,3.984549115639853,4.292322558097512,4.719816489967532,4.609258166708064,3.7148280017249595,12,5.14781968016558,3.8848550602274963,3.4666491981677297,3.7346674115955008,3.9311451834833333,3.7018170925953395,Method4
69,100,50,0.7,3,wide,5,4,4,4,4,4,20,0.799,0.806,4.013812046201828,4.26208098171094,4.549133251212205,4.562709601656998,3.696868400961725,13,5.112698689516529,3.8848550602274963,3.4666491981677297,3.7346674115955008,3.9311451834833333,3.7018170925953395,Method4
69,100,50,0.7,3,wide,5,4,4,4,4,4,20,0.799,0.806,3.9743539559891974,4.2401671308882936,4.543172759775641,4.227493217594819,3.7187149373752932,14,4.883988691689872,3.8848550602274963,3.4666491981677297,3.7346674115955008,3.9311451834833333,3.7018170925953395,Method4
69,100,50,0.7,3,wide,5,4,4,4,4,4,20,0.799,0.806,4.070296925714925,4.265699735450346,4.506928129019041,4.411265565131299,3.8247559415712975,15,3.478786882087491,3.8848550602274963,3.4666491981677297,3.7346674115955008,3.9311451834833333,3.7018170925953395,Method4
69,100,50,0.7,3,wide,5,4,4,4,4,4,20,0.799,0.806,4.069933211235415,4.265741979134118,4.506948380096164,4.4112981267024765,3.8246472395661786,16,3.478786494775334,3.8848550602274963,3.4666491981677297,3.7346674115955008,3.9311451834833333,3.7018170925953395,Method4
69,100,50,0.7,3,wide,5,4,4,4,4,4,20,0.799,0.806,4.0846962423844495,4.314819608626293,4.294156750132048,4.333777014892373,3.8422627854605964,17,2.90522351166897,3.8848550602274963,3.4666491981677297,3.7346674115955008,3.9311451834833333,3.7018170925953395,Method4
69,100,50,0.7,3,wide,5,4,4,4,4,4,20,0.799,0.806,3.973767411915072,4.241226132216122,4.207215747060792,4.437895930877455,3.559337557116668,18,2.6716882059852267,3.8848550602274963,3.4666491981677297,3.7346674115955008,3.9311451834833333,3.7018170925953395,Method4
69,100,50,0.7,3,wide,5,4,4,4,4,4,20,0.799,0.806,3.9839663099281832,4.231358780101624,4.155741498735744,4.443348835645598,3.5596236885023833,19,2.5842724671734834,3.8848550602274963,3.4666491981677297,3.7346674115955008,3.9311451834833333,3.7018170925953395,Method4
69,100,50,0.7,3,wide,5,4,4,4,4,4,20,0.799,0.806,4.036268221047613,4.216976752342072,4.0952927393300245,4.332144576588538,3.5037121430563594,20,2.4873958909012477,3.8848550602274963,3.4666491981677297,3.7346674115955008,3.9311451834833333,3.7018170925953395,Method4
69,100,50,0.7,3,wide,5,4,4,4,4,4,20,0.799,0.806,4.04977272520406,4.22599304517445,4.134018946561472,4.282450477976029,3.6380834706218343,21,2.3632399908771036,3.8848550602274963,3.4666491981677297,3.7346674115955008,3.9311451834833333,3.7018170925953395,Method4
69,100,50,0.7,3,wide,5,4,4,4,4,4,20,0.799,0.806,3.867862442824489,4.320221622145177,4.091976233920408,4.1405260058652615,3.6605330064459607,22,2.12776079817554,3.8848550602274963,3.4666491981677297,3.7346674115955008,3.9311451834833333,3.7018170925953395,Method4
69,100,50,0.7,3,wide,5,4,4,4,4,4,20,0.799,0.806,3.9318295526315143,4.352560443990781,4.1261503834499536,4.154915294633244,3.727972794461215,23,1.9881786300091924,3.8848550602274963,3.4666491981677297,3.7346674115955008,3.9311451834833333,3.7018170925953395,Method4
69,100,50,0.7,3,wide,5,4,4,4,4,4,20,0.799,0.806,3.94512936515502,3.8308263807471725,4.110821780542406,4.15567071988238,3.6995239255403094,24,1.7640086151073704,3.8848550602274963,3.4666491981677297,3.7346674115955008,3.9311451834833333,3.7018170925953395,Method4
69,100,50,0.7,3,wide,5,4,4,4,4,4,20,0.799,0.806,3.88326432099162,3.6607393350199313,4.050487312289742,4.20336205694575,3.7083798318362273,25,1.7231159745414633,3.8848550602274963,3.4666491981677297,3.7346674115955008,3.9311451834833333,3.7018170925953395,Method4
69,100,50,0.7,3,wide,5,4,4,4,4,4,20,0.799,0.806,3.8684882124153863,3.675336553351111,4.03282159439353,4.268224674057181,3.7077510149048885,26,1.6885769097063634,3.8848550602274963,3.4666491981677297,3.7346674115955008,3.9311451834833333,3.7018170925953395,Method4
69,100,50,0.7,3,wide,5,4,4,4,4,4,20,0.799,0.806,3.7543012186426323,3.64841571895874,4.040065641031392,4.256419774614556,3.7332638246811323,27,1.5495999209879072,3.8848550602274963,3.4666491981677297,3.7346674115955008,3.9311451834833333,3.7018170925953395,Method4
69,100,50,0.7,3,wide,5,4,4,4,4,4,20,0.799,0.806,3.716414391929619,3.6574985617338256,4.0596845379720445,4.314264686919114,3.7864322731588542,28,1.444463651299805,3.8848550602274963,3.4666491981677297,3.7346674115955008,3.9311451834833333,3.7018170925953395,Method4
69,100,50,0.7,3,wide,5,4,4,4,4,4,20,0.799,0.806,3.6856105321392976,3.4983123098519595,4.06675977155317,4.3032716959139625,3.75018232288622,29,1.321789605310716,3.8848550602274963,3.4666491981677297,3.7346674115955008,3.9311451834833333,3.7018170925953395,Method4
69,100,50,0.7,3,wide,5,4,4,4,4,4,20,0.799,0.806,3.73066561105978,3.445367895280652,4.092623346908277,4.241748440929835,3.7528165660703534,30,1.2149505147012014,3.8848550602274963,3.4666491981677297,3.7346674115955008,3.9311451834833333,3.7018170925953395,Method4
69,100,50,0.7,3,wide,5,4,4,4,4,4,20,0.799,0.806,3.7277007299820655,3.4692589827049685,3.9357277515612608,4.2306981464991065,3.7412836550720505,31,1.1760562757526443,3.8848550602274963,3.4666491981677297,3.7346674115955008,3.9311451834833333,3.7018170925953395,Method4
69,100,50,0.7,3,wide,5,4,4,4,4,4,20,0.799,0.806,3.816257825647407,3.5504282303187726,3.8614035143123737,4.170090129292623,3.6698974511518787,32,1.0915640716881283,3.8848550602274963,3.4666491981677297,3.7346674115955008,3.9311451834833333,3.7018170925953395,Method4
69,100,50,0.7,3,wide,5,4,4,4,4,4,20,0.799,0.806,3.810968927377649,3.577746789786594,3.8640179276129896,4.186750808186197,3.678459476302881,33,1.0801602038663076,3.8848550602274963,3.4666491981677297,3.7346674115955008,3.9311451834833333,3.7018170925953395,Method4
69,100,50,0.7,3,wide,5,4,4,4,4,4,20,0.799,0.806,3.8373233969650222,3.5837202199937956,3.898477765991576,4.208293099398564,3.761692162296488,34,1.0587789647868466,3.8848550602274963,3.4666491981677297,3.7346674115955008,3.9311451834833333,3.7018170925953395,Method4
69,100,50,0.7,3,wide,5,4,4,4,4,4,20,0.799,0.806,3.832987565034405,3.6310501907840065,3.9058362614706965,4.2884800742244185,3.7242187544732306,35,1.0199470341583696,3.8848550602274963,3.4666491981677297,3.7346674115955008,3.9311451834833333,3.7018170925953395,Method4
69,100,50,0.7,3,wide,5,4,4,4,4,4,20,0.799,0.806,3.8614428033781,3.648215773966766,3.9365597678530455,4.317550369712844,3.675645649960245,36,0.9524859479980088,3.8848550602274963,3.4666491981677297,3.7346674115955008,3.9311451834833333,3.7018170925953395,Method4
69,100,50,0.7,3,wide,5,4,4,4,4,4,20,0.799,0.806,3.862656990073339,3.644856279181869,3.904836395670962,4.319758701835,3.6651390345572996,37,0.9486047829124901,3.8848550602274963,3.4666491981677297,3.7346674115955008,3.9311451834833333,3.7018170925953395,Method4
69,100,50,0.7,3,wide,5,4,4,4,4,4,20,0.799,0.806,3.8733254558530517,3.6553456369508672,3.81100205282856,4.423465399347637,3.660038388785795,38,0.8834183474393981,3.8848550602274963,3.4666491981677297,3.7346674115955008,3.9311451834833333,3.7018170925953395,Method4
69,100,50,0.7,3,wide,5,4,4,4,4,4,20,0.799,0.806,3.8455771339409996,3.637986142780043,3.8262063549868794,4.441241187981241,3.6603812767511363,39,0.8774368472944359,3.8848550602274963,3.4666491981677297,3.7346674115955008,3.9311451834833333,3.7018170925953395,Method4
69,100,50,0.7,3,wide,5,4,4,4,4,4,20,0.799,0.806,3.8347292391914647,3.6218729065260686,3.8365855891414853,4.436656252575329,3.6779046154184365,40,0.8757329877768367,3.8848550602274963,3.4666491981677297,3.7346674115955008,3.9311451834833333,3.7018170925953395,Method4
69,100,50,0.7,3,wide,5,4,4,4,4,4,20,0.799,0.806,3.869077486005868,3.653560695718894,3.840004977541451,4.407611870347719,3.685888346168999,41,0.8662396243788157,3.8848550602274963,3.4666491981677297,3.7346674115955008,3.9311451834833333,3.7018170925953395,Method4
69,100,50,0.7,3,wide,5,4,4,4,4,4,20,0.799,0.806,3.1014279718624915,3.8346693025371925,3.780445084332287,3.300937825722102,5.462138824364304,5,18.774409760894535,3.7690436878284572,3.795310431817243,3.8580050729915776,3.5900109305197994,3.8369756190605084,Method4
69,100,50,0.7,3,wide,5,4,4,4,4,4,20,0.799,0.806,3.1014279718624915,3.8346693025371925,3.780445084332287,3.300937825722102,5.462138824364304,6,18.774409760894535,3.7690436878284572,3.795310431817243,3.8580050729915776,3.5900109305197994,3.8369756190605084,Method4
69,100,50,0.7,3,wide,5,4,4,4,4,4,20,0.799,0.806,3.0725958484088114,3.779234405770553,3.791389778661704,3.306973907141817,5.1178625525806005,7,18.69616721406488,3.7690436878284572,3.795310431817243,3.8580050729915776,3.5900109305197994,3.8369756190605084,Method4
69,100,50,0.7,3,wide,5,4,4,4,4,4,20,0.799,0.806,3.581394307010147,3.996076851543493,4.142851541328959,3.641708651043395,4.975317851654517,8,7.519230806067023,3.7690436878284572,3.795310431817243,3.8580050729915776,3.5900109305197994,3.8369756190605084,Method4
69,100,50,0.7,3,wide,5,4,4,4,4,4,20,0.799,0.806,3.576382956787721,3.9694063583128667,4.3247267895328525,3.6994905384809806,4.393179190569247,9,5.129707750910441,3.7690436878284572,3.795310431817243,3.8580050729915776,3.5900109305197994,3.8369756190605084,Method4
69,100,50,0.7,3,wide,5,4,4,4,4,4,20,0.799,0.806,3.5397993418067806,4.00542393692664,4.105051121712165,3.7064297791154295,4.35966115446683,10,5.0891219521605,3.7690436878284572,3.795310431817243,3.8580050729915776,3.5900109305197994,3.8369756190605084,Method4
69,100,50,0.7,3,wide,5,4,4,4,4,4,20,0.799,0.806,3.687651172514909,4.024272946278536,4.062403969906246,3.768312449948472,4.287680982102489,11,3.6183699039510504,3.7690436878284572,3.795310431817243,3.8580050729915776,3.5900109305197994,3.8369756190605084,Method4
69,100,50,0.7,3,wide,5,4,4,4,4,4,20,0.799,0.806,3.743991829366009,3.9839146281418123,4.198195794681964,3.8738283324174345,4.225673179405314,12,3.083373854695202,3.7690436878284572,3.795310431817243,3.8580050729915776,3.5900109305197994,3.8369756190605084,Method4
69,100,50,0.7,3,wide,5,4,4,4,4,4,20,0.799,0.806,3.7676506525894062,4.0806390732484115,4.209231230499835,3.8397527849832787,4.232758363830287,13,2.870395151565714,3.7690436878284572,3.795310431817243,3.8580050729915776,3.5900109305197994,3.8369756190605084,Method4
69,100,50,0.7,3,wide,5,4,4,4,4,4,20,0.799,0.806,3.9254645471820315,3.568975041403826,4.171280875811724,3.9122085128667843,4.330955168684704,14,2.4516797124319427,3.7690436878284572,3.795310431817243,3.8580050729915776,3.5900109305197994,3.8369756190605084,Method4
69,100,50,0.7,3,wide,5,4,4,4,4,4,20,0.799,0.806,3.9041416334105805,3.6858327451781663,4.113938581453405,3.9026837378135513,4.533916420067265,15,1.9501672683660822,3.7690436878284572,3.795310431817243,3.8580050729915776,3.5900109305197994,3.8369756190605084,Method4
69,100,50,0.7,3,wide,5,4,4,4,4,4,20,0.799,0.806,3.859015243916784,3.7056662206895292,4.107258315600117,3.562687715792322,4.520348160786182,16,1.853180360145976,3.7690436878284572,3.795310431817243,3.8580050729915776,3.5900109305197994,3.8369756190605084,Method4
69,100,50,0.7,3,wide,5,4,4,4,4,4,20,0.799,0.806,3.85670467282126,3.7069058234830323,4.109043332330048,3.558517033134996,4.5428975122558395,17,1.852290254839629,3.7690436878284572,3.795310431817243,3.8580050729915776,3.5900109305197994,3.8369756190605084,Method4
69,100,50,0.7,3,wide,5,4,4,4,4,4,20,0.799,0.806,3.865465669310376,3.7431906988158365,4.104232669374363,3.590480129084586,4.560179659257776,18,1.7935512235445452,3.7690436878284572,3.795310431817243,3.8580050729915776,3.5900109305197994,3.8369756190605084,Method4
69,100,50,0.7,3,wide,5,4,4,4,4,4,20,0.799,0.806,3.8676183329889393,3.773344111187076,4.112067771480369,3.6441854608772024,4.557247614000872,19,1.7831140520627962,3.7690436878284572,3.795310431817243,3.8580050729915776,3.5900109305197994,3.8369756190605084,Method4
69,100,50,0.7,3,wide,5,4,4,4,4,4,20,0.799,0.806,3.59974932130888,3.765267022590066,4.06560279602123,3.6454979519435162,4.607627556866406,20,1.6960840555912553,3.7690436878284572,3.795310431817243,3.8580050729915776,3.5900109305197994,3.8369756190605084,Method4
69,100,50,0.7,3,wide,5,4,4,4,4,4,20,0.799,0.806,3.609470791192165,3.7662740135107424,4.071483531986073,3.6378293367276364,4.5862212182344395,21,1.6859352437892108,3.7690436878284572,3.795310431817243,3.8580050729915776,3.5900109305197994,3.8369756190605084,Method4
69,100,50,0.7,3,wide,5,4,4,4,4,4,20,0.799,0.806,3.602625401216147,3.740188661464624,4.065537635834671,3.653924958415162,4.5491551941063255,22,1.667312712964346,3.7690436878284572,3.795310431817243,3.8580050729915776,3.5900109305197994,3.8369756190605084,Method4
69,100,50,0.7,3,wide,5,4,4,4,4,4,20,0.799,0.806,3.517083078794081,3.7355798716273965,4.070066135234852,3.637235062287503,4.540939996823612,23,1.6549792101714988,3.7690436878284572,3.795310431817243,3.8580050729915776,3.5900109305197994,3.8369756190605084,Method4
69,100,50,0.7,3,wide,5,4,4,4,4,4,20,0.799,0.806,3.3388480142537467,3.646923478661488,4.04910368826125,3.773831666611087,4.517830133716012,24,1.3958274510610926,3.7690436878284572,3.795310431817243,3.8580050729915776,3.5900109305197994,3.8369756190605084,Method4
69,100,50,0.7,3,wide,5,4,4,4,4,4,20,0.799,0.806,3.2783977474890973,3.686873326129938,4.051388607639863,3.6780917170239347,4.384323555719906,25,1.2797301172069084,3.7690436878284572,3.795310431817243,3.8580050729915776,3.5900109305197994,3.8369756190605084,Method4
69,100,50,0.7,3,wide,5,4,4,4,4,4,20,0.799,0.806,3.278584378692746,3.6763922934826465,4.058125407834167,3.6666004164497874,4.344108149981924,26,1.1176579553355932,3.7690436878284572,3.795310431817243,3.8580050729915776,3.5900109305197994,3.8369756190605084,Method4
69,100,50,0.7,3,wide,5,4,4,4,4,4,20,0.799,0.806,3.264440608391363,3.6893413992081032,4.017169516137169,3.5881252601524585,4.250379353320009,27,1.0941023818774434,3.7690436878284572,3.795310431817243,3.8580050729915776,3.5900109305197994,3.8369756190605084,Method4
69,100,50,0.7,3,wide,5,4,4,4,4,4,20,0.799,0.806,3.315282393640359,3.7022974712542274,4.0129326679689425,3.581275388556509,4.27244632680337,28,1.0854518005971958,3.7690436878284572,3.795310431817243,3.8580050729915776,3.5900109305197994,3.8369756190605084,Method4
69,100,50,0.7,3,wide,5,4,4,4,4,4,20,0.799,0.806,3.3129820970788426,3.659107792856865,4.011933025965152,3.5828050101218825,4.287178240835329,29,1.082892600749092,3.7690436878284572,3.795310431817243,3.8580050729915776,3.5900109305197994,3.8369756190605084,Method4
69,100,50,0.7,3,wide,5,4,4,4,4,4,20,0.799,0.806,3.3499061614471097,3.568469432368713,4.012489820125635,3.6141758703437463,4.2954097481013145,30,1.0634949011778922,3.7690436878284572,3.795310431817243,3.8580050729915776,3.5900109305197994,3.8369756190605084,Method4
69,100,50,0.7,3,wide,5,4,4,4,4,4,20,0.799,0.806,3.3389664215602566,3.62357856311836,3.9897063886663995,3.5736099180716705,4.32994114119193,31,1.0407467918971829,3.7690436878284572,3.795310431817243,3.8580050729915776,3.5900109305197994,3.8369756190605084,Method4
69,100,50,0.7,3,wide,5,4,4,4,4,4,20,0.799,0.806,3.3673560775593208,3.648788491081228,3.9877997592278223,3.5650080096151093,4.307918572582561,32,1.035980515444947,3.7690436878284572,3.795310431817243,3.8580050729915776,3.5900109305197994,3.8369756190605084,Method4
69,100,50,0.7,3,wide,5,4,4,4,4,4,20,0.799,0.806,3.3029834712234254,3.7324411139498395,3.955748581282865,3.6144961140156187,4.2554093211758826,33,0.9774885025548601,3.7690436878284572,3.795310431817243,3.8580050729915776,3.5900109305197994,3.8369756190605084,Method4
69,100,50,0.7,3,wide,5,4,4,4,4,4,20,0.799,0.806,3.35591044229837,3.7315826499480824,3.9808043442353336,3.5556000677728608,4.247385619679608,34,0.9481007350675246,3.7690436878284572,3.795310431817243,3.8580050729915776,3.5900109305197994,3.8369756190605084,Method4
69,100,50,0.7,3,wide,5,4,4,4,4,4,20,0.799,0.806,3.3623886960384204,3.7290090913714184,3.9818272322735364,3.5464659429855896,4.249697415204152,35,0.9479458867516223,3.7690436878284572,3.795310431817243,3.8580050729915776,3.5900109305197994,3.8369756190605084,Method4
69,100,50,0.7,3,wide,5,4,4,4,4,4,20,0.799,0.806,3.417546576446674,3.7287754112985363,4.011567036408012,3.4114458574028053,4.160112393735566,36,0.8403803110023015,3.7690436878284572,3.795310431817243,3.8580050729915776,3.5900109305197994,3.8369756190605084,Method4
69,100,50,0.7,3,wide,5,4,4,4,4,4,20,0.799,0.806,3.356043691693439,3.8066241085411265,3.961612148354931,3.489196983113736,4.1230696099024025,37,0.7555977132961866,3.7690436878284572,3.795310431817243,3.8580050729915776,3.5900109305197994,3.8369756190605084,Method4
69,100,50,0.7,3,wide,5,4,4,4,4,4,20,0.799,0.806,3.4291330847875416,3.649470358843534,4.025893346479684,3.563001896783014,4.347099283020907,38,0.7024621004720865,3.7690436878284572,3.795310431817243,3.8580050729915776,3.5900109305197994,3.8369756190605084,Method4
69,100,50,0.7,3,wide,5,4,4,4,4,4,20,0.799,0.806,3.432461887900293,3.630410515492988,4.020179904460338,3.6718620547558074,4.3716999053152366,39,0.6696647783904376,3.7690436878284572,3.795310431817243,3.8580050729915776,3.5900109305197994,3.8369756190605084,Method4
69,100,50,0.7,3,wide,5,4,4,4,4,4,20,0.799,0.806,3.432150101250607,3.6275438553608557,4.0192668892800265,3.6700639992478994,4.371921200123835,40,0.6696372141416083,3.7690436878284572,3.795310431817243,3.8580050729915776,3.5900109305197994,3.8369756190605084,Method4
69,100,50,0.7,3,wide,5,4,4,4,4,4,20,0.799,0.806,3.5206828337314557,3.6101979762784517,4.043571740856584,3.7150301994744335,4.4225023550727744,41,0.64907180275155,3.7690436878284572,3.795310431817243,3.8580050729915776,3.5900109305197994,3.8369756190605084,Method4
69,100,50,0.7,3,wide,5,4,4,4,4,4,20,0.799,0.806,4.015707203118238,3.799684841209962,4.533276620989943,5.1932813212771896,5.377467945355406,5,17.48658712669156,3.7330774515005323,3.5002787410316403,3.782107269995695,3.706975578363405,3.8167154501106566,Method4
69,100,50,0.7,3,wide,5,4,4,4,4,4,20,0.799,0.806,4.015707203118238,3.799684841209962,4.533276620989943,5.1932813212771896,5.377467945355406,6,17.48658712669156,3.7330774515005323,3.5002787410316403,3.782107269995695,3.706975578363405,3.8167154501106566,Method4
69,100,50,0.7,3,wide,5,4,4,4,4,4,20,0.799,0.806,4.539295883442326,4.163041801255676,4.51353612544327,4.730311426633765,4.880719957901102,7,6.805441218067967,3.7330774515005323,3.5002787410316403,3.782107269995695,3.706975578363405,3.8167154501106566,Method4
69,100,50,0.7,3,wide,5,4,4,4,4,4,20,0.799,0.806,4.489217928994817,4.0278856940838805,4.575962053191362,4.776034429182918,4.28753651648249,8,6.41318141420061,3.7330774515005323,3.5002787410316403,3.782107269995695,3.706975578363405,3.8167154501106566,Method4
69,100,50,0.7,3,wide,5,4,4,4,4,4,20,0.799,0.806,4.4420978785341445,3.9028326544244862,4.705641120754694,4.6754363879088245,4.293028171141464,9,4.819590929073694,3.7330774515005323,3.5002787410316403,3.782107269995695,3.706975578363405,3.8167154501106566,Method4
69,100,50,0.7,3,wide,5,4,4,4,4,4,20,0.799,0.806,4.51568985010227,3.883298550906236,4.817306176937504,4.818637005996816,4.4540154084605055,10,3.944694510199454,3.7330774515005323,3.5002787410316403,3.782107269995695,3.706975578363405,3.8167154501106566,Method4
69,100,50,0.7,3,wide,5,4,4,4,4,4,20,0.799,0.806,4.549035512072812,3.872611161741056,4.786919100759648,4.749172703879508,4.162330469215003,11,3.7668556882956996,3.7330774515005323,3.5002787410316403,3.782107269995695,3.706975578363405,3.8167154501106566,Method4
69,100,50,0.7,3,wide,5,4,4,4,4,4,20,0.799,0.806,4.550409867024011,3.91454274043175,4.786625617984532,4.743953979477782,4.157972057580293,12,3.764646598504962,3.7330774515005323,3.5002787410316403,3.782107269995695,3.706975578363405,3.8167154501106566,Method4
69,100,50,0.7,3,wide,5,4,4,4,4,4,20,0.799,0.806,4.491316907321551,3.806569058045294,4.774949669119964,4.307754325252877,4.264274389130996,13,3.5410562563804646,3.7330774515005323,3.5002787410316403,3.782107269995695,3.706975578363405,3.8167154501106566,Method4
69,100,50,0.7,3,wide,5,4,4,4,4,4,20,0.799,0.806,4.431102822809071,3.8484344426673043,4.803257288462637,4.288641615378452,4.242202175805499,14,3.323272364937993,3.7330774515005323,3.5002787410316403,3.782107269995695,3.706975578363405,3.8167154501106566,Method4
69,100,50,0.7,3,wide,5,4,4,4,4,4,20,0.799,0.806,4.5186303493281965,4.090067350381802,4.759476293345921,4.250158838025907,4.179258614892415,15,2.980687869631819,3.7330774515005323,3.5002787410316403,3.782107269995695,3.706975578363405,3.8167154501106566,Method4
69,100,50,0.7,3,wide,5,4,4,4,4,4,20,0.799,0.806,4.51417179073371,3.751280901793116,4.831005152695522,4.260655568726542,4.140432446096045,16,2.8028226320116154,3.7330774515005323,3.5002787410316403,3.782107269995695,3.706975578363405,3.8167154501106566,Method4
69,100,50,0.7,3,wide,5,4,4,4,4,4,20,0.799,0.806,4.507206776237006,3.7127997169395464,4.805461411698915,4.251926724507825,3.9831356953081043,17,2.7430769239176866,3.7330774515005323,3.5002787410316403,3.782107269995695,3.706975578363405,3.8167154501106566,Method4
69,100,50,0.7,3,wide,5,4,4,4,4,4,20,0.799,0.806,4.020252857941316,3.625457696837542,4.818704484172242,4.165408818609196,4.051899325227747,18,2.591117772623994,3.7330774515005323,3.5002787410316403,3.782107269995695,3.706975578363405,3.8167154501106566,Method4
69,100,50,0.7,3,wide,5,4,4,4,4,4,20,0.799,0.806,3.9242265904769633,3.6076488506498623,4.782371619039443,4.1545308149956455,4.0323952739958635,19,2.507761236945376,3.7330774515005323,3.5002787410316403,3.782107269995695,3.706975578363405,3.8167154501106566,Method4
69,100,50,0.7,3,wide,5,4,4,4,4,4,20,0.799,0.806,3.9774556791658164,3.6758353242061634,4.751114250429663,4.176067098507717,4.048746215642521,20,2.40392077976413,3.7330774515005323,3.5002787410316403,3.782107269995695,3.706975578363405,3.8167154501106566,Method4
69,100,50,0.7,3,wide,5,4,4,4,4,4,20,0.799,0.806,3.8790974835050336,3.7318727206467823,4.09145087876715,4.23481019809725,4.0796658358499425,21,2.0547747450779856,3.7330774515005323,3.5002787410316403,3.782107269995695,3.706975578363405,3.8167154501106566,Method4
69,100,50,0.7,3,wide,5,4,4,4,4,4,20,0.799,0.806,3.842141157051397,3.6970400811433466,4.129553277035698,4.278346130411756,4.034615798775403,22,1.9764642518573572,3.7330774515005323,3.5002787410316403,3.782107269995695,3.706975578363405,3.8167154501106566,Method4
69,100,50,0.7,3,wide,5,4,4,4,4,4,20,0.799,0.806,3.8728267646490666,3.7983781935335648,4.187044594880887,4.277146188429542,3.9405393677123612,23,1.8303401581205259,3.7330774515005323,3.5002787410316403,3.782107269995695,3.706975578363405,3.8167154501106566,Method4
69,100,50,0.7,3,wide,5,4,4,4,4,4,20,0.799,0.806,3.6050050643788447,3.6972459809965486,4.190461284004312,4.233504361612152,4.0252676568718275,24,1.6806558645076668,3.7330774515005323,3.5002787410316403,3.782107269995695,3.706975578363405,3.8167154501106566,Method4
69,100,50,0.7,3,wide,5,4,4,4,4,4,20,0.799,0.806,3.6000335458349393,3.586846424187402,4.035723531624183,4.142814704961704,4.103405014813573,25,1.532997031258467,3.7330774515005323,3.5002787410316403,3.782107269995695,3.706975578363405,3.8167154501106566,Method4
69,100,50,0.7,3,wide,5,4,4,4,4,4,20,0.799,0.806,3.6310025966433384,3.5990077763391195,4.0144855897284675,4.185762274063073,4.110679090527032,26,1.5155331937122674,3.7330774515005323,3.5002787410316403,3.782107269995695,3.706975578363405,3.8167154501106566,Method4
69,100,50,0.7,3,wide,5,4,4,4,4,4,20,0.799,0.806,3.6189766607420277,3.5509712826375726,3.9532457385979334,4.1885836787644095,4.013754298787904,27,1.4606180568895135,3.7330774515005323,3.5002787410316403,3.782107269995695,3.706975578363405,3.8167154501106566,Method4
69,100,50,0.7,3,wide,5,4,4,4,4,4,20,0.799,0.806,3.7251382400711694,3.5392493016279465,3.9148955113630217,4.209457758291119,3.843887791107522,28,1.2537839139075846,3.7330774515005323,3.5002787410316403,3.782107269995695,3.706975578363405,3.8167154501106566,Method4
69,100,50,0.7,3,wide,5,4,4,4,4,4,20,0.799,0.806,3.814621409884619,3.627337377450088,3.8860778760119827,4.335393225865264,3.621505873782188,29,0.9986116348865482,3.7330774515005323,3.5002787410316403,3.782107269995695,3.706975578363405,3.8167154501106566,Method4
69,100,50,0.7,3,wide,5,4,4,4,4,4,20,0.799,0.806,3.794041510611447,3.694301218810103,3.850852250880478,4.320415810778546,3.512091373057024,30,0.9294798664231727,3.7330774515005323,3.5002787410316403,3.782107269995695,3.706975578363405,3.8167154501106566,Method4
69,100,50,0.7,3,wide,5,4,4,4,4,4,20,0.799,0.806,3.776585130486101,3.6413906005713805,3.876553058603633,4.236182747362291,3.529364669657888,31,0.9095763046471349,3.7330774515005323,3.5002787410316403,3.782107269995695,3.706975578363405,3.8167154501106566,Method4
69,100,50,0.7,3,wide,5,4,4,4,4,4,20,0.799,0.806,3.7230359946900493,3.6416604724514725,3.8250827809315995,4.189892352078218,3.59090675903781,32,0.8503493104143146,3.7330774515005323,3.5002787410316403,3.782107269995695,3.706975578363405,3.8167154501106566,Method4
69,100,50,0.7,3,wide,5,4,4,4,4,4,20,0.799,0.806,3.725002439398425,3.635563098252084,3.8258419980725193,4.1879711751998165,3.5913498715683394,33,0.8501971029361343,3.7330774515005323,3.5002787410316403,3.782107269995695,3.706975578363405,3.8167154501106566,Method4
69,100,50,0.7,3,wide,5,4,4,4,4,4,20,0.799,0.806,3.7395519269139137,3.6924202181048034,3.8490552934702102,4.115979116540711,3.59519012822231,34,0.8269524289175549,3.7330774515005323,3.5002787410316403,3.782107269995695,3.706975578363405,3.8167154501106566,Method4
69,100,50,0.7,3,wide,5,4,4,4,4,4,20,0.799,0.806,3.718759324950211,3.678471833249223,3.8533874566766873,4.098028601162804,3.594348385758305,35,0.8209942388287104,3.7330774515005323,3.5002787410316403,3.782107269995695,3.706975578363405,3.8167154501106566,Method4
69,100,50,0.7,3,wide,5,4,4,4,4,4,20,0.799,0.806,3.674222601815154,3.595904152323401,3.916273114347824,3.9334127163866075,3.454982861582134,36,0.7906221140228051,3.7330774515005323,3.5002787410316403,3.782107269995695,3.706975578363405,3.8167154501106566,Method4
69,100,50,0.7,3,wide,5,4,4,4,4,4,20,0.799,0.806,3.5242262900943104,3.6154476446418897,3.917573239856934,3.9221301813285905,3.4458738143161893,37,0.7611356763355682,3.7330774515005323,3.5002787410316403,3.782107269995695,3.706975578363405,3.8167154501106566,Method4
69,100,50,0.7,3,wide,5,4,4,4,4,4,20,0.799,0.806,3.523897160772468,3.6046454569307462,3.923169245648739,3.928018946610374,3.4327049964785985,38,0.7600589094654343,3.7330774515005323,3.5002787410316403,3.782107269995695,3.706975578363405,3.8167154501106566,Method4
69,100,50,0.7,3,wide,5,4,4,4,4,4,20,0.799,0.806,3.4757877578977654,3.626484489718299,3.95084836333283,3.8864389327004947,3.4500093192676475,39,0.7409858357886738,3.7330774515005323,3.5002787410316403,3.782107269995695,3.706975578363405,3.8167154501106566,Method4
69,100,50,0.7,3,wide,5,4,4,4,4,4,20,0.799,0.806,3.4695018381181204,3.622693198864662,3.9723888466997685,3.8879604207499523,3.449377623975514,40,0.7371197528932448,3.7330774515005323,3.5002787410316403,3.782107269995695,3.706975578363405,3.8167154501106566,Method4
69,100,50,0.7,3,wide,5,4,4,4,4,4,20,0.799,0.806,3.498531785825441,3.6277410840558777,3.983266850199803,3.9005115001594786,3.4432951762331703,41,0.7307915039124053,3.7330774515005323,3.5002787410316403,3.782107269995695,3.706975578363405,3.8167154501106566,Method4
69,100,50,0.7,3,wide,5,4,4,4,4,4,20,0.799,0.806,4.748115360880698,4.694669153358429,4.317059144801844,4.924709903453017,4.350200305668601,5,18.212901383372326,3.6590378055380524,3.4713171431117384,3.533278607580893,3.64796577665038,3.834028195316239,Method4
69,100,50,0.7,3,wide,5,4,4,4,4,4,20,0.799,0.806,4.748115360880698,4.694669153358429,4.317059144801844,4.924709903453017,4.350200305668601,6,18.212901383372326,3.6590378055380524,3.4713171431117384,3.533278607580893,3.64796577665038,3.834028195316239,Method4
69,100,50,0.7,3,wide,5,4,4,4,4,4,20,0.799,0.806,4.4198807678009375,4.096145748350426,4.565128319352552,4.557387676325364,3.936432659004615,7,6.530525137952451,3.6590378055380524,3.4713171431117384,3.533278607580893,3.64796577665038,3.834028195316239,Method4
69,100,50,0.7,3,wide,5,4,4,4,4,4,20,0.799,0.806,4.529009325168414,4.121919464564395,4.442791485460883,4.409005369213687,3.8721785863141314,8,5.117841083951418,3.6590378055380524,3.4713171431117384,3.533278607580893,3.64796577665038,3.834028195316239,Method4
69,100,50,0.7,3,wide,5,4,4,4,4,4,20,0.799,0.806,4.513404151577388,4.141036187990376,4.400776679558019,3.880841384681367,3.891172474921608,9,4.849955341720574,3.6590378055380524,3.4713171431117384,3.533278607580893,3.64796577665038,3.834028195316239,Method4
69,100,50,0.7,3,wide,5,4,4,4,4,4,20,0.799,0.806,4.274316232027532,4.097986809010868,4.346258101563493,3.8985227669803373,3.9033741779993263,10,4.789361050588044,3.6590378055380524,3.4713171431117384,3.533278607580893,3.64796577665038,3.834028195316239,Method4
69,100,50,0.7,3,wide,5,4,4,4,4,4,20,0.799,0.806,4.230559819680212,4.026145598977332,4.278612513746923,4.073142865826324,3.9026035942349844,11,3.908856567259705,3.6590378055380524,3.4713171431117384,3.533278607580893,3.64796577665038,3.834028195316239,Method4
69,100,50,0.7,3,wide,5,4,4,4,4,4,20,0.799,0.806,4.323308137188825,4.005788104824598,4.355703469029305,4.041062283486757,4.020316449990281,12,3.4266501057612775,3.6590378055380524,3.4713171431117384,3.533278607580893,3.64796577665038,3.834028195316239,Method4
69,100,50,0.7,3,wide,5,4,4,4,4,4,20,0.799,0.806,4.09593522249657,4.02088929938188,4.312299038135253,4.10914670187537,4.025019772682044,13,3.309526723073219,3.6590378055380524,3.4713171431117384,3.533278607580893,3.64796577665038,3.834028195316239,Method4
69,100,50,0.7,3,wide,5,4,4,4,4,4,20,0.799,0.806,4.112238492641286,4.02503466768578,4.124893999045618,4.097903700547885,4.019443757621257,14,3.2638109221994505,3.6590378055380524,3.4713171431117384,3.533278607580893,3.64796577665038,3.834028195316239,Method4
69,100,50,0.7,3,wide,5,4,4,4,4,4,20,0.799,0.806,4.112777730735682,3.850461316328201,4.070485524708641,4.068034114607768,4.002588486561269,15,3.2279906853139617,3.6590378055380524,3.4713171431117384,3.533278607580893,3.64796577665038,3.834028195316239,Method4
69,100,50,0.7,3,wide,5,4,4,4,4,4,20,0.799,0.806,3.89831793695401,4.0340118012469945,4.050234690321663,3.930207192747444,4.110513564691189,16,2.8898447357922064,3.6590378055380524,3.4713171431117384,3.533278607580893,3.64796577665038,3.834028195316239,Method4
69,100,50,0.7,3,wide,5,4,4,4,4,4,20,0.799,0.806,4.035735985838698,4.047755693204163,4.032604007246779,3.90154135586805,4.102452213963638,17,2.4498710425403725,3.6590378055380524,3.4713171431117384,3.533278607580893,3.64796577665038,3.834028195316239,Method4
69,100,50,0.7,3,wide,5,4,4,4,4,4,20,0.799,0.806,3.9907599792087627,4.046261871178473,3.9594901781413787,3.9376306718271596,4.138094033484785,18,2.306343299810427,3.6590378055380524,3.4713171431117384,3.533278607580893,3.64796577665038,3.834028195316239,Method4
69,100,50,0.7,3,wide,5,4,4,4,4,4,20,0.799,0.806,3.601763379476455,3.6349850992479626,3.9880557775409873,4.012043622705384,4.177531974820946,19,1.7657223422909636,3.6590378055380524,3.4713171431117384,3.533278607580893,3.64796577665038,3.834028195316239,Method4
69,100,50,0.7,3,wide,5,4,4,4,4,4,20,0.799,0.806,3.5594058774917787,3.607029986712453,4.001575456863956,3.9651180702887387,4.169142491999411,20,1.667998871569452,3.6590378055380524,3.4713171431117384,3.533278607580893,3.64796577665038,3.834028195316239,Method4
69,100,50,0.7,3,wide,5,4,4,4,4,4,20,0.799,0.806,3.5486257500524148,3.608827112246588,3.9864406807613375,3.9723745680541174,4.168298469328672,21,1.6630460634567186,3.6590378055380524,3.4713171431117384,3.533278607580893,3.64796577665038,3.834028195316239,Method4
69,100,50,0.7,3,wide,5,4,4,4,4,4,20,0.799,0.806,3.546464542799244,3.5962563912565892,3.9888696240866404,3.932778414964482,4.021442030375347,22,1.6504498574718942,3.6590378055380524,3.4713171431117384,3.533278607580893,3.64796577665038,3.834028195316239,Method4
69,100,50,0.7,3,wide,5,4,4,4,4,4,20,0.799,0.806,3.546512720864047,3.5941397717471153,3.9882023218393052,3.9346664475976154,4.02124276454587,23,1.6504252402545938,3.6590378055380524,3.4713171431117384,3.533278607580893,3.64796577665038,3.834028195316239,Method4
69,100,50,0.7,3,wide,5,4,4,4,4,4,20,0.799,0.806,3.566448852839541,3.594183816274706,3.9863640188969414,3.8943825867764987,4.020197882491944,24,1.6467659174378424,3.6590378055380524,3.4713171431117384,3.533278607580893,3.64796577665038,3.834028195316239,Method4
69,100,50,0.7,3,wide,5,4,4,4,4,4,20,0.799,0.806,3.5734710135878416,3.559640903976952,3.741849315509393,3.8204206046128513,4.094015898094203,25,1.5191699047778102,3.6590378055380524,3.4713171431117384,3.533278607580893,3.64796577665038,3.834028195316239,Method4
69,100,50,0.7,3,wide,5,4,4,4,4,4,20,0.799,0.806,3.6421430078500605,3.541662849991998,3.66467224612067,3.729821032488736,4.009529348913952,26,1.468062558315231,3.6590378055380524,3.4713171431117384,3.533278607580893,3.64796577665038,3.834028195316239,Method4
69,100,50,0.7,3,wide,5,4,4,4,4,4,20,0.799,0.806,3.547243909040831,3.364551415347496,3.670209312823428,3.7115039639421497,3.9081505349055434,27,1.3495382190730136,3.6590378055380524,3.4713171431117384,3.533278607580893,3.64796577665038,3.834028195316239,Method4
69,100,50,0.7,3,wide,5,4,4,4,4,4,20,0.799,0.806,3.552454753820401,3.3714281741684915,3.6970223644056066,3.7904292823053503,3.9318869994818453,28,1.3409712776900795,3.6590378055380524,3.4713171431117384,3.533278607580893,3.64796577665038,3.834028195316239,Method4
69,100,50,0.7,3,wide,5,4,4,4,4,4,20,0.799,0.806,3.5274115676690116,3.221339840383621,3.754692648839277,3.8626790877858594,3.8743842994113935,29,1.2495883679274116,3.6590378055380524,3.4713171431117384,3.533278607580893,3.64796577665038,3.834028195316239,Method4
69,100,50,0.7,3,wide,5,4,4,4,4,4,20,0.799,0.806,3.5525348388499944,3.242196572458688,3.786726016806897,3.867783501470449,3.8398871334012448,30,1.2185821627030962,3.6590378055380524,3.4713171431117384,3.533278607580893,3.64796577665038,3.834028195316239,Method4
69,100,50,0.7,3,wide,5,4,4,4,4,4,20,0.799,0.806,3.54134923831633,3.2636911783748004,3.8484299812134886,3.8401412200153686,3.867019578172747,31,1.1872520671020113,3.6590378055380524,3.4713171431117384,3.533278607580893,3.64796577665038,3.834028195316239,Method4
69,100,50,0.7,3,wide,5,4,4,4,4,4,20,0.799,0.806,3.5932177171636104,3.3064717690474428,3.901716573964615,3.8455428869890644,3.900124946579787,32,1.1240436720885396,3.6590378055380524,3.4713171431117384,3.533278607580893,3.64796577665038,3.834028195316239,Method4
69,100,50,0.7,3,wide,5,4,4,4,4,4,20,0.799,0.806,3.643278145036605,3.3450093176235276,3.687676958762832,3.714454398829328,3.9073636690050773,33,1.0614201071438092,3.6590378055380524,3.4713171431117384,3.533278607580893,3.64796577665038,3.834028195316239,Method4
69,100,50,0.7,3,wide,5,4,4,4,4,4,20,0.799,0.806,3.582752921066776,3.330601241817241,3.6921822376088844,3.7110845256081393,3.8823581443433692,34,1.047363752056919,3.6590378055380524,3.4713171431117384,3.533278607580893,3.64796577665038,3.834028195316239,Method4
69,100,50,0.7,3,wide,5,4,4,4,4,4,20,0.799,0.806,3.646485154908385,3.3477018618219994,3.7064772880871297,3.707134525271014,3.87124294684214,35,1.0381885925611247,3.6590378055380524,3.4713171431117384,3.533278607580893,3.64796577665038,3.834028195316239,Method4
69,100,50,0.7,3,wide,5,4,4,4,4,4,20,0.799,0.806,3.573544060911757,3.340836655659501,3.64728240311202,3.7121362547302215,3.670014153599351,36,0.9067804823006652,3.6590378055380524,3.4713171431117384,3.533278607580893,3.64796577665038,3.834028195316239,Method4
69,100,50,0.7,3,wide,5,4,4,4,4,4,20,0.799,0.806,3.6106701119563915,3.3245881440716705,3.5632179434531666,3.7622571230918904,3.6497316331500036,37,0.85818959151583,3.6590378055380524,3.4713171431117384,3.533278607580893,3.64796577665038,3.834028195316239,Method4
69,100,50,0.7,3,wide,5,4,4,4,4,4,20,0.799,0.806,3.6086723388984003,3.3278036724601994,3.56472684915505,3.764244802696616,3.6532434066007546,38,0.8579155903072889,3.6590378055380524,3.4713171431117384,3.533278607580893,3.64796577665038,3.834028195316239,Method4
69,100,50,0.7,3,wide,5,4,4,4,4,4,20,0.799,0.806,3.608726148571295,3.3278214190906312,3.564713427510288,3.7642924600796848,3.6530921086317587,39,0.8579155384110341,3.6590378055380524,3.4713171431117384,3.533278607580893,3.64796577665038,3.834028195316239,Method4
69,100,50,0.7,3,wide,5,4,4,4,4,4,20,0.799,0.806,3.6017934224724124,3.2867075835310886,3.562432287836615,3.777053123601715,3.6288648061308515,40,0.853459646863169,3.6590378055380524,3.4713171431117384,3.533278607580893,3.64796577665038,3.834028195316239,Method4
69,100,50,0.7,3,wide,5,4,4,4,4,4,20,0.799,0.806,3.5954923991289744,3.2854752313506568,3.5741923804300963,3.785612243763351,3.6221775249472175,41,0.8528184355204941,3.6590378055380524,3.4713171431117384,3.533278607580893,3.64796577665038,3.834028195316239,Method4
69,100,50,0.7,3,wide,5,4,4,4,4,4,20,0.799,0.806,3.9116953102351992,4.558800338403085,4.13510713336095,4.430282214668986,4.022632851535512,5,14.406343941781461,3.672134819025765,3.5633254084245722,3.515435889991232,3.5007091022782832,3.626753811039047,Method4
69,100,50,0.7,3,wide,5,4,4,4,4,4,20,0.799,0.806,3.9116953102351992,4.558800338403085,4.13510713336095,4.430282214668986,4.022632851535512,6,14.406343941781461,3.672134819025765,3.5633254084245722,3.515435889991232,3.5007091022782832,3.626753811039047,Method4
69,100,50,0.7,3,wide,5,4,4,4,4,4,20,0.799,0.806,4.026649437508835,4.494426846203512,4.606971606469543,4.2341861321056635,3.9796846025187915,7,5.621632016805683,3.672134819025765,3.5633254084245722,3.515435889991232,3.5007091022782832,3.626753811039047,Method4
69,100,50,0.7,3,wide,5,4,4,4,4,4,20,0.799,0.806,3.9887536634678633,4.691568230837738,4.605402782750339,4.243593130006307,3.98495846141589,8,5.584598593892221,3.672134819025765,3.5633254084245722,3.515435889991232,3.5007091022782832,3.626753811039047,Method4
69,100,50,0.7,3,wide,5,4,4,4,4,4,20,0.799,0.806,4.030299634870618,4.500772216096688,4.582057958692056,4.277182439115732,4.025584134896961,9,4.466490677930658,3.672134819025765,3.5633254084245722,3.515435889991232,3.5007091022782832,3.626753811039047,Method4
69,100,50,0.7,3,wide,5,4,4,4,4,4,20,0.799,0.806,4.047635222757869,4.503770019123614,4.567606896465967,4.26530642127216,4.047236713181309,10,4.424517471031171,3.672134819025765,3.5633254084245722,3.515435889991232,3.5007091022782832,3.626753811039047,Method4
69,100,50,0.7,3,wide,5,4,4,4,4,4,20,0.799,0.806,4.068997409013145,4.392775626648855,4.575606392066887,4.160426612944251,4.035923035044958,11,4.077157366742695,3.672134819025765,3.5633254084245722,3.515435889991232,3.5007091022782832,3.626753811039047,Method4
69,100,50,0.7,3,wide,5,4,4,4,4,4,20,0.799,0.806,4.13825671997337,4.45290854481583,4.602398489776692,3.458117706104339,3.8717598334768364,12,3.621747054132135,3.672134819025765,3.5633254084245722,3.515435889991232,3.5007091022782832,3.626753811039047,Method4
69,100,50,0.7,3,wide,5,4,4,4,4,4,20,0.799,0.806,4.068767596870351,4.258414267506463,4.600582235848499,3.495296440581922,3.1295454080183247,13,3.164359006728194,3.672134819025765,3.5633254084245722,3.515435889991232,3.5007091022782832,3.626753811039047,Method4
69,100,50,0.7,3,wide,5,4,4,4,4,4,20,0.799,0.806,3.63329942938162,4.302553906868404,4.5670022477897225,3.497525560793572,3.219835183476931,14,3.0031173052912115,3.672134819025765,3.5633254084245722,3.515435889991232,3.5007091022782832,3.626753811039047,Method4
69,100,50,0.7,3,wide,5,4,4,4,4,4,20,0.799,0.806,3.597959353709087,4.385741026598756,4.610465039574013,3.5796083618826446,3.210790589988236,15,2.51817950046288,3.672134819025765,3.5633254084245722,3.515435889991232,3.5007091022782832,3.626753811039047,Method4
69,100,50,0.7,3,wide,5,4,4,4,4,4,20,0.799,0.806,3.665134176562299,4.279566958896747,4.532431280111953,3.7064025822027573,3.2594661660377726,16,2.2600170732350535,3.672134819025765,3.5633254084245722,3.515435889991232,3.5007091022782832,3.626753811039047,Method4
69,100,50,0.7,3,wide,5,4,4,4,4,4,20,0.799,0.806,3.656831271590439,4.323686347864329,4.534284484251384,3.717484859902264,3.2720684049155135,17,2.25558507266213,3.672134819025765,3.5633254084245722,3.515435889991232,3.5007091022782832,3.626753811039047,Method4
69,100,50,0.7,3,wide,5,4,4,4,4,4,20,0.799,0.806,3.770854647090883,4.356025056773217,4.571339276989353,3.712687504857764,3.4310858533158837,18,2.0416585403378575,3.672134819025765,3.5633254084245722,3.515435889991232,3.5007091022782832,3.626753811039047,Method4
69,100,50,0.7,3,wide,5,4,4,4,4,4,20,0.799,0.806,3.8712525302923955,4.384124228452353,4.629966864934371,3.4267677216136514,3.6449976157096415,19,1.8077490008516754,3.672134819025765,3.5633254084245722,3.515435889991232,3.5007091022782832,3.626753811039047,Method4
69,100,50,0.7,3,wide,5,4,4,4,4,4,20,0.799,0.806,4.070059831117049,4.1113563450581525,4.545055932631757,3.411379660200846,3.678759525121544,20,1.5507723218080423,3.672134819025765,3.5633254084245722,3.515435889991232,3.5007091022782832,3.626753811039047,Method4
69,100,50,0.7,3,wide,5,4,4,4,4,4,20,0.799,0.806,4.111387270825531,4.116019246879115,4.506400504888328,3.4166439140309848,3.588677779276571,21,1.4649511371277033,3.672134819025765,3.5633254084245722,3.515435889991232,3.5007091022782832,3.626753811039047,Method4
69,100,50,0.7,3,wide,5,4,4,4,4,4,20,0.799,0.806,4.087900985440678,3.959440382568044,4.483521857312159,3.392425167545612,3.6008542426344206,22,1.3703009314082104,3.672134819025765,3.5633254084245722,3.515435889991232,3.5007091022782832,3.626753811039047,Method4
69,100,50,0.7,3,wide,5,4,4,4,4,4,20,0.799,0.806,4.076928480518401,3.915889531317184,4.493257739958857,3.3991092911022682,3.621960635832291,23,1.356854381294958,3.672134819025765,3.5633254084245722,3.515435889991232,3.5007091022782832,3.626753811039047,Method4
69,100,50,0.7,3,wide,5,4,4,4,4,4,20,0.799,0.806,4.094605844996957,3.887712947640684,4.492721831372085,3.3354120338106195,3.6234138405137855,24,1.339624873242657,3.672134819025765,3.5633254084245722,3.515435889991232,3.5007091022782832,3.626753811039047,Method4
69,100,50,0.7,3,wide,5,4,4,4,4,4,20,0.799,0.806,4.091858902243978,3.887307373819917,4.472581737824891,3.3384934173104677,3.6178988561466774,25,1.3393918967462348,3.672134819025765,3.5633254084245722,3.515435889991232,3.5007091022782832,3.626753811039047,Method4
69,100,50,0.7,3,wide,5,4,4,4,4,4,20,0.799,0.806,4.1887505074119495,3.881283483362208,4.480084592617198,3.3247758167522687,3.634654645093023,26,1.2439370222059725,3.672134819025765,3.5633254084245722,3.515435889991232,3.5007091022782832,3.626753811039047,Method4
69,100,50,0.7,3,wide,5,4,4,4,4,4,20,0.799,0.806,4.177076797129578,3.8482024357611087,4.099844972618191,3.379601763039809,3.501649326709893,27,1.0691120388016109,3.672134819025765,3.5633254084245722,3.515435889991232,3.5007091022782832,3.626753811039047,Method4
69,100,50,0.7,3,wide,5,4,4,4,4,4,20,0.799,0.806,4.17638999686154,3.8052129831675727,4.117326892712246,3.365713115588779,3.5215255173211304,28,1.0572881682977981,3.672134819025765,3.5633254084245722,3.515435889991232,3.5007091022782832,3.626753811039047,Method4
69,100,50,0.7,3,wide,5,4,4,4,4,4,20,0.799,0.806,4.19565602395734,3.8343906413337887,4.1345292108962886,3.3597413239940743,3.579009055503863,29,1.0414611568690662,3.672134819025765,3.5633254084245722,3.515435889991232,3.5007091022782832,3.626753811039047,Method4
69,100,50,0.7,3,wide,5,4,4,4,4,4,20,0.799,0.806,4.236341410500688,3.861523686180249,4.196030719232457,3.3379282436978484,3.6084757608060474,30,1.0375111430989172,3.672134819025765,3.5633254084245722,3.515435889991232,3.5007091022782832,3.626753811039047,Method4
69,100,50,0.7,3,wide,5,4,4,4,4,4,20,0.799,0.806,4.050508499190546,3.8920515663497928,4.200901153166335,3.3707097550432055,3.6046276033688116,31,1.0046708325059543,3.672134819025765,3.5633254084245722,3.515435889991232,3.5007091022782832,3.626753811039047,Method4
69,100,50,0.7,3,wide,5,4,4,4,4,4,20,0.799,0.806,4.033607293261566,3.8567639364075053,4.2956848788067585,3.328852250835035,3.6496201689836854,32,0.9264317722424473,3.672134819025765,3.5633254084245722,3.515435889991232,3.5007091022782832,3.626753811039047,Method4
69,100,50,0.7,3,wide,5,4,4,4,4,4,20,0.799,0.806,3.9815100248281414,3.8656548024166724,4.261276015569371,3.3497602336434107,3.624117177301386,33,0.9062868345231789,3.672134819025765,3.5633254084245722,3.515435889991232,3.5007091022782832,3.626753811039047,Method4
69,100,50,0.7,3,wide,5,4,4,4,4,4,20,0.799,0.806,3.9418615718429395,3.8991371615435515,4.262192279309299,3.32572223945464,3.582949423773345,34,0.8687855124776044,3.672134819025765,3.5633254084245722,3.515435889991232,3.5007091022782832,3.626753811039047,Method4
69,100,50,0.7,3,wide,5,4,4,4,4,4,20,0.799,0.806,3.9027406201276604,3.921749062490201,4.238700030453521,3.33923392214948,3.6016945631122,35,0.8656030686837923,3.672134819025765,3.5633254084245722,3.515435889991232,3.5007091022782832,3.626753811039047,Method4
69,100,50,0.7,3,wide,5,4,4,4,4,4,20,0.799,0.806,3.9114653031096354,3.938839464280192,4.248594391439022,3.351293235908496,3.6042959973166924,36,0.8642088187312116,3.672134819025765,3.5633254084245722,3.515435889991232,3.5007091022782832,3.626753811039047,Method4
69,100,50,0.7,3,wide,5,4,4,4,4,4,20,0.799,0.806,3.864973223529637,3.9098384012820477,4.179725114029052,3.344036604465038,3.5058317120492344,37,0.8239096944298865,3.672134819025765,3.5633254084245722,3.515435889991232,3.5007091022782832,3.626753811039047,Method4
69,100,50,0.7,3,wide,5,4,4,4,4,4,20,0.799,0.806,3.6143558286248645,3.9042822068568523,4.167604987920139,3.4076040217396413,3.4852681895174284,38,0.7769924594672689,3.672134819025765,3.5633254084245722,3.515435889991232,3.5007091022782832,3.626753811039047,Method4
69,100,50,0.7,3,wide,5,4,4,4,4,4,20,0.799,0.806,3.5763770786991516,3.8822734461813315,4.083314056017313,3.4350605826835694,3.5079664308792813,39,0.7666462690222219,3.672134819025765,3.5633254084245722,3.515435889991232,3.5007091022782832,3.626753811039047,Method4
69,100,50,0.7,3,wide,5,4,4,4,4,4,20,0.799,0.806,3.6108211150913747,3.9169773650454225,4.080247552572205,3.444185428840113,3.5219814184607037,40,0.7576664343257761,3.672134819025765,3.5633254084245722,3.515435889991232,3.5007091022782832,3.626753811039047,Method4
69,100,50,0.7,3,wide,5,4,4,4,4,4,20,0.799,0.806,3.6129594752064613,3.9042632427433914,4.1065923561959945,3.445753978480439,3.5249449111992828,41,0.7563578313566334,3.672134819025765,3.5633254084245722,3.515435889991232,3.5007091022782832,3.626753811039047,Method4
69,100,50,0.7,3,wide,5,4,4,4,4,4,20,0.799,0.806,4.286690657756099,3.0680595805224553,5.295680155062046,4.010377184482293,4.850516044489329,5,22.44270139863386,3.799307457923602,3.8929215545279807,3.8025389591282477,3.5186230787855624,3.557722392955965,Method4
69,100,50,0.7,3,wide,5,4,4,4,4,4,20,0.799,0.806,4.286690657756099,3.0680595805224553,5.295680155062046,4.010377184482293,4.850516044489329,6,22.44270139863386,3.799307457923602,3.8929215545279807,3.8025389591282477,3.5186230787855624,3.557722392955965,Method4
69,100,50,0.7,3,wide,5,4,4,4,4,4,20,0.799,0.806,4.676733966313266,4.273678356610701,4.700426386374447,4.184182135400397,4.498423512693261,7,6.065065170064233,3.799307457923602,3.8929215545279807,3.8025389591282477,3.5186230787855624,3.557722392955965,Method4
69,100,50,0.7,3,wide,5,4,4,4,4,4,20,0.799,0.806,4.494495664588926,4.263329918360345,4.612388317444083,4.0714339008033775,4.384506344753334,8,5.076700758777898,3.799307457923602,3.8929215545279807,3.8025389591282477,3.5186230787855624,3.557722392955965,Method4
69,100,50,0.7,3,wide,5,4,4,4,4,4,20,0.799,0.806,4.545798847369932,3.679589959316669,4.4955513716271245,4.03500539628969,4.357167321856675,9,4.771707996228989,3.799307457923602,3.8929215545279807,3.8025389591282477,3.5186230787855624,3.557722392955965,Method4
69,100,50,0.7,3,wide,5,4,4,4,4,4,20,0.799,0.806,4.732654612515207,3.6520839852919353,4.363272719507399,4.014973948246166,4.303074018906823,10,3.568751374722862,3.799307457923602,3.8929215545279807,3.8025389591282477,3.5186230787855624,3.557722392955965,Method4
69,100,50,0.7,3,wide,5,4,4,4,4,4,20,0.799,0.806,4.841428177433828,3.4949617408187965,4.402955698014246,3.235825210582706,4.264151306012614,11,3.136188266330429,3.799307457923602,3.8929215545279807,3.8025389591282477,3.5186230787855624,3.557722392955965,Method4
69,100,50,0.7,3,wide,5,4,4,4,4,4,20,0.799,0.806,4.825864461939369,3.540341811709476,4.406176446999692,3.2436654725094973,3.8532141978270857,12,2.9621676246325497,3.799307457923602,3.8929215545279807,3.8025389591282477,3.5186230787855624,3.557722392955965,Method4
69,100,50,0.7,3,wide,5,4,4,4,4,4,20,0.799,0.806,4.821435432430296,3.5817602497021266,4.5728575743057585,3.236608605241716,3.8703216119058768,13,2.94080312410582,3.799307457923602,3.8929215545279807,3.8025389591282477,3.5186230787855624,3.557722392955965,Method4
69,100,50,0.7,3,wide,5,4,4,4,4,4,20,0.799,0.806,4.826069334908834,3.5800863969388406,4.600019391270094,3.2354219317857695,3.872506210509115,14,2.9392125613831115,3.799307457923602,3.8929215545279807,3.8025389591282477,3.5186230787855624,3.557722392955965,Method4
69,100,50,0.7,3,wide,5,4,4,4,4,4,20,0.799,0.806,4.823042684754189,3.640088495813327,4.6315153060957535,3.268550017128252,3.749378916839692,15,2.9195589137833777,3.799307457923602,3.8929215545279807,3.8025389591282477,3.5186230787855624,3.557722392955965,Method4
69,100,50,0.7,3,wide,5,4,4,4,4,4,20,0.799,0.806,4.7406310766132185,3.9409415489004735,4.671138763404562,3.228700264671302,3.6759407694797743,16,2.5991161708356154,3.799307457923602,3.8929215545279807,3.8025389591282477,3.5186230787855624,3.557722392955965,Method4
69,100,50,0.7,3,wide,5,4,4,4,4,4,20,0.799,0.806,4.762384036995737,3.8317016024290504,4.639357767732378,3.2917666995548127,3.713046390714106,17,2.5677642793152073,3.799307457923602,3.8929215545279807,3.8025389591282477,3.5186230787855624,3.557722392955965,Method4
69,100,50,0.7,3,wide,5,4,4,4,4,4,20,0.799,0.806,4.657138017340566,3.7511542677987273,4.519138948851591,3.390507414224075,3.676643226936309,18,2.362484449541441,3.799307457923602,3.8929215545279807,3.8025389591282477,3.5186230787855624,3.557722392955965,Method4
69,100,50,0.7,3,wide,5,4,4,4,4,4,20,0.799,0.806,4.632910398071553,3.8606344671263466,4.49223265145779,3.28567364824611,3.613272767893358,19,2.130250228305437,3.799307457923602,3.8929215545279807,3.8025389591282477,3.5186230787855624,3.557722392955965,Method4
69,100,50,0.7,3,wide,5,4,4,4,4,4,20,0.799,0.806,4.545942477466409,3.936564722825604,4.31556628989872,3.297509139852556,3.571609803198847,20,1.908648602148649,3.799307457923602,3.8929215545279807,3.8025389591282477,3.5186230787855624,3.557722392955965,Method4
69,100,50,0.7,3,wide,5,4,4,4,4,4,20,0.799,0.806,4.569513910564073,3.8999042721278627,4.321414107156513,3.2431502538412906,3.5744764380536513,21,1.8779698662340494,3.799307457923602,3.8929215545279807,3.8025389591282477,3.5186230787855624,3.557722392955965,Method4
69,100,50,0.7,3,wide,5,4,4,4,4,4,20,0.799,0.806,4.611458250782374,3.8577578340637384,4.256745026765902,2.9652283722641184,3.6304032691675774,22,1.749488011258044,3.799307457923602,3.8929215545279807,3.8025389591282477,3.5186230787855624,3.557722392955965,Method4
69,100,50,0.7,3,wide,5,4,4,4,4,4,20,0.799,0.806,4.578344964165987,3.862457173813817,4.260685317762798,2.8562698242211964,3.6161056921481824,23,1.724182491769833,3.799307457923602,3.8929215545279807,3.8025389591282477,3.5186230787855624,3.557722392955965,Method4
69,100,50,0.7,3,wide,5,4,4,4,4,4,20,0.799,0.806,4.501225089375896,3.821395631045104,4.318969802580165,2.7968125077221035,3.7466336831340143,24,1.5372500973094116,3.799307457923602,3.8929215545279807,3.8025389591282477,3.5186230787855624,3.557722392955965,Method4
69,100,50,0.7,3,wide,5,4,4,4,4,4,20,0.799,0.806,4.500319014307465,3.822411798420391,4.327576549784493,2.8150644104769937,3.7699221258679634,25,1.5338169900477754,3.799307457923602,3.8929215545279807,3.8025389591282477,3.5186230787855624,3.557722392955965,Method4
69,100,50,0.7,3,wide,5,4,4,4,4,4,20,0.799,0.806,4.426649283425397,3.825052063658001,4.19915915859913,2.858098758060889,3.76233651366644,26,1.4171892405578788,3.799307457923602,3.8929215545279807,3.8025389591282477,3.5186230787855624,3.557722392955965,Method4
69,100,50,0.7,3,wide,5,4,4,4,4,4,20,0.799,0.806,3.9913815962459,3.7678845305316355,4.2052209898313055,2.900123723631538,3.797583828695185,27,1.297845343277394,3.799307457923602,3.8929215545279807,3.8025389591282477,3.5186230787855624,3.557722392955965,Method4
69,100,50,0.7,3,wide,5,4,4,4,4,4,20,0.799,0.806,4.060468781613699,3.7660621567309693,4.205972796550875,2.9151617708055984,3.7919941397329175,28,1.2934404141350564,3.799307457923602,3.8929215545279807,3.8025389591282477,3.5186230787855624,3.557722392955965,Method4
69,100,50,0.7,3,wide,5,4,4,4,4,4,20,0.799,0.806,4.008319262161466,3.949487720755089,4.137964508320323,3.0545462465879667,3.5786751691734042,29,1.1254331169911231,3.799307457923602,3.8929215545279807,3.8025389591282477,3.5186230787855624,3.557722392955965,Method4
69,100,50,0.7,3,wide,5,4,4,4,4,4,20,0.799,0.806,4.006898565359627,3.9622296506999257,4.146102424365636,3.101846600282119,3.595384682501406,30,1.11236873178844,3.799307457923602,3.8929215545279807,3.8025389591282477,3.5186230787855624,3.557722392955965,Method4
69,100,50,0.7,3,wide,5,4,4,4,4,4,20,0.799,0.806,3.987414893523347,4.034266770092343,4.152578949197455,3.096128334893472,3.6094433723031454,31,1.091476037328757,3.799307457923602,3.8929215545279807,3.8025389591282477,3.5186230787855624,3.557722392955965,Method4
69,100,50,0.7,3,wide,5,4,4,4,4,4,20,0.799,0.806,3.987224462025671,3.9849352411346883,4.2233080057853964,3.103844307512043,3.6791667486368866,32,1.0618702490061824,3.799307457923602,3.8929215545279807,3.8025389591282477,3.5186230787855624,3.557722392955965,Method4
69,100,50,0.7,3,wide,5,4,4,4,4,4,20,0.799,0.806,3.983229060820496,4.036651888838976,4.227576092524112,3.097187462770193,3.636091117932959,33,1.0523571533559795,3.799307457923602,3.8929215545279807,3.8025389591282477,3.5186230787855624,3.557722392955965,Method4
69,100,50,0.7,3,wide,5,4,4,4,4,4,20,0.799,0.806,4.115166178249823,4.128489359138165,4.039287690833344,3.0457895624552966,3.6347913867248365,34,0.9280434429530432,3.799307457923602,3.8929215545279807,3.8025389591282477,3.5186230787855624,3.557722392955965,Method4
69,100,50,0.7,3,wide,5,4,4,4,4,4,20,0.799,0.806,4.04542722657628,4.138515967355935,4.021867795694907,3.0365444620374213,3.547087400328387,35,0.8836452681455476,3.799307457923602,3.8929215545279807,3.8025389591282477,3.5186230787855624,3.557722392955965,Method4
69,100,50,0.7,3,wide,5,4,4,4,4,4,20,0.799,0.806,3.9208499241282264,4.076959757836237,4.035103238635277,2.988440729126728,3.6644118396332592,36,0.7861579978783635,3.799307457923602,3.8929215545279807,3.8025389591282477,3.5186230787855624,3.557722392955965,Method4
69,100,50,0.7,3,wide,5,4,4,4,4,4,20,0.799,0.806,3.936978337850256,4.11243874243639,4.046967844339078,2.963479057063599,3.642189036566931,37,0.7808191345149368,3.799307457923602,3.8929215545279807,3.8025389591282477,3.5186230787855624,3.557722392955965,Method4
69,100,50,0.7,3,wide,5,4,4,4,4,4,20,0.799,0.806,3.9040514214213857,4.084196580266639,4.073596005742345,2.994304783963992,3.6551076560600047,38,0.7772004050411954,3.799307457923602,3.8929215545279807,3.8025389591282477,3.5186230787855624,3.557722392955965,Method4
69,100,50,0.7,3,wide,5,4,4,4,4,4,20,0.799,0.806,3.8946306479085866,4.027719495555962,3.9942435693030625,2.9633947692097244,3.6147980861707207,39,0.7653041786325745,3.799307457923602,3.8929215545279807,3.8025389591282477,3.5186230787855624,3.557722392955965,Method4
69,100,50,0.7,3,wide,5,4,4,4,4,4,20,0.799,0.806,3.8665692206416806,4.0111783357582,3.9822326679627307,2.9805076060891085,3.6064493279880776,40,0.7638205789745689,3.799307457923602,3.8929215545279807,3.8025389591282477,3.5186230787855624,3.557722392955965,Method4
69,100,50,0.7,3,wide,5,4,4,4,4,4,20,0.799,0.806,3.8868129871922186,4.001166177999782,3.9833861242985344,2.9979778886837667,3.6171762785531394,41,0.7582065087440538,3.799307457923602,3.8929215545279807,3.8025389591282477,3.5186230787855624,3.557722392955965,Method4
69,100,50,0.7,3,wide,5,4,4,4,4,4,20,0.799,0.806,4.800766358619264,5.09622021956587,3.4169592540358456,3.7747130690494393,4.425279118860589,5,31.413540483496742,3.5668609033074015,3.941540189448379,3.7471926929061734,3.5315504761920726,3.8775202727933977,Method4
69,100,50,0.7,3,wide,5,4,4,4,4,4,20,0.799,0.806,4.800766358619264,5.09622021956587,3.4169592540358456,3.7747130690494393,4.425279118860589,6,31.413540483496742,3.5668609033074015,3.941540189448379,3.7471926929061734,3.5315504761920726,3.8775202727933977,Method4
69,100,50,0.7,3,wide,5,4,4,4,4,4,20,0.799,0.806,4.8478714555949916,3.992771834917952,3.459400214163048,4.032930952797946,4.477261626939944,7,30.17359471743116,3.5668609033074015,3.941540189448379,3.7471926929061734,3.5315504761920726,3.8775202727933977,Method4
69,100,50,0.7,3,wide,5,4,4,4,4,4,20,0.799,0.806,5.10283997096694,4.80984626607248,4.482772422175656,4.519357551889947,3.9006809769072683,8,10.370574430138154,3.5668609033074015,3.941540189448379,3.7471926929061734,3.5315504761920726,3.8775202727933977,Method4
69,100,50,0.7,3,wide,5,4,4,4,4,4,20,0.799,0.806,5.208051936027083,4.832678384129034,4.501397679737584,4.573203212025573,3.5084668053274006,9,10.229804181290058,3.5668609033074015,3.941540189448379,3.7471926929061734,3.5315504761920726,3.8775202727933977,Method4
69,100,50,0.7,3,wide,5,4,4,4,4,4,20,0.799,0.806,4.518707192875082,4.6649726186671,4.5217856312225235,4.582369570519443,3.3263940302597836,10,9.799512567511098,3.5668609033074015,3.941540189448379,3.7471926929061734,3.5315504761920726,3.8775202727933977,Method4
69,100,50,0.7,3,wide,5,4,4,4,4,4,20,0.799,0.806,4.242575018249075,4.085076198600356,4.646102262316901,4.0534419951740706,3.5636038844033013,11,6.675338509765102,3.5668609033074015,3.941540189448379,3.7471926929061734,3.5315504761920726,3.8775202727933977,Method4
69,100,50,0.7,3,wide,5,4,4,4,4,4,20,0.799,0.806,4.291671071331255,4.243425690107779,4.772902029548601,4.135726039597946,3.573893921650512,12,4.643255172698206,3.5668609033074015,3.941540189448379,3.7471926929061734,3.5315504761920726,3.8775202727933977,Method4
69,100,50,0.7,3,wide,5,4,4,4,4,4,20,0.799,0.806,3.8748590003854892,4.311822189516156,4.8012790617262064,4.100642434786589,3.6009326244351816,13,4.378615590535283,3.5668609033074015,3.941540189448379,3.7471926929061734,3.5315504761920726,3.8775202727933977,Method4
69,100,50,0.7,3,wide,5,4,4,4,4,4,20,0.799,0.806,3.8326414451735253,4.608427669860207,4.719518534974812,3.922511372932523,3.7137063654230946,14,3.278605141189799,3.5668609033074015,3.941540189448379,3.7471926929061734,3.5315504761920726,3.8775202727933977,Method4
69,100,50,0.7,3,wide,5,4,4,4,4,4,20,0.799,0.806,3.884937179566527,4.489568048144913,4.559645973784897,3.928359199579127,3.795694441513517,15,2.7499187486281884,3.5668609033074015,3.941540189448379,3.7471926929061734,3.5315504761920726,3.8775202727933977,Method4
69,100,50,0.7,3,wide,5,4,4,4,4,4,20,0.799,0.806,3.7777603203736736,4.57046337478909,3.9930151303921155,3.9246990147713143,3.8769762453176417,16,2.222330045977062,3.5668609033074015,3.941540189448379,3.7471926929061734,3.5315504761920726,3.8775202727933977,Method4
69,100,50,0.7,3,wide,5,4,4,4,4,4,20,0.799,0.806,3.7316001304732334,4.451680919024507,4.06551677744824,3.9199646361908003,3.9253439435859367,17,2.0402660099944834,3.5668609033074015,3.941540189448379,3.7471926929061734,3.5315504761920726,3.8775202727933977,Method4
69,100,50,0.7,3,wide,5,4,4,4,4,4,20,0.799,0.806,3.7036311983952994,4.273141621675007,4.106954746198114,3.935678973391411,3.958982662240887,18,1.9902600771489007,3.5668609033074015,3.941540189448379,3.7471926929061734,3.5315504761920726,3.8775202727933977,Method4
69,100,50,0.7,3,wide,5,4,4,4,4,4,20,0.799,0.806,3.707753529169742,4.256337549292017,4.108499015438127,3.81003689512254,3.96975260931703,19,1.9804576401170373,3.5668609033074015,3.941540189448379,3.7471926929061734,3.5315504761920726,3.8775202727933977,Method4
69,100,50,0.7,3,wide,5,4,4,4,4,4,20,0.799,0.806,3.657502027479129,4.088001521383919,4.118855227784707,3.8082937292986294,3.978290119691752,20,1.9271147667347361,3.5668609033074015,3.941540189448379,3.7471926929061734,3.5315504761920726,3.8775202727933977,Method4
69,100,50,0.7,3,wide,5,4,4,4,4,4,20,0.799,0.806,3.6044494083643217,4.1263756048501365,4.146677901265347,3.7859485672759297,3.927117687621483,21,1.8920918108340712,3.5668609033074015,3.941540189448379,3.7471926929061734,3.5315504761920726,3.8775202727933977,Method4
69,100,50,0.7,3,wide,5,4,4,4,4,4,20,0.799,0.806,3.5960693040998173,4.101966648994088,4.110547495622171,3.8098810220568966,3.876738759419638,22,1.8050971942553993,3.5668609033074015,3.941540189448379,3.7471926929061734,3.5315504761920726,3.8775202727933977,Method4
69,100,50,0.7,3,wide,5,4,4,4,4,4,20,0.799,0.806,3.630584292605408,4.145327460939369,4.15831985344652,3.7885050458672094,3.7439416839177437,23,1.7086959858445896,3.5668609033074015,3.941540189448379,3.7471926929061734,3.5315504761920726,3.8775202727933977,Method4
69,100,50,0.7,3,wide,5,4,4,4,4,4,20,0.799,0.806,3.641557164555437,4.144032605616453,4.155297384419312,3.801821288785335,3.735728036960896,24,1.7064378351118565,3.5668609033074015,3.941540189448379,3.7471926929061734,3.5315504761920726,3.8775202727933977,Method4
69,100,50,0.7,3,wide,5,4,4,4,4,4,20,0.799,0.806,3.5617531734474537,4.171117036201426,4.146724054403313,3.718448092275844,3.701953228000438,25,1.502213832464484,3.5668609033074015,3.941540189448379,3.7471926929061734,3.5315504761920726,3.8775202727933977,Method4
69,100,50,0.7,3,wide,5,4,4,4,4,4,20,0.799,0.806,3.5412953154084934,4.065462901415988,4.1639639512375535,3.724781539927362,3.657123506972528,26,1.4812950261832951,3.5668609033074015,3.941540189448379,3.7471926929061734,3.5315504761920726,3.8775202727933977,Method4
69,100,50,0.7,3,wide,5,4,4,4,4,4,20,0.799,0.806,3.591320665847215,4.100294404120428,4.161080560597017,3.6051776133510796,3.460357401043359,27,1.35122644778669,3.5668609033074015,3.941540189448379,3.7471926929061734,3.5315504761920726,3.8775202727933977,Method4
69,100,50,0.7,3,wide,5,4,4,4,4,4,20,0.799,0.806,3.6572585481609226,3.8645655907692538,4.125154704514327,3.716788058863439,3.4234642877692365,28,1.1797230351942734,3.5668609033074015,3.941540189448379,3.7471926929061734,3.5315504761920726,3.8775202727933977,Method4
69,100,50,0.7,3,wide,5,4,4,4,4,4,20,0.799,0.806,3.7029966197711834,3.8739092510147555,3.9203241381268996,3.686584812845117,3.440911036535399,29,1.1363385935923966,3.5668609033074015,3.941540189448379,3.7471926929061734,3.5315504761920726,3.8775202727933977,Method4
69,100,50,0.7,3,wide,5,4,4,4,4,4,20,0.799,0.806,3.6817338711016734,3.8427747311262634,3.9181890328535713,3.6033854124680236,3.4757877396712287,30,1.0954659698669678,3.5668609033074015,3.941540189448379,3.7471926929061734,3.5315504761920726,3.8775202727933977,Method4
69,100,50,0.7,3,wide,5,4,4,4,4,4,20,0.799,0.806,3.6353097660422233,3.82188797016168,3.9167741152531987,3.599018184374141,3.5136885744033655,31,1.079730805081614,3.5668609033074015,3.941540189448379,3.7471926929061734,3.5315504761920726,3.8775202727933977,Method4
69,100,50,0.7,3,wide,5,4,4,4,4,4,20,0.799,0.806,3.4254028419446674,3.8891477955185025,3.9471626108321076,3.5849754550147246,3.7828532130802173,32,0.9216598616998398,3.5668609033074015,3.941540189448379,3.7471926929061734,3.5315504761920726,3.8775202727933977,Method4
69,100,50,0.7,3,wide,5,4,4,4,4,4,20,0.799,0.806,3.435754693977177,3.8440481639569635,3.934264654634889,3.5830127651209582,3.724979376122614,33,0.8794789425541307,3.5668609033074015,3.941540189448379,3.7471926929061734,3.5315504761920726,3.8775202727933977,Method4
69,100,50,0.7,3,wide,5,4,4,4,4,4,20,0.799,0.806,3.398874864780663,3.875376827497466,3.905204777680839,3.575465204632855,3.7431093852119117,34,0.8605346256360846,3.5668609033074015,3.941540189448379,3.7471926929061734,3.5315504761920726,3.8775202727933977,Method4
69,100,50,0.7,3,wide,5,4,4,4,4,4,20,0.799,0.806,3.4213718528937624,3.850944878065437,3.8801814059513227,3.5968228801992033,3.7333243432531424,35,0.833294114175252,3.5668609033074015,3.941540189448379,3.7471926929061734,3.5315504761920726,3.8775202727933977,Method4
69,100,50,0.7,3,wide,5,4,4,4,4,4,20,0.799,0.806,3.4471600911819795,3.860466151806591,3.8308587799010887,3.613827528246704,3.7218720787305695,36,0.8253303590665645,3.5668609033074015,3.941540189448379,3.7471926929061734,3.5315504761920726,3.8775202727933977,Method4
69,100,50,0.7,3,wide,5,4,4,4,4,4,20,0.799,0.806,3.4453488709961784,3.772575554811462,3.702372225736674,3.621299323524524,3.855126049596747,37,0.7204345251215775,3.5668609033074015,3.941540189448379,3.7471926929061734,3.5315504761920726,3.8775202727933977,Method4
69,100,50,0.7,3,wide,5,4,4,4,4,4,20,0.799,0.806,3.437374696243782,3.7720363026180626,3.696361772133145,3.6218858407778955,3.87831653688336,38,0.7197496589853735,3.5668609033074015,3.941540189448379,3.7471926929061734,3.5315504761920726,3.8775202727933977,Method4
69,100,50,0.7,3,wide,5,4,4,4,4,4,20,0.799,0.806,3.4368890579799913,3.792410311613523,3.695612091860081,3.6228172149275917,3.8705878964353047,39,0.718721175953412,3.5668609033074015,3.941540189448379,3.7471926929061734,3.5315504761920726,3.8775202727933977,Method4
69,100,50,0.7,3,wide,5,4,4,4,4,4,20,0.799,0.806,3.4375725132589627,3.788017218749253,3.6953581860587605,3.6359256624753917,3.8703882864739416,40,0.7185766627220169,3.5668609033074015,3.941540189448379,3.7471926929061734,3.5315504761920726,3.8775202727933977,Method4
69,100,50,0.7,3,wide,5,4,4,4,4,4,20,0.799,0.806,3.540143215883481,3.7938455913604914,3.689704643069169,3.6588427112259843,3.8307996986894106,41,0.7095487768335915,3.5668609033074015,3.941540189448379,3.7471926929061734,3.5315504761920726,3.8775202727933977,Method4
69,100,50,0.7,3,wide,5,4,4,4,4,4,20,0.799,0.806,3.631027490838133,4.353677505056143,4.925093595373578,4.17261237504334,4.675883270302513,5,24.826985772679265,3.9136410026831383,3.9246525572657935,3.602783729367785,3.871928222918561,3.7786205284695003,Method4
69,100,50,0.7,3,wide,5,4,4,4,4,4,20,0.799,0.806,3.631027490838133,4.353677505056143,4.925093595373578,4.17261237504334,4.675883270302513,6,24.826985772679265,3.9136410026831383,3.9246525572657935,3.602783729367785,3.871928222918561,3.7786205284695003,Method4
69,100,50,0.7,3,wide,5,4,4,4,4,4,20,0.799,0.806,4.164683844310471,4.782464884928734,4.218511654799158,4.787643250157345,4.4751132865787975,7,8.59874992224064,3.9136410026831383,3.9246525572657935,3.602783729367785,3.871928222918561,3.7786205284695003,Method4
69,100,50,0.7,3,wide,5,4,4,4,4,4,20,0.799,0.806,4.401203328936028,4.996376515566276,4.2530098886151135,4.895309370099932,4.497030136244961,8,5.5719250494302015,3.9136410026831383,3.9246525572657935,3.602783729367785,3.871928222918561,3.7786205284695003,Method4
69,100,50,0.7,3,wide,5,4,4,4,4,4,20,0.799,0.806,4.476123473544233,4.880512320865695,4.3986151394497,4.756706834064326,4.536714003759681,9,4.078404299164833,3.9136410026831383,3.9246525572657935,3.602783729367785,3.871928222918561,3.7786205284695003,Method4
69,100,50,0.7,3,wide,5,4,4,4,4,4,20,0.799,0.806,4.481453519722818,4.530031389775564,4.41246051371325,4.767711552691606,4.532957346841675,10,3.9715353876331756,3.9136410026831383,3.9246525572657935,3.602783729367785,3.871928222918561,3.7786205284695003,Method4
69,100,50,0.7,3,wide,5,4,4,4,4,4,20,0.799,0.806,3.970636116758098,4.389707504514195,4.304512661705613,4.701316406119287,4.462611262837913,11,3.667762451103047,3.9136410026831383,3.9246525572657935,3.602783729367785,3.871928222918561,3.7786205284695003,Method4
69,100,50,0.7,3,wide,5,4,4,4,4,4,20,0.799,0.806,4.00914296458983,4.541551813173593,4.17547008592843,4.599253873942528,4.471387664361775,12,2.9831592892879923,3.9136410026831383,3.9246525572657935,3.602783729367785,3.871928222918561,3.7786205284695003,Method4
69,100,50,0.7,3,wide,5,4,4,4,4,4,20,0.799,0.806,4.1189447870846525,4.609729106538912,4.196483623300941,4.565770178838043,4.4509720277201374,13,2.897008302696747,3.9136410026831383,3.9246525572657935,3.602783729367785,3.871928222918561,3.7786205284695003,Method4
69,100,50,0.7,3,wide,5,4,4,4,4,4,20,0.799,0.806,4.051966607081709,4.326641689739079,4.23289387134911,4.568581476983754,4.497146223021562,14,2.770670658368584,3.9136410026831383,3.9246525572657935,3.602783729367785,3.871928222918561,3.7786205284695003,Method4
69,100,50,0.7,3,wide,5,4,4,4,4,4,20,0.799,0.806,4.1094552059481,4.3300760980474235,4.238170751391248,4.575498709640798,4.474908592227855,15,2.6782556682000367,3.9136410026831383,3.9246525572657935,3.602783729367785,3.871928222918561,3.7786205284695003,Method4
69,100,50,0.7,3,wide,5,4,4,4,4,4,20,0.799,0.806,4.211503431007168,4.04870690459923,4.310778049721231,4.539014067148631,4.538623341840876,16,2.5214274861706962,3.9136410026831383,3.9246525572657935,3.602783729367785,3.871928222918561,3.7786205284695003,Method4
69,100,50,0.7,3,wide,5,4,4,4,4,4,20,0.799,0.806,4.146342448662323,4.120864258016004,4.3851801724281385,4.578857603779083,4.533700936834156,17,2.2538814585230886,3.9136410026831383,3.9246525572657935,3.602783729367785,3.871928222918561,3.7786205284695003,Method4
69,100,50,0.7,3,wide,5,4,4,4,4,4,20,0.799,0.806,4.15321948348544,4.017664761741034,4.440424739667996,4.576805712619731,4.504878650532075,18,2.1829231542698153,3.9136410026831383,3.9246525572657935,3.602783729367785,3.871928222918561,3.7786205284695003,Method4
69,100,50,0.7,3,wide,5,4,4,4,4,4,20,0.799,0.806,4.183791286256384,4.025481878392218,4.168759595372476,4.58535634211319,4.482433111991816,19,2.1065034481386675,3.9136410026831383,3.9246525572657935,3.602783729367785,3.871928222918561,3.7786205284695003,Method4
69,100,50,0.7,3,wide,5,4,4,4,4,4,20,0.799,0.806,4.086892602823063,4.077416401694105,4.130404099763239,4.585901263808825,4.468490377651367,20,2.0183507272079573,3.9136410026831383,3.9246525572657935,3.602783729367785,3.871928222918561,3.7786205284695003,Method4
69,100,50,0.7,3,wide,5,4,4,4,4,4,20,0.799,0.806,4.081460438667502,4.0541302316709675,4.1261793309768695,4.583146946915665,4.48705880397981,21,2.0139720438618256,3.9136410026831383,3.9246525572657935,3.602783729367785,3.871928222918561,3.7786205284695003,Method4
69,100,50,0.7,3,wide,5,4,4,4,4,4,20,0.799,0.806,4.135457789542779,4.0491442022780095,3.859610108102311,4.601284405269627,4.413731115037464,22,1.8768640531053664,3.9136410026831383,3.9246525572657935,3.602783729367785,3.871928222918561,3.7786205284695003,Method4
69,100,50,0.7,3,wide,5,4,4,4,4,4,20,0.799,0.806,4.135055789745191,4.054510166924213,3.915520937180514,4.4262216377542805,4.454128074977289,23,1.851598927246521,3.9136410026831383,3.9246525572657935,3.602783729367785,3.871928222918561,3.7786205284695003,Method4
69,100,50,0.7,3,wide,5,4,4,4,4,4,20,0.799,0.806,3.9628769483974526,4.07666095091535,3.902143439001275,4.3667663268713355,4.4631283441770515,24,1.8306856760189452,3.9136410026831383,3.9246525572657935,3.602783729367785,3.871928222918561,3.7786205284695003,Method4
69,100,50,0.7,3,wide,5,4,4,4,4,4,20,0.799,0.806,4.082205625170826,4.2041678209742575,3.9208622355517444,4.461127086053983,4.425758889355515,25,1.7565447824767206,3.9136410026831383,3.9246525572657935,3.602783729367785,3.871928222918561,3.7786205284695003,Method4
69,100,50,0.7,3,wide,5,4,4,4,4,4,20,0.799,0.806,4.064186854853327,4.232706361816048,3.982420102097811,4.416273702089018,4.477377466949138,26,1.6630714351385512,3.9136410026831383,3.9246525572657935,3.602783729367785,3.871928222918561,3.7786205284695003,Method4
69,100,50,0.7,3,wide,5,4,4,4,4,4,20,0.799,0.806,4.127763465106021,4.210285491145081,4.0025361265755235,4.440806211960406,4.081994254272277,27,1.5638449615785748,3.9136410026831383,3.9246525572657935,3.602783729367785,3.871928222918561,3.7786205284695003,Method4
69,100,50,0.7,3,wide,5,4,4,4,4,4,20,0.799,0.806,4.224687015682935,4.201826752953193,3.997655368876305,4.495123057575578,4.065534062541788,28,1.5160530113915025,3.9136410026831383,3.9246525572657935,3.602783729367785,3.871928222918561,3.7786205284695003,Method4
69,100,50,0.7,3,wide,5,4,4,4,4,4,20,0.799,0.806,4.22479655480462,4.20106364873904,3.9936188747905663,4.49362349219773,4.056372493806891,29,1.515948778101289,3.9136410026831383,3.9246525572657935,3.602783729367785,3.871928222918561,3.7786205284695003,Method4
69,100,50,0.7,3,wide,5,4,4,4,4,4,20,0.799,0.806,4.233266080133511,4.152622004447988,4.026398202689692,4.467597832625795,4.078409080256002,30,1.505191293012486,3.9136410026831383,3.9246525572657935,3.602783729367785,3.871928222918561,3.7786205284695003,Method4
69,100,50,0.7,3,wide,5,4,4,4,4,4,20,0.799,0.806,4.221244231862463,3.9900343410455377,4.117263830969171,4.421340121316632,4.01831447716309,31,1.3983555088254014,3.9136410026831383,3.9246525572657935,3.602783729367785,3.871928222918561,3.7786205284695003,Method4
69,100,50,0.7,3,wide,5,4,4,4,4,4,20,0.799,0.806,4.1769506504907055,3.9912638800216627,4.164627716699872,4.393671334862827,3.963604766437421,32,1.3735555094809249,3.9136410026831383,3.9246525572657935,3.602783729367785,3.871928222918561,3.7786205284695003,Method4
69,100,50,0.7,3,wide,5,4,4,4,4,4,20,0.799,0.806,4.474549578670137,4.010643195691089,4.189665222863611,4.46833488657916,3.9383945947692385,33,1.2262236939977171,3.9136410026831383,3.9246525572657935,3.602783729367785,3.871928222918561,3.7786205284695003,Method4
69,100,50,0.7,3,wide,5,4,4,4,4,4,20,0.799,0.806,4.535501920194342,4.01980335132421,4.068182544157006,4.464153624163407,3.848310275245648,34,1.1565259140457382,3.9136410026831383,3.9246525572657935,3.602783729367785,3.871928222918561,3.7786205284695003,Method4
69,100,50,0.7,3,wide,5,4,4,4,4,4,20,0.799,0.806,4.518235727880381,4.037522020887874,4.075694898492009,4.470079174531971,3.8965914271484463,35,1.1429774104026524,3.9136410026831383,3.9246525572657935,3.602783729367785,3.871928222918561,3.7786205284695003,Method4
69,100,50,0.7,3,wide,5,4,4,4,4,4,20,0.799,0.806,4.492799373123004,4.004667357103129,4.07923546853841,4.281544271860786,3.851673391676828,36,1.1185479044296953,3.9136410026831383,3.9246525572657935,3.602783729367785,3.871928222918561,3.7786205284695003,Method4
69,100,50,0.7,3,wide,5,4,4,4,4,4,20,0.799,0.806,4.531075693851726,4.045402847500861,3.919827496692414,4.262969621590226,3.937402741546433,37,1.0833742143867322,3.9136410026831383,3.9246525572657935,3.602783729367785,3.871928222918561,3.7786205284695003,Method4
69,100,50,0.7,3,wide,5,4,4,4,4,4,20,0.799,0.806,4.508617526806174,4.0649949547840905,3.8840552645807773,4.268337706333752,3.9494609290378353,38,1.0779645699336746,3.9136410026831383,3.9246525572657935,3.602783729367785,3.871928222918561,3.7786205284695003,Method4
69,100,50,0.7,3,wide,5,4,4,4,4,4,20,0.799,0.806,4.514102652572351,4.050717035537178,3.8596537415512846,4.2722772046798605,3.9742171163102404,39,1.071008408872676,3.9136410026831383,3.9246525572657935,3.602783729367785,3.871928222918561,3.7786205284695003,Method4
69,100,50,0.7,3,wide,5,4,4,4,4,4,20,0.799,0.806,4.580238406823822,4.013089306184658,3.883808737497808,4.3045143893213655,4.219585422134386,40,1.018216379971953,3.9136410026831383,3.9246525572657935,3.602783729367785,3.871928222918561,3.7786205284695003,Method4
69,100,50,0.7,3,wide,5,4,4,4,4,4,20,0.799,0.806,4.5829914891175525,4.010538652492908,3.8744953386935426,4.270779324429021,4.214038337762077,41,1.0176075237088904,3.9136410026831383,3.9246525572657935,3.602783729367785,3.871928222918561,3.7786205284695003,Method4
69,100,50,0.7,3,wide,5,4,4,4,4,4,20,0.799,0.806,4.54682266237899,4.940197487742311,3.5830358622937557,4.58601009514739,3.8411052562909256,5,18.009459591539343,3.701133068510595,3.9116433364537433,3.4898141242058687,3.810095029313468,3.6163102589477125,Method4
69,100,50,0.7,3,wide,5,4,4,4,4,4,20,0.799,0.806,4.54682266237899,4.940197487742311,3.5830358622937557,4.58601009514739,3.8411052562909256,6,18.009459591539343,3.701133068510595,3.9116433364537433,3.4898141242058687,3.810095029313468,3.6163102589477125,Method4
69,100,50,0.7,3,wide,5,4,4,4,4,4,20,0.799,0.806,4.594138154608483,4.969595105333971,4.012308310859096,4.576958759965038,3.946148671757777,7,5.7824574620553655,3.701133068510595,3.9116433364537433,3.4898141242058687,3.810095029313468,3.6163102589477125,Method4
69,100,50,0.7,3,wide,5,4,4,4,4,4,20,0.799,0.806,4.472813276340785,4.8761180322124575,4.051669162476195,4.5560986316874565,3.97123784677261,8,4.539624222662193,3.701133068510595,3.9116433364537433,3.4898141242058687,3.810095029313468,3.6163102589477125,Method4
69,100,50,0.7,3,wide,5,4,4,4,4,4,20,0.799,0.806,4.562927693434181,4.819906530079456,4.104050307957433,4.624579414850093,3.4488085444648355,9,4.303218223800133,3.701133068510595,3.9116433364537433,3.4898141242058687,3.810095029313468,3.6163102589477125,Method4
69,100,50,0.7,3,wide,5,4,4,4,4,4,20,0.799,0.806,4.452619130378014,4.79791461976644,4.1964020273263385,4.580101333951432,3.4273292805343263,10,3.421513030842475,3.701133068510595,3.9116433364537433,3.4898141242058687,3.810095029313468,3.6163102589477125,Method4
69,100,50,0.7,3,wide,5,4,4,4,4,4,20,0.799,0.806,4.44701287075158,4.79607283872618,4.207196649356771,4.464197824318621,3.4408064849194306,11,3.4063417817167325,3.701133068510595,3.9116433364537433,3.4898141242058687,3.810095029313468,3.6163102589477125,Method4
69,100,50,0.7,3,wide,5,4,4,4,4,4,20,0.799,0.806,4.44615646986477,4.797569178392071,4.206922929708895,4.479891839192172,3.4429909535637,12,3.405903848035696,3.701133068510595,3.9116433364537433,3.4898141242058687,3.810095029313468,3.6163102589477125,Method4
69,100,50,0.7,3,wide,5,4,4,4,4,4,20,0.799,0.806,4.474328746883393,4.775424375248675,4.204060972802582,4.378640863160137,3.474602276261502,13,3.3717633911511524,3.701133068510595,3.9116433364537433,3.4898141242058687,3.810095029313468,3.6163102589477125,Method4
69,100,50,0.7,3,wide,5,4,4,4,4,4,20,0.799,0.806,4.24215623909305,4.778691127646533,4.150782339656974,4.303012297503397,3.5319831131180486,14,3.3245363156725487,3.701133068510595,3.9116433364537433,3.4898141242058687,3.810095029313468,3.6163102589477125,Method4
69,100,50,0.7,3,wide,5,4,4,4,4,4,20,0.799,0.806,4.2783724705698765,4.73320355216419,4.145970002814401,4.109462133972584,3.6023762340118077,15,3.2151433527970057,3.701133068510595,3.9116433364537433,3.4898141242058687,3.810095029313468,3.6163102589477125,Method4
69,100,50,0.7,3,wide,5,4,4,4,4,4,20,0.799,0.806,4.280433169567999,4.736465655752714,4.143837321606799,4.102809905129831,3.6168984868112437,16,3.2144576202881177,3.701133068510595,3.9116433364537433,3.4898141242058687,3.810095029313468,3.6163102589477125,Method4
69,100,50,0.7,3,wide,5,4,4,4,4,4,20,0.799,0.806,4.130767539249696,4.662883018332873,4.031901339274507,4.078585010772383,3.6753399286052644,17,2.7097012286320963,3.701133068510595,3.9116433364537433,3.4898141242058687,3.810095029313468,3.6163102589477125,Method4
69,100,50,0.7,3,wide,5,4,4,4,4,4,20,0.799,0.806,3.953961258940216,4.543445849882621,4.023921470488901,4.291662869152982,3.50453647562608,18,2.2840947644551792,3.701133068510595,3.9116433364537433,3.4898141242058687,3.810095029313468,3.6163102589477125,Method4
69,100,50,0.7,3,wide,5,4,4,4,4,4,20,0.799,0.806,3.979357904799643,4.247482969716719,4.060763958952472,4.224282964102214,3.4092358091008084,19,2.180905473779075,3.701133068510595,3.9116433364537433,3.4898141242058687,3.810095029313468,3.6163102589477125,Method4
69,100,50,0.7,3,wide,5,4,4,4,4,4,20,0.799,0.806,3.9049971031622377,4.2852738777358494,4.037268023435419,4.203090028556559,3.5216653302319845,20,2.1195937346896283,3.701133068510595,3.9116433364537433,3.4898141242058687,3.810095029313468,3.6163102589477125,Method4
69,100,50,0.7,3,wide,5,4,4,4,4,4,20,0.799,0.806,3.883543518503115,4.217049733248675,4.031247810560137,4.187508236006645,3.5447437896803486,21,2.107304526312115,3.701133068510595,3.9116433364537433,3.4898141242058687,3.810095029313468,3.6163102589477125,Method4
69,100,50,0.7,3,wide,5,4,4,4,4,4,20,0.799,0.806,3.893261074917093,4.098921944187498,3.914550566049191,4.14310584782593,3.63467381995284,22,1.8763030674168053,3.701133068510595,3.9116433364537433,3.4898141242058687,3.810095029313468,3.6163102589477125,Method4
69,100,50,0.7,3,wide,5,4,4,4,4,4,20,0.799,0.806,3.872972849437785,3.9369675393228896,3.893353890708845,4.09964489505807,3.629138557870813,23,1.8203816191288251,3.701133068510595,3.9116433364537433,3.4898141242058687,3.810095029313468,3.6163102589477125,Method4
69,100,50,0.7,3,wide,5,4,4,4,4,4,20,0.799,0.806,3.6663083745905585,4.014649942253215,3.920943916806546,4.067312807740843,3.7031608663098052,24,1.7479753670234062,3.701133068510595,3.9116433364537433,3.4898141242058687,3.810095029313468,3.6163102589477125,Method4
69,100,50,0.7,3,wide,5,4,4,4,4,4,20,0.799,0.806,3.6483446393859493,4.014757770277457,3.92107837075447,4.075915875803678,3.6979650227976,25,1.7458826360287312,3.701133068510595,3.9116433364537433,3.4898141242058687,3.810095029313468,3.6163102589477125,Method4
69,100,50,0.7,3,wide,5,4,4,4,4,4,20,0.799,0.806,3.7019719423518826,4.25144049212301,3.9235489596984685,3.937973736391413,3.7266711620627966,26,1.494349563059498,3.701133068510595,3.9116433364537433,3.4898141242058687,3.810095029313468,3.6163102589477125,Method4
69,100,50,0.7,3,wide,5,4,4,4,4,4,20,0.799,0.806,3.780829113375694,4.234871374232446,3.9533033494979213,3.9472490344392477,3.767294966466244,27,1.4463218334570112,3.701133068510595,3.9116433364537433,3.4898141242058687,3.810095029313468,3.6163102589477125,Method4
69,100,50,0.7,3,wide,5,4,4,4,4,4,20,0.799,0.806,3.807035858708864,4.128763529499191,4.014493733166132,3.837200377494834,3.8237201671710817,28,1.230782685821645,3.701133068510595,3.9116433364537433,3.4898141242058687,3.810095029313468,3.6163102589477125,Method4
69,100,50,0.7,3,wide,5,4,4,4,4,4,20,0.799,0.806,3.7233662689371854,4.09315339775041,3.6604526775168207,3.911245853259959,3.8497763410385373,29,1.1429496449020506,3.701133068510595,3.9116433364537433,3.4898141242058687,3.810095029313468,3.6163102589477125,Method4
69,100,50,0.7,3,wide,5,4,4,4,4,4,20,0.799,0.806,3.7302179555850237,4.145269311116905,3.64800933267192,3.9832986796511585,3.707099807751531,30,1.1033138988503728,3.701133068510595,3.9116433364537433,3.4898141242058687,3.810095029313468,3.6163102589477125,Method4
69,100,50,0.7,3,wide,5,4,4,4,4,4,20,0.799,0.806,3.7415137987795672,4.133573216850811,3.6759463890553254,3.999494959985049,3.6830960636495003,31,1.0996288571192319,3.701133068510595,3.9116433364537433,3.4898141242058687,3.810095029313468,3.6163102589477125,Method4
69,100,50,0.7,3,wide,5,4,4,4,4,4,20,0.799,0.806,3.7235425754028677,4.140444646922375,3.6910889156035775,3.998090170921488,3.66531994994857,32,1.0928058143714638,3.701133068510595,3.9116433364537433,3.4898141242058687,3.810095029313468,3.6163102589477125,Method4
69,100,50,0.7,3,wide,5,4,4,4,4,4,20,0.799,0.806,3.709009337274447,4.17282768966447,3.7446365771984826,3.9704526767052135,3.745213879871928,33,0.9951108663176655,3.701133068510595,3.9116433364537433,3.4898141242058687,3.810095029313468,3.6163102589477125,Method4
69,100,50,0.7,3,wide,5,4,4,4,4,4,20,0.799,0.806,3.7091525314817804,4.163290788277885,3.7497331907811566,3.9601642505686865,3.753762436520319,34,0.9923921924589528,3.701133068510595,3.9116433364537433,3.4898141242058687,3.810095029313468,3.6163102589477125,Method4
69,100,50,0.7,3,wide,5,4,4,4,4,4,20,0.799,0.806,3.762426846576785,4.160956060171284,3.6875026425533455,3.9642377491295866,3.7531367745097834,35,0.9620598279427114,3.701133068510595,3.9116433364537433,3.4898141242058687,3.810095029313468,3.6163102589477125,Method4
69,100,50,0.7,3,wide,5,4,4,4,4,4,20,0.799,0.806,3.7599285223256835,4.168511133542512,3.6847519523116303,3.9617473749607166,3.757086640398098,36,0.9610765818169638,3.701133068510595,3.9116433364537433,3.4898141242058687,3.810095029313468,3.6163102589477125,Method4
69,100,50,0.7,3,wide,5,4,4,4,4,4,20,0.799,0.806,3.713616667124558,4.193365077994556,3.6251000692334454,3.9335344221070194,3.842546558008485,37,0.88418183223628,3.701133068510595,3.9116433364537433,3.4898141242058687,3.810095029313468,3.6163102589477125,Method4
69,100,50,0.7,3,wide,5,4,4,4,4,4,20,0.799,0.806,3.680935399396953,4.149546751400841,3.634307255023685,3.9458833725331752,3.7619466320359876,38,0.846871075840191,3.701133068510595,3.9116433364537433,3.4898141242058687,3.810095029313468,3.6163102589477125,Method4
69,100,50,0.7,3,wide,5,4,4,4,4,4,20,0.799,0.806,3.6663108398846944,4.162168175887216,3.592049358591789,3.933339042474127,3.753869220894624,39,0.8435716515013011,3.701133068510595,3.9116433364537433,3.4898141242058687,3.810095029313468,3.6163102589477125,Method4
69,100,50,0.7,3,wide,5,4,4,4,4,4,20,0.799,0.806,3.6169157020356093,4.2926808727262555,3.5897809460093937,3.9601317980562163,3.707506038700942,40,0.8232504673719204,3.701133068510595,3.9116433364537433,3.4898141242058687,3.810095029313468,3.6163102589477125,Method4
69,100,50,0.7,3,wide,5,4,4,4,4,4,20,0.799,0.806,3.6371212086247082,4.30728783740856,3.601828727878952,3.98333459327735,3.73551808302232,41,0.8171693145825566,3.701133068510595,3.9116433364537433,3.4898141242058687,3.810095029313468,3.6163102589477125,Method4
69,100,50,0.7,3,wide,5,4,4,4,4,4,20,0.799,0.806,3.718404113497896,3.9381237379426604,4.329681234118274,3.743595136651229,3.497247125153742,5,16.27137029671101,3.82889449153451,3.6011677136257467,3.7122896248144412,3.7464389972882626,3.477214339786508,Method4
69,100,50,0.7,3,wide,5,4,4,4,4,4,20,0.799,0.806,3.718404113497896,3.9381237379426604,4.329681234118274,3.743595136651229,3.497247125153742,6,16.27137029671101,3.82889449153451,3.6011677136257467,3.7122896248144412,3.7464389972882626,3.477214339786508,Method4
69,100,50,0.7,3,wide,5,4,4,4,4,4,20,0.799,0.806,3.73997432209292,3.8805598440178133,4.041635483085531,4.50719848154343,3.911706217813192,7,4.895509986709751,3.82889449153451,3.6011677136257467,3.7122896248144412,3.7464389972882626,3.477214339786508,Method4
69,100,50,0.7,3,wide,5,4,4,4,4,4,20,0.799,0.806,3.6644293184436596,3.879069943958352,4.043406232546671,4.506540467371374,3.9156993443928187,8,4.8888972505874095,3.82889449153451,3.6011677136257467,3.7122896248144412,3.7464389972882626,3.477214339786508,Method4
69,100,50,0.7,3,wide,5,4,4,4,4,4,20,0.799,0.806,3.657733029530827,3.8743936444511418,4.046536816232006,4.4507570045052,3.9073437670232813,9,4.885144571562544,3.82889449153451,3.6011677136257467,3.7122896248144412,3.7464389972882626,3.477214339786508,Method4
69,100,50,0.7,3,wide,5,4,4,4,4,4,20,0.799,0.806,3.5618296888090013,3.9057827716450957,4.250790505591127,4.295997920070299,3.6958030354644547,10,3.5792929681800163,3.82889449153451,3.6011677136257467,3.7122896248144412,3.7464389972882626,3.477214339786508,Method4
69,100,50,0.7,3,wide,5,4,4,4,4,4,20,0.799,0.806,3.5549090361311197,3.8462958669398297,3.9430823473708663,4.26659848406777,3.6541049403486907,11,3.4847656640873508,3.82889449153451,3.6011677136257467,3.7122896248144412,3.7464389972882626,3.477214339786508,Method4
69,100,50,0.7,3,wide,5,4,4,4,4,4,20,0.799,0.806,3.6388509186185773,3.8799279196793703,3.9831078028387585,4.216301063710021,3.6636916854511195,12,3.007301330685912,3.82889449153451,3.6011677136257467,3.7122896248144412,3.7464389972882626,3.477214339786508,Method4
69,100,50,0.7,3,wide,5,4,4,4,4,4,20,0.799,0.806,3.6393674135595044,3.8791202852914317,3.9781364354709474,4.2157070759718325,3.665883586669696,13,3.0072580465316525,3.82889449153451,3.6011677136257467,3.7122896248144412,3.7464389972882626,3.477214339786508,Method4
69,100,50,0.7,3,wide,5,4,4,4,4,4,20,0.799,0.806,3.6230066908260268,3.9036078277947803,3.9597182696440547,4.20080641092174,3.783761405066841,14,2.998375602886309,3.82889449153451,3.6011677136257467,3.7122896248144412,3.7464389972882626,3.477214339786508,Method4
69,100,50,0.7,3,wide,5,4,4,4,4,4,20,0.799,0.806,3.727150118235997,3.7979144222178705,3.8434831807184477,4.162849949723239,3.713958668265653,15,2.062284230146594,3.82889449153451,3.6011677136257467,3.7122896248144412,3.7464389972882626,3.477214339786508,Method4
69,100,50,0.7,3,wide,5,4,4,4,4,4,20,0.799,0.806,3.7904741105865547,3.985200719681767,3.805269787834635,4.130494238585328,3.7964811710823305,16,1.7457536636624882,3.82889449153451,3.6011677136257467,3.7122896248144412,3.7464389972882626,3.477214339786508,Method4
69,100,50,0.7,3,wide,5,4,4,4,4,4,20,0.799,0.806,3.766738395190586,3.2942472494604966,3.783853961859551,3.954050726203615,3.9113299442197555,17,1.4146070469081165,3.82889449153451,3.6011677136257467,3.7122896248144412,3.7464389972882626,3.477214339786508,Method4
69,100,50,0.7,3,wide,5,4,4,4,4,4,20,0.799,0.806,3.795967566689925,3.4700402818438434,3.6959257502797866,3.9868607098212303,3.9099797466122057,18,1.2033170487601608,3.82889449153451,3.6011677136257467,3.7122896248144412,3.7464389972882626,3.477214339786508,Method4
69,100,50,0.7,3,wide,5,4,4,4,4,4,20,0.799,0.806,3.7685309251712753,3.472296570674398,3.688414934460791,3.994038428001552,3.899546005002348,19,1.20135310344129,3.82889449153451,3.6011677136257467,3.7122896248144412,3.7464389972882626,3.477214339786508,Method4
69,100,50,0.7,3,wide,5,4,4,4,4,4,20,0.799,0.806,3.7362065789111316,3.4782594657316848,3.6674827236586727,3.9890184180897417,3.8348046395674036,20,1.1033294075910882,3.82889449153451,3.6011677136257467,3.7122896248144412,3.7464389972882626,3.477214339786508,Method4
69,100,50,0.7,3,wide,5,4,4,4,4,4,20,0.799,0.806,3.6990587866441413,3.4963059317104377,3.700703729508211,3.9817049961614046,3.874881106757722,21,1.0589399594497102,3.82889449153451,3.6011677136257467,3.7122896248144412,3.7464389972882626,3.477214339786508,Method4
69,100,50,0.7,3,wide,5,4,4,4,4,4,20,0.799,0.806,3.757707606311984,3.5304294203259707,3.6859526783322183,4.0023685389224175,3.878219790849025,22,1.023770089079274,3.82889449153451,3.6011677136257467,3.7122896248144412,3.7464389972882626,3.477214339786508,Method4
69,100,50,0.7,3,wide,5,4,4,4,4,4,20,0.799,0.806,3.6967694181817645,3.5304343457479885,3.685691640963836,3.995007220542034,3.929613316861038,23,0.9712557201936378,3.82889449153451,3.6011677136257467,3.7122896248144412,3.7464389972882626,3.477214339786508,Method4
69,100,50,0.7,3,wide,5,4,4,4,4,4,20,0.799,0.806,3.7123910649024587,3.396855528480465,3.7362750923833525,3.9704596496569886,3.8858033460647534,24,0.9221729784913693,3.82889449153451,3.6011677136257467,3.7122896248144412,3.7464389972882626,3.477214339786508,Method4
69,100,50,0.7,3,wide,5,4,4,4,4,4,20,0.799,0.806,3.7319173923247,3.4179360386283073,3.7941299316296337,3.9657163519897947,3.703536455767734,25,0.8915042981177891,3.82889449153451,3.6011677136257467,3.7122896248144412,3.7464389972882626,3.477214339786508,Method4
69,100,50,0.7,3,wide,5,4,4,4,4,4,20,0.799,0.806,3.7365634801686953,3.4086408182130405,3.8018621802196595,3.9575109260824064,3.6846120955208552,26,0.8904172878061101,3.82889449153451,3.6011677136257467,3.7122896248144412,3.7464389972882626,3.477214339786508,Method4
69,100,50,0.7,3,wide,5,4,4,4,4,4,20,0.799,0.806,3.7610517888289134,3.4477126413237213,3.7827571310933537,3.871873775926341,3.677802484714651,27,0.8801533878403026,3.82889449153451,3.6011677136257467,3.7122896248144412,3.7464389972882626,3.477214339786508,Method4
69,100,50,0.7,3,wide,5,4,4,4,4,4,20,0.799,0.806,3.760321062152444,3.4529002744603985,3.7767651303374925,3.8922070482700786,3.662390049751822,28,0.8795301781300856,3.82889449153451,3.6011677136257467,3.7122896248144412,3.7464389972882626,3.477214339786508,Method4
69,100,50,0.7,3,wide,5,4,4,4,4,4,20,0.799,0.806,3.8816368371611127,3.5103043911389342,3.8395868929317185,3.968680017536871,3.56497053410451,29,0.8119374293510283,3.82889449153451,3.6011677136257467,3.7122896248144412,3.7464389972882626,3.477214339786508,Method4
69,100,50,0.7,3,wide,5,4,4,4,4,4,20,0.799,0.806,3.8827429249664798,3.538752197371117,3.811522427571673,4.021363011865602,3.4270191030700428,30,0.769856660804503,3.82889449153451,3.6011677136257467,3.7122896248144412,3.7464389972882626,3.477214339786508,Method4
69,100,50,0.7,3,wide,5,4,4,4,4,4,20,0.799,0.806,3.894034592457463,3.5593721040690895,3.796178520085955,4.021431111474876,3.4480926024173186,31,0.7646861291959622,3.82889449153451,3.6011677136257467,3.7122896248144412,3.7464389972882626,3.477214339786508,Method4
69,100,50,0.7,3,wide,5,4,4,4,4,4,20,0.799,0.806,3.88521035505619,3.580893914310592,3.776192040760194,4.035564241292526,3.426200891799048,32,0.7603424457797439,3.82889449153451,3.6011677136257467,3.7122896248144412,3.7464389972882626,3.477214339786508,Method4
69,100,50,0.7,3,wide,5,4,4,4,4,4,20,0.799,0.806,3.8219439544886495,3.5682387690390747,3.7144565041331346,3.99820706838474,3.3773315729307747,33,0.7442015331563061,3.82889449153451,3.6011677136257467,3.7122896248144412,3.7464389972882626,3.477214339786508,Method4
69,100,50,0.7,3,wide,5,4,4,4,4,4,20,0.799,0.806,3.7875776322063746,3.568843006663991,3.702531281744065,4.025832062876048,3.390565442598555,34,0.714091672643099,3.82889449153451,3.6011677136257467,3.7122896248144412,3.7464389972882626,3.477214339786508,Method4
69,100,50,0.7,3,wide,5,4,4,4,4,4,20,0.799,0.806,3.843413348677078,3.518572774856586,3.710838490264476,4.083234814473516,3.3642261416948984,35,0.6922856757692255,3.82889449153451,3.6011677136257467,3.7122896248144412,3.7464389972882626,3.477214339786508,Method4
69,100,50,0.7,3,wide,5,4,4,4,4,4,20,0.799,0.806,3.8217108045727226,3.495997218603035,3.7579471861572697,3.99670798193917,3.4835774912441533,36,0.6533389127244462,3.82889449153451,3.6011677136257467,3.7122896248144412,3.7464389972882626,3.477214339786508,Method4
69,100,50,0.7,3,wide,5,4,4,4,4,4,20,0.799,0.806,3.807028017972644,3.416441086859182,3.7196864124310713,3.968618507433641,3.4370177945579097,37,0.620806909991587,3.82889449153451,3.6011677136257467,3.7122896248144412,3.7464389972882626,3.477214339786508,Method4
69,100,50,0.7,3,wide,5,4,4,4,4,4,20,0.799,0.806,3.842763015514808,3.3387707146080965,3.696438581141648,3.936400932067627,3.444942763528387,38,0.6120797922780162,3.82889449153451,3.6011677136257467,3.7122896248144412,3.7464389972882626,3.477214339786508,Method4
69,100,50,0.7,3,wide,5,4,4,4,4,4,20,0.799,0.806,3.84277759531266,3.344535202082179,3.687179108848064,3.9630461704203586,3.436711892990287,39,0.6027940017870852,3.82889449153451,3.6011677136257467,3.7122896248144412,3.7464389972882626,3.477214339786508,Method4
69,100,50,0.7,3,wide,5,4,4,4,4,4,20,0.799,0.806,3.751920098708582,3.303050538998051,3.7855800722641946,3.8767912327105547,3.3959920336050637,40,0.5719518237160613,3.82889449153451,3.6011677136257467,3.7122896248144412,3.7464389972882626,3.477214339786508,Method4
69,100,50,0.7,3,wide,5,4,4,4,4,4,20,0.799,0.806,3.751702610550169,3.303039905238368,3.7854784546150824,3.876839161065234,3.396007832513382,41,0.5719516996641749,3.82889449153451,3.6011677136257467,3.7122896248144412,3.7464389972882626,3.477214339786508,Method4
69,100,50,0.7,3,wide,5,4,4,4,4,4,20,0.799,0.806,4.8637588231604845,4.292101181440758,5.922002209421977,3.6109113187612643,4.209878471917876,5,14.691957542189643,3.774480467833576,3.618308687209142,3.5804249010549487,3.6484108270747306,3.6354211612089173,Method4
69,100,50,0.7,3,wide,5,4,4,4,4,4,20,0.799,0.806,4.8637588231604845,4.292101181440758,5.922002209421977,3.6109113187612643,4.209878471917876,6,14.691957542189643,3.774480467833576,3.618308687209142,3.5804249010549487,3.6484108270747306,3.6354211612089173,Method4
69,100,50,0.7,3,wide,5,4,4,4,4,4,20,0.799,0.806,4.722434978555108,4.337634534317071,5.317835596156255,3.5743507279655145,4.150942730889382,7,5.99372667922996,3.774480467833576,3.618308687209142,3.5804249010549487,3.6484108270747306,3.6354211612089173,Method4
69,100,50,0.7,3,wide,5,4,4,4,4,4,20,0.799,0.806,4.729308104872272,4.345570880135206,5.318906268544954,3.528104974900241,4.1527587214302555,8,5.991902972181919,3.774480467833576,3.618308687209142,3.5804249010549487,3.6484108270747306,3.6354211612089173,Method4
69,100,50,0.7,3,wide,5,4,4,4,4,4,20,0.799,0.806,4.758771876571458,4.341567619971756,5.238358857949772,3.334860908008984,4.11819912050066,9,5.834504248085102,3.774480467833576,3.618308687209142,3.5804249010549487,3.6484108270747306,3.6354211612089173,Method4
69,100,50,0.7,3,wide,5,4,4,4,4,4,20,0.799,0.806,4.462545389389037,4.40700651601755,5.012391132436756,3.5499665787454733,4.331840770155969,10,3.5884201087275533,3.774480467833576,3.618308687209142,3.5804249010549487,3.6484108270747306,3.6354211612089173,Method4
69,100,50,0.7,3,wide,5,4,4,4,4,4,20,0.799,0.806,4.468530007104086,4.370886913447421,5.0106017962768306,3.5005809463190833,4.381935093125488,11,3.2238331625640386,3.774480467833576,3.618308687209142,3.5804249010549487,3.6484108270747306,3.6354211612089173,Method4
69,100,50,0.7,3,wide,5,4,4,4,4,4,20,0.799,0.806,4.460767356993703,4.377992501833049,4.904937460753379,3.4338039115905863,4.3200324186072185,12,3.0575362255718477,3.774480467833576,3.618308687209142,3.5804249010549487,3.6484108270747306,3.6354211612089173,Method4
69,100,50,0.7,3,wide,5,4,4,4,4,4,20,0.799,0.806,4.469168374679644,4.318332870131656,4.932881281733755,3.4973037506186153,4.340955868854314,13,2.826306173001994,3.774480467833576,3.618308687209142,3.5804249010549487,3.6484108270747306,3.6354211612089173,Method4
69,100,50,0.7,3,wide,5,4,4,4,4,4,20,0.799,0.806,4.305627854607861,4.339675828767825,4.948112015077386,3.5177942836337457,4.354787133955505,14,2.8089623664307326,3.774480467833576,3.618308687209142,3.5804249010549487,3.6484108270747306,3.6354211612089173,Method4
69,100,50,0.7,3,wide,5,4,4,4,4,4,20,0.799,0.806,4.118625882972055,4.295284402646839,4.922585765001724,3.4908916867606643,3.657164778715458,15,2.21947032161424,3.774480467833576,3.618308687209142,3.5804249010549487,3.6484108270747306,3.6354211612089173,Method4
69,100,50,0.7,3,wide,5,4,4,4,4,4,20,0.799,0.806,4.139392613387219,4.237276896286449,4.920598627685001,3.5109303127031075,3.68993529328982,16,2.003743281841554,3.774480467833576,3.618308687209142,3.5804249010549487,3.6484108270747306,3.6354211612089173,Method4
69,100,50,0.7,3,wide,5,4,4,4,4,4,20,0.799,0.806,4.181277503670981,4.2564001295619835,4.536032482486541,3.501633242853718,3.7261234436911383,17,1.923190361899684,3.774480467833576,3.618308687209142,3.5804249010549487,3.6484108270747306,3.6354211612089173,Method4
69,100,50,0.7,3,wide,5,4,4,4,4,4,20,0.799,0.806,4.2051961475751085,4.228128803630111,4.492444580203499,3.5404083733997713,3.7255013261103374,18,1.7664712827627107,3.774480467833576,3.618308687209142,3.5804249010549487,3.6484108270747306,3.6354211612089173,Method4
69,100,50,0.7,3,wide,5,4,4,4,4,4,20,0.799,0.806,4.215735680925971,4.233978284489922,4.440793378496334,3.587638917615194,3.7640545378986277,19,1.7343544427428739,3.774480467833576,3.618308687209142,3.5804249010549487,3.6484108270747306,3.6354211612089173,Method4
69,100,50,0.7,3,wide,5,4,4,4,4,4,20,0.799,0.806,4.152314849823504,4.164903513456194,4.382861191456027,3.590612332573355,3.772192081441186,20,1.5619436745097375,3.774480467833576,3.618308687209142,3.5804249010549487,3.6484108270747306,3.6354211612089173,Method4
69,100,50,0.7,3,wide,5,4,4,4,4,4,20,0.799,0.806,4.153111935071249,4.1658078107216685,4.384352888754822,3.5876205747549044,3.771036167563616,21,1.5619097496622243,3.774480467833576,3.618308687209142,3.5804249010549487,3.6484108270747306,3.6354211612089173,Method4
69,100,50,0.7,3,wide,5,4,4,4,4,4,20,0.799,0.806,4.161101193026601,4.15683096900221,4.339738693190254,3.534063373086268,3.7875996916031553,22,1.5396075210596483,3.774480467833576,3.618308687209142,3.5804249010549487,3.6484108270747306,3.6354211612089173,Method4
69,100,50,0.7,3,wide,5,4,4,4,4,4,20,0.799,0.806,4.148478232456181,4.159942430954694,4.311884861335777,3.554517148474881,3.8106367031534365,23,1.5134068697774992,3.774480467833576,3.618308687209142,3.5804249010549487,3.6484108270747306,3.6354211612089173,Method4
69,100,50,0.7,3,wide,5,4,4,4,4,4,20,0.799,0.806,4.172973947568148,4.15275823190918,4.355936926799789,3.536313052590377,3.788251507166438,24,1.4488770937164173,3.774480467833576,3.618308687209142,3.5804249010549487,3.6484108270747306,3.6354211612089173,Method4
69,100,50,0.7,3,wide,5,4,4,4,4,4,20,0.799,0.806,4.147591860238858,3.8879541499651022,4.352231933322135,3.5223294717917035,3.819792657176309,25,1.4017140120916698,3.774480467833576,3.618308687209142,3.5804249010549487,3.6484108270747306,3.6354211612089173,Method4
69,100,50,0.7,3,wide,5,4,4,4,4,4,20,0.799,0.806,4.213950109276149,3.8914702083323527,4.091443419495331,3.5570128537768175,3.8555806107156836,26,1.3047984578244987,3.774480467833576,3.618308687209142,3.5804249010549487,3.6484108270747306,3.6354211612089173,Method4
69,100,50,0.7,3,wide,5,4,4,4,4,4,20,0.799,0.806,4.199064238498393,3.9018043983546145,4.085884858768443,3.5224904582288596,3.8387332157411422,27,1.1835524015686085,3.774480467833576,3.618308687209142,3.5804249010549487,3.6484108270747306,3.6354211612089173,Method4
69,100,50,0.7,3,wide,5,4,4,4,4,4,20,0.799,0.806,4.198565334410152,3.8547655901495825,4.073717060546015,3.5139132730412386,3.8288167832554256,28,1.180101505343144,3.774480467833576,3.618308687209142,3.5804249010549487,3.6484108270747306,3.6354211612089173,Method4
69,100,50,0.7,3,wide,5,4,4,4,4,4,20,0.799,0.806,4.183560533028008,3.8233045092114,4.068221679253189,3.5371318501863893,3.842647089697476,29,1.1740567406357012,3.774480467833576,3.618308687209142,3.5804249010549487,3.6484108270747306,3.6354211612089173,Method4
69,100,50,0.7,3,wide,5,4,4,4,4,4,20,0.799,0.806,4.159709244096589,3.797222617391716,4.075705839623809,3.5538307429475537,3.8443789478981407,30,1.1535540495780217,3.774480467833576,3.618308687209142,3.5804249010549487,3.6484108270747306,3.6354211612089173,Method4
69,100,50,0.7,3,wide,5,4,4,4,4,4,20,0.799,0.806,4.227533156658825,3.746240419546366,4.052147241590246,3.526278927408067,3.9074753259138295,31,1.0836279094965664,3.774480467833576,3.618308687209142,3.5804249010549487,3.6484108270747306,3.6354211612089173,Method4
69,100,50,0.7,3,wide,5,4,4,4,4,4,20,0.799,0.806,4.170642220632008,3.7659874495942485,4.06687819681961,3.5226483786747096,3.8990629011859506,32,1.079609655322562,3.774480467833576,3.618308687209142,3.5804249010549487,3.6484108270747306,3.6354211612089173,Method4
69,100,50,0.7,3,wide,5,4,4,4,4,4,20,0.799,0.806,4.208571543640184,3.7781984345352218,4.050547669395368,3.5721061439706734,3.6924977192685824,33,1.0126544756825888,3.774480467833576,3.618308687209142,3.5804249010549487,3.6484108270747306,3.6354211612089173,Method4
69,100,50,0.7,3,wide,5,4,4,4,4,4,20,0.799,0.806,4.236992069811956,3.7957182150808273,3.972555615091984,3.5424653445112932,3.739134224708524,34,1.0013501517036,3.774480467833576,3.618308687209142,3.5804249010549487,3.6484108270747306,3.6354211612089173,Method4
69,100,50,0.7,3,wide,5,4,4,4,4,4,20,0.799,0.806,4.227476855999966,3.7980779454568263,3.837837467076859,3.505222112499745,3.8550701094431674,35,0.9327901884842432,3.774480467833576,3.618308687209142,3.5804249010549487,3.6484108270747306,3.6354211612089173,Method4
69,100,50,0.7,3,wide,5,4,4,4,4,4,20,0.799,0.806,4.090560065214262,3.8853957359865237,3.716524619559069,3.369005395391019,3.794595049662134,36,0.777758778425455,3.774480467833576,3.618308687209142,3.5804249010549487,3.6484108270747306,3.6354211612089173,Method4
69,100,50,0.7,3,wide,5,4,4,4,4,4,20,0.799,0.806,4.077701648786808,3.6147182832465576,3.7746595966881205,3.56239578283063,3.882313392835756,37,0.5790255192804352,3.774480467833576,3.618308687209142,3.5804249010549487,3.6484108270747306,3.6354211612089173,Method4
69,100,50,0.7,3,wide,5,4,4,4,4,4,20,0.799,0.806,4.0597243430536505,3.59702361198804,3.6995181231824428,3.553102012335052,3.898331777707732,38,0.5584088445233438,3.774480467833576,3.618308687209142,3.5804249010549487,3.6484108270747306,3.6354211612089173,Method4
69,100,50,0.7,3,wide,5,4,4,4,4,4,20,0.799,0.806,4.072680967641726,3.588838121540399,3.705491188339268,3.52845435442796,3.891493730079726,39,0.5573058374931767,3.774480467833576,3.618308687209142,3.5804249010549487,3.6484108270747306,3.6354211612089173,Method4
69,100,50,0.7,3,wide,5,4,4,4,4,4,20,0.799,0.806,4.148285567199761,3.6089409705520046,3.6790661765460655,3.56450513534681,3.959325005650761,40,0.5342057291379672,3.774480467833576,3.618308687209142,3.5804249010549487,3.6484108270747306,3.6354211612089173,Method4
69,100,50,0.7,3,wide,5,4,4,4,4,4,20,0.799,0.806,4.15311013363782,3.624240375021212,3.6652567717468165,3.5498152710334305,3.928871775222067,41,0.5334744261573867,3.774480467833576,3.618308687209142,3.5804249010549487,3.6484108270747306,3.6354211612089173,Method4
69,100,50,0.7,3,wide,5,4,4,4,4,4,20,0.799,0.806,4.920182125800474,4.1535881450991,4.496120315905752,4.7553228988905545,3.719142804471856,5,13.35096074896593,3.5524510688828492,3.5816318074828604,3.7500658741914794,3.6321998319058153,3.576570189582959,Method4
69,100,50,0.7,3,wide,5,4,4,4,4,4,20,0.799,0.806,4.920182125800474,4.1535881450991,4.496120315905752,4.7553228988905545,3.719142804471856,6,13.35096074896593,3.5524510688828492,3.5816318074828604,3.7500658741914794,3.6321998319058153,3.576570189582959,Method4
69,100,50,0.7,3,wide,5,4,4,4,4,4,20,0.799,0.806,4.597073603424034,4.191161622156989,4.749434231475608,4.385366926277174,4.286593129997993,7,4.953843619922251,3.5524510688828492,3.5816318074828604,3.7500658741914794,3.6321998319058153,3.576570189582959,Method4
69,100,50,0.7,3,wide,5,4,4,4,4,4,20,0.799,0.806,4.638175716375756,4.154323618587908,4.608696623089374,4.4388038760675474,4.193925844026647,8,4.325636039255187,3.5524510688828492,3.5816318074828604,3.7500658741914794,3.6321998319058153,3.576570189582959,Method4
69,100,50,0.7,3,wide,5,4,4,4,4,4,20,0.799,0.806,4.529441481087125,4.2450939202393565,4.608417854112481,4.552606972892483,4.153697932069741,9,3.696021629247607,3.5524510688828492,3.5816318074828604,3.7500658741914794,3.6321998319058153,3.576570189582959,Method4
69,100,50,0.7,3,wide,5,4,4,4,4,4,20,0.799,0.806,4.547966670303009,3.7285480700480815,4.592515771876608,4.47984195761465,4.094338588408084,10,3.5135406715711452,3.5524510688828492,3.5816318074828604,3.7500658741914794,3.6321998319058153,3.576570189582959,Method4
69,100,50,0.7,3,wide,5,4,4,4,4,4,20,0.799,0.806,4.447330488493706,3.6963987260838462,4.410615144034471,4.5442348453058115,3.991494221625819,11,2.9748840459455863,3.5524510688828492,3.5816318074828604,3.7500658741914794,3.6321998319058153,3.576570189582959,Method4
69,100,50,0.7,3,wide,5,4,4,4,4,4,20,0.799,0.806,4.42662739125298,3.687808795519986,4.1110629610482174,4.5060659414794735,3.9790247474123652,12,2.853550945453739,3.5524510688828492,3.5816318074828604,3.7500658741914794,3.6321998319058153,3.576570189582959,Method4
69,100,50,0.7,3,wide,5,4,4,4,4,4,20,0.799,0.806,4.4433834569131045,3.6127580091771074,4.116240472671572,4.510650734537501,3.984479353808974,13,2.841014896445915,3.5524510688828492,3.5816318074828604,3.7500658741914794,3.6321998319058153,3.576570189582959,Method4
69,100,50,0.7,3,wide,5,4,4,4,4,4,20,0.799,0.806,4.389274300631507,3.671820289871472,4.1196415268926145,4.282521708661837,4.048999356404301,14,2.7711122759618605,3.5524510688828492,3.5816318074828604,3.7500658741914794,3.6321998319058153,3.576570189582959,Method4
69,100,50,0.7,3,wide,5,4,4,4,4,4,20,0.799,0.806,4.420072884762287,3.7190578212693333,4.093984981437891,4.3257627556297304,4.042226075484386,15,2.5523171725588374,3.5524510688828492,3.5816318074828604,3.7500658741914794,3.6321998319058153,3.576570189582959,Method4
69,100,50,0.7,3,wide,5,4,4,4,4,4,20,0.799,0.806,4.382934242743202,3.7501202711157657,4.147039644343974,4.286904496086778,4.070430642903872,16,2.4827075474540736,3.5524510688828492,3.5816318074828604,3.7500658741914794,3.6321998319058153,3.576570189582959,Method4
69,100,50,0.7,3,wide,5,4,4,4,4,4,20,0.799,0.806,4.360024341029332,3.744923097894843,4.161248045715555,4.271270981146588,4.076625712218923,17,2.4682653477798575,3.5524510688828492,3.5816318074828604,3.7500658741914794,3.6321998319058153,3.576570189582959,Method4
69,100,50,0.7,3,wide,5,4,4,4,4,4,20,0.799,0.806,4.345530206055939,3.7910839938641385,4.1343187445446,4.1883771390397895,4.042271828218799,18,2.2234841598970414,3.5524510688828492,3.5816318074828604,3.7500658741914794,3.6321998319058153,3.576570189582959,Method4
69,100,50,0.7,3,wide,5,4,4,4,4,4,20,0.799,0.806,3.5631856115249874,3.7212817399598066,4.113020613697226,4.171912179135217,3.993805812340118,19,1.6672049295414257,3.5524510688828492,3.5816318074828604,3.7500658741914794,3.6321998319058153,3.576570189582959,Method4
69,100,50,0.7,3,wide,5,4,4,4,4,4,20,0.799,0.806,3.5728226501940146,3.7796991979191765,4.146168593503699,4.13272383583643,4.0062161603318005,20,1.632591198038451,3.5524510688828492,3.5816318074828604,3.7500658741914794,3.6321998319058153,3.576570189582959,Method4
69,100,50,0.7,3,wide,5,4,4,4,4,4,20,0.799,0.806,3.5716139393719426,3.7787337330622854,4.137604930294011,4.128899229680061,4.006174347997612,21,1.6316407319776987,3.5524510688828492,3.5816318074828604,3.7500658741914794,3.6321998319058153,3.576570189582959,Method4
69,100,50,0.7,3,wide,5,4,4,4,4,4,20,0.799,0.806,3.5632504050630853,3.7202692067914662,4.0879523687638155,4.1174069485384175,3.9869015962188765,22,1.6164683842145025,3.5524510688828492,3.5816318074828604,3.7500658741914794,3.6321998319058153,3.576570189582959,Method4
69,100,50,0.7,3,wide,5,4,4,4,4,4,20,0.799,0.806,3.6300058807521474,3.6331742263170566,4.096495992150148,4.105457125945412,3.996454750766827,23,1.5882060450175808,3.5524510688828492,3.5816318074828604,3.7500658741914794,3.6321998319058153,3.576570189582959,Method4
69,100,50,0.7,3,wide,5,4,4,4,4,4,20,0.799,0.806,3.7004462384638943,3.4935296411267274,4.120510293376445,4.166882836628287,4.01401689673384,24,1.5186288254443014,3.5524510688828492,3.5816318074828604,3.7500658741914794,3.6321998319058153,3.576570189582959,Method4
69,100,50,0.7,3,wide,5,4,4,4,4,4,20,0.799,0.806,3.5245415420637487,3.4470982808189805,4.090331906590762,4.1548027584732425,4.029823601998693,25,1.4576724322252381,3.5524510688828492,3.5816318074828604,3.7500658741914794,3.6321998319058153,3.576570189582959,Method4
69,100,50,0.7,3,wide,5,4,4,4,4,4,20,0.799,0.806,3.484807011531444,3.4825880677345773,4.053197760594813,4.109879682759274,4.034720266683688,26,1.409001367942807,3.5524510688828492,3.5816318074828604,3.7500658741914794,3.6321998319058153,3.576570189582959,Method4
69,100,50,0.7,3,wide,5,4,4,4,4,4,20,0.799,0.806,3.2910567994457396,3.504898336917633,3.994711930417056,4.043515906747927,4.059569658802623,27,1.3259501603903303,3.5524510688828492,3.5816318074828604,3.7500658741914794,3.6321998319058153,3.576570189582959,Method4
69,100,50,0.7,3,wide,5,4,4,4,4,4,20,0.799,0.806,3.302088352906242,3.518406014260005,3.9909008786219458,4.033061395616582,4.083139902645526,28,1.317615638877401,3.5524510688828492,3.5816318074828604,3.7500658741914794,3.6321998319058153,3.576570189582959,Method4
69,100,50,0.7,3,wide,5,4,4,4,4,4,20,0.799,0.806,3.3521499328860873,3.4549217365211238,3.9875899654571905,3.989966928759029,3.6221624021859484,29,1.2089477100915755,3.5524510688828492,3.5816318074828604,3.7500658741914794,3.6321998319058153,3.576570189582959,Method4
69,100,50,0.7,3,wide,5,4,4,4,4,4,20,0.799,0.806,3.370470176198245,3.40610782288102,3.913978542099877,3.95807485913304,3.446646384467548,30,1.1568394619474212,3.5524510688828492,3.5816318074828604,3.7500658741914794,3.6321998319058153,3.576570189582959,Method4
69,100,50,0.7,3,wide,5,4,4,4,4,4,20,0.799,0.806,3.2142863404899655,3.358855038672572,3.888716471493873,3.9667000128088508,3.39465064833857,31,1.0955905143693403,3.5524510688828492,3.5816318074828604,3.7500658741914794,3.6321998319058153,3.576570189582959,Method4
69,100,50,0.7,3,wide,5,4,4,4,4,4,20,0.799,0.806,3.342169638581048,3.583294515160714,3.9555913485742247,4.0102561642676235,3.419965420900634,32,1.0045838647919547,3.5524510688828492,3.5816318074828604,3.7500658741914794,3.6321998319058153,3.576570189582959,Method4
69,100,50,0.7,3,wide,5,4,4,4,4,4,20,0.799,0.806,3.401362842701077,3.51412876576874,3.9818293931504822,3.7663545948211365,3.3980854973199817,33,0.7878733261956138,3.5524510688828492,3.5816318074828604,3.7500658741914794,3.6321998319058153,3.576570189582959,Method4
69,100,50,0.7,3,wide,5,4,4,4,4,4,20,0.799,0.806,3.3992940186828604,3.513750289751743,3.9773480388337017,3.7651358065036233,3.3963359332513896,34,0.7875412997321783,3.5524510688828492,3.5816318074828604,3.7500658741914794,3.6321998319058153,3.576570189582959,Method4
69,100,50,0.7,3,wide,5,4,4,4,4,4,20,0.799,0.806,3.297587042768814,3.4659690193047665,3.979968944418065,3.745775877734575,3.318611920335688,35,0.7477332155377114,3.5524510688828492,3.5816318074828604,3.7500658741914794,3.6321998319058153,3.576570189582959,Method4
69,100,50,0.7,3,wide,5,4,4,4,4,4,20,0.799,0.806,3.225890716556291,3.4819565391972325,3.9502099400256685,3.658947626460511,3.340998123428704,36,0.7056375854164965,3.5524510688828492,3.5816318074828604,3.7500658741914794,3.6321998319058153,3.576570189582959,Method4
69,100,50,0.7,3,wide,5,4,4,4,4,4,20,0.799,0.806,3.2216674318134584,3.494315954244508,3.9327882048920006,3.6331463549745906,3.329662937636197,37,0.6767257093081352,3.5524510688828492,3.5816318074828604,3.7500658741914794,3.6321998319058153,3.576570189582959,Method4
69,100,50,0.7,3,wide,5,4,4,4,4,4,20,0.799,0.806,3.215078385219824,3.4971593635132803,3.9376562985962336,3.6297085731291614,3.317265548009244,38,0.6759650375187377,3.5524510688828492,3.5816318074828604,3.7500658741914794,3.6321998319058153,3.576570189582959,Method4
69,100,50,0.7,3,wide,5,4,4,4,4,4,20,0.799,0.806,3.3043334470350945,3.5199194975440657,3.939728927316639,3.5879967273814377,3.2710699425477645,39,0.657474043553894,3.5524510688828492,3.5816318074828604,3.7500658741914794,3.6321998319058153,3.576570189582959,Method4
69,100,50,0.7,3,wide,5,4,4,4,4,4,20,0.799,0.806,3.3115778741649247,3.476660349730268,3.897350782151685,3.585562825231063,3.3116827207030823,40,0.6428237199882144,3.5524510688828492,3.5816318074828604,3.7500658741914794,3.6321998319058153,3.576570189582959,Method4
69,100,50,0.7,3,wide,5,4,4,4,4,4,20,0.799,0.806,3.295354272572408,3.4413925242906727,3.8814682205262265,3.516021345510926,3.322362288976523,41,0.6376822941599852,3.5524510688828492,3.5816318074828604,3.7500658741914794,3.6321998319058153,3.576570189582959,Method4
69,100,50,0.7,3,wide,5,4,4,4,4,4,20,0.799,0.806,4.175413307894844,4.118597856860809,5.326512616602756,3.8250908251656033,4.202738165606396,5,14.073048341392523,3.9443753118444507,3.646186656695385,3.8378366342090944,3.8679942051989693,3.744897070539604,Method4
69,100,50,0.7,3,wide,5,4,4,4,4,4,20,0.799,0.806,4.175413307894844,4.118597856860809,5.326512616602756,3.8250908251656033,4.202738165606396,6,14.073048341392523,3.9443753118444507,3.646186656695385,3.8378366342090944,3.8679942051989693,3.744897070539604,Method4
69,100,50,0.7,3,wide,5,4,4,4,4,4,20,0.799,0.806,4.123711600607893,4.22869554224994,5.351012361205054,3.7096142857654995,3.3877938267223664,7,13.568878563375566,3.9443753118444507,3.646186656695385,3.8378366342090944,3.8679942051989693,3.744897070539604,Method4
69,100,50,0.7,3,wide,5,4,4,4,4,4,20,0.799,0.806,4.418677906009906,4.331376957568908,4.750338473092132,3.7872180215226763,3.5028740043970905,8,6.632183074588514,3.9443753118444507,3.646186656695385,3.8378366342090944,3.8679942051989693,3.744897070539604,Method4
69,100,50,0.7,3,wide,5,4,4,4,4,4,20,0.799,0.806,3.6768026784698726,4.488467003817704,4.8418531543217025,3.942064156149565,3.453754770234942,9,6.276263734268597,3.9443753118444507,3.646186656695385,3.8378366342090944,3.8679942051989693,3.744897070539604,Method4
69,100,50,0.7,3,wide,5,4,4,4,4,4,20,0.799,0.806,3.677834750579073,4.47035352107925,4.845368619073828,3.947432970631001,3.5186398193120443,10,6.266233077803381,3.9443753118444507,3.646186656695385,3.8378366342090944,3.8679942051989693,3.744897070539604,Method4
69,100,50,0.7,3,wide,5,4,4,4,4,4,20,0.799,0.806,3.5541176257904374,4.303350374240626,4.877809474892723,3.85603116828444,3.853056087195763,11,4.346599957831054,3.9443753118444507,3.646186656695385,3.8378366342090944,3.8679942051989693,3.744897070539604,Method4
69,100,50,0.7,3,wide,5,4,4,4,4,4,20,0.799,0.806,3.5645606267849415,4.305981600620176,4.885156498125157,3.692277118901516,3.913669586121714,12,4.329851664791046,3.9443753118444507,3.646186656695385,3.8378366342090944,3.8679942051989693,3.744897070539604,Method4
69,100,50,0.7,3,wide,5,4,4,4,4,4,20,0.799,0.806,3.5878454874600134,4.277225048234762,4.880079997713767,3.711917923014378,3.85963450591583,13,4.184169864159201,3.9443753118444507,3.646186656695385,3.8378366342090944,3.8679942051989693,3.744897070539604,Method4
69,100,50,0.7,3,wide,5,4,4,4,4,4,20,0.799,0.806,3.5791206219138925,4.472130388437142,4.7530970078583,3.933180957587447,3.733461306390666,14,2.841940787776419,3.9443753118444507,3.646186656695385,3.8378366342090944,3.8679942051989693,3.744897070539604,Method4
69,100,50,0.7,3,wide,5,4,4,4,4,4,20,0.799,0.806,3.4572903051492854,3.874754054114146,4.745529122472214,4.17587864456797,3.8491723044401263,15,2.5825504009432256,3.9443753118444507,3.646186656695385,3.8378366342090944,3.8679942051989693,3.744897070539604,Method4
69,100,50,0.7,3,wide,5,4,4,4,4,4,20,0.799,0.806,3.493470663666314,3.856172630318748,4.767514522146345,4.179318153385028,3.8862043809527793,16,2.445499355118525,3.9443753118444507,3.646186656695385,3.8378366342090944,3.8679942051989693,3.744897070539604,Method4
69,100,50,0.7,3,wide,5,4,4,4,4,4,20,0.799,0.806,3.402527127514724,3.9113384972843908,4.7791059368356175,4.369571644476805,3.812619878159363,17,2.0622947405208953,3.9443753118444507,3.646186656695385,3.8378366342090944,3.8679942051989693,3.744897070539604,Method4
69,100,50,0.7,3,wide,5,4,4,4,4,4,20,0.799,0.806,3.482039486863202,3.8221157216120973,4.776279718574712,4.394160220691226,3.7412772437565334,18,1.9499204570349817,3.9443753118444507,3.646186656695385,3.8378366342090944,3.8679942051989693,3.744897070539604,Method4
69,100,50,0.7,3,wide,5,4,4,4,4,4,20,0.799,0.806,3.475089043508151,3.757520043991514,4.778979639994659,4.395424961108844,3.743188179681778,19,1.940931373280418,3.9443753118444507,3.646186656695385,3.8378366342090944,3.8679942051989693,3.744897070539604,Method4
69,100,50,0.7,3,wide,5,4,4,4,4,4,20,0.799,0.806,3.5464666456429645,3.7691931280284834,4.720260194410491,4.423714166997007,3.807620560631801,20,1.8289720502494369,3.9443753118444507,3.646186656695385,3.8378366342090944,3.8679942051989693,3.744897070539604,Method4
69,100,50,0.7,3,wide,5,4,4,4,4,4,20,0.799,0.806,3.6464692360843594,3.7567124870151325,4.732049437694034,4.399827476882399,3.7495284715013364,21,1.707142017295399,3.9443753118444507,3.646186656695385,3.8378366342090944,3.8679942051989693,3.744897070539604,Method4
69,100,50,0.7,3,wide,5,4,4,4,4,4,20,0.799,0.806,3.6925823296003286,3.804251577227265,4.761238935386284,4.38260156262438,3.749463961266923,22,1.5436955490816942,3.9443753118444507,3.646186656695385,3.8378366342090944,3.8679942051989693,3.744897070539604,Method4
69,100,50,0.7,3,wide,5,4,4,4,4,4,20,0.799,0.806,3.8213352522709902,3.7762280321224027,4.255593158767539,4.34915132360115,3.8697709270108165,23,1.348791477011372,3.9443753118444507,3.646186656695385,3.8378366342090944,3.8679942051989693,3.744897070539604,Method4
69,100,50,0.7,3,wide,5,4,4,4,4,4,20,0.799,0.806,3.8228791136313793,3.673860294216038,4.243420576386694,4.358276036818664,3.929054761824921,24,1.2539822550416193,3.9443753118444507,3.646186656695385,3.8378366342090944,3.8679942051989693,3.744897070539604,Method4
69,100,50,0.7,3,wide,5,4,4,4,4,4,20,0.799,0.806,3.716872073014957,3.7422688270003586,4.308717222818106,4.29580992048472,3.7634461338047887,25,1.1648423024207488,3.9443753118444507,3.646186656695385,3.8378366342090944,3.8679942051989693,3.744897070539604,Method4
69,100,50,0.7,3,wide,5,4,4,4,4,4,20,0.799,0.806,3.7754938096662567,3.9313454556042227,3.9788699963693657,4.2598201100821145,3.6621025868681585,26,0.9295097580889713,3.9443753118444507,3.646186656695385,3.8378366342090944,3.8679942051989693,3.744897070539604,Method4
69,100,50,0.7,3,wide,5,4,4,4,4,4,20,0.799,0.806,3.8524136315326922,3.9792646988596188,3.96575450004518,4.293573393638901,3.7052917125243714,27,0.8851126491344207,3.9443753118444507,3.646186656695385,3.8378366342090944,3.8679942051989693,3.744897070539604,Method4
69,100,50,0.7,3,wide,5,4,4,4,4,4,20,0.799,0.806,3.8926996369652542,3.9873152782763914,3.9611038728105195,4.276060729072906,3.6807329098416375,28,0.8786606326167892,3.9443753118444507,3.646186656695385,3.8378366342090944,3.8679942051989693,3.744897070539604,Method4
69,100,50,0.7,3,wide,5,4,4,4,4,4,20,0.799,0.806,3.8823893590873126,3.9121096733634197,4.00742272135961,4.3031172118177885,3.6804538884731364,29,0.7602301785577303,3.9443753118444507,3.646186656695385,3.8378366342090944,3.8679942051989693,3.744897070539604,Method4
69,100,50,0.7,3,wide,5,4,4,4,4,4,20,0.799,0.806,3.868615670242675,3.9223897441233344,3.9163948151550203,4.345020825902954,3.7218059829132435,30,0.7466654598238095,3.9443753118444507,3.646186656695385,3.8378366342090944,3.8679942051989693,3.744897070539604,Method4
69,100,50,0.7,3,wide,5,4,4,4,4,4,20,0.799,0.806,3.8766144714448223,3.9095728275909476,3.978414997365827,4.293152536734146,3.729558187548513,31,0.717778785695698,3.9443753118444507,3.646186656695385,3.8378366342090944,3.8679942051989693,3.744897070539604,Method4
69,100,50,0.7,3,wide,5,4,4,4,4,4,20,0.799,0.806,3.922419963012486,3.904978701512196,3.9956028046935677,4.444524863717368,3.738464871960651,32,0.6962271811728871,3.9443753118444507,3.646186656695385,3.8378366342090944,3.8679942051989693,3.744897070539604,Method4
69,100,50,0.7,3,wide,5,4,4,4,4,4,20,0.799,0.806,3.894254406435816,3.9116222063512045,3.994301523163295,4.417162448950487,3.690164615163072,33,0.6610462831085341,3.9443753118444507,3.646186656695385,3.8378366342090944,3.8679942051989693,3.744897070539604,Method4
69,100,50,0.7,3,wide,5,4,4,4,4,4,20,0.799,0.806,3.8950645832448556,3.915085958820481,3.9811301272862707,4.483122399727916,3.6290218104447582,34,0.6454216749244001,3.9443753118444507,3.646186656695385,3.8378366342090944,3.8679942051989693,3.744897070539604,Method4
69,100,50,0.7,3,wide,5,4,4,4,4,4,20,0.799,0.806,3.8845002028276547,3.957173451571578,3.9832889970293857,4.480872692906737,3.6182777171204195,35,0.6392691075177038,3.9443753118444507,3.646186656695385,3.8378366342090944,3.8679942051989693,3.744897070539604,Method4
69,100,50,0.7,3,wide,5,4,4,4,4,4,20,0.799,0.806,3.912936832569607,3.975058930914279,3.9778299233386725,4.462552742745051,3.632814184376137,36,0.6367443259444376,3.9443753118444507,3.646186656695385,3.8378366342090944,3.8679942051989693,3.744897070539604,Method4
69,100,50,0.7,3,wide,5,4,4,4,4,4,20,0.799,0.806,3.8899337200064505,4.005690131332892,4.025241847459043,4.474340700046165,3.644571743589752,37,0.6313779833635714,3.9443753118444507,3.646186656695385,3.8378366342090944,3.8679942051989693,3.744897070539604,Method4
69,100,50,0.7,3,wide,5,4,4,4,4,4,20,0.799,0.806,3.8985348845842935,3.9972842923338407,4.06777371918862,4.46422842737756,3.6216149064916228,38,0.6266245580165337,3.9443753118444507,3.646186656695385,3.8378366342090944,3.8679942051989693,3.744897070539604,Method4
69,100,50,0.7,3,wide,5,4,4,4,4,4,20,0.799,0.806,3.909994015601699,4.006919095491961,4.058404474255302,4.434127978985067,3.636358725734661,39,0.6197361181516129,3.9443753118444507,3.646186656695385,3.8378366342090944,3.8679942051989693,3.744897070539604,Method4
69,100,50,0.7,3,wide,5,4,4,4,4,4,20,0.799,0.806,3.9090544233740236,4.002930219002985,4.059152977161303,4.430746559542711,3.6354710881108288,40,0.6196743231857363,3.9443753118444507,3.646186656695385,3.8378366342090944,3.8679942051989693,3.744897070539604,Method4
69,100,50,0.7,3,wide,5,4,4,4,4,4,20,0.799,0.806,3.940732433405536,4.053079853549907,4.023511473029725,4.405838605693052,3.584156468351589,41,0.6097312382658737,3.9443753118444507,3.646186656695385,3.8378366342090944,3.8679942051989693,3.744897070539604,Method4
69,100,50,0.7,3,wide,5,4,4,4,4,4,20,0.799,0.806,4.2642885267705495,4.446553721354115,3.9043293798960286,3.607300853060298,4.158803910818433,5,19.93155251078203,3.7476768807385827,3.4780237247607415,3.4626394279707187,3.6478753145024743,3.5815968723608393,Method4
69,100,50,0.7,3,wide,5,4,4,4,4,4,20,0.799,0.806,4.2642885267705495,4.446553721354115,3.9043293798960286,3.607300853060298,4.158803910818433,6,19.93155251078203,3.7476768807385827,3.4780237247607415,3.4626394279707187,3.6478753145024743,3.5815968723608393,Method4
69,100,50,0.7,3,wide,5,4,4,4,4,4,20,0.799,0.806,4.019513464829075,4.6810693524275715,4.280092075960512,4.013006650365098,4.398026167043116,7,7.6082320624073585,3.7476768807385827,3.4780237247607415,3.4626394279707187,3.6478753145024743,3.5815968723608393,Method4
69,100,50,0.7,3,wide,5,4,4,4,4,4,20,0.799,0.806,4.100563898454965,4.55734844224235,4.391831950487116,4.063512818217545,4.271082408180227,8,6.111047983907418,3.7476768807385827,3.4780237247607415,3.4626394279707187,3.6478753145024743,3.5815968723608393,Method4
69,100,50,0.7,3,wide,5,4,4,4,4,4,20,0.799,0.806,4.141696678658547,4.566978608315115,4.283171836946652,4.014646002122549,3.758819252394617,9,5.783609330424361,3.7476768807385827,3.4780237247607415,3.4626394279707187,3.6478753145024743,3.5815968723608393,Method4
69,100,50,0.7,3,wide,5,4,4,4,4,4,20,0.799,0.806,4.248602281570235,4.676563205746449,4.26207117801923,4.321706544985644,3.7515083991900555,10,4.66325990196578,3.7476768807385827,3.4780237247607415,3.4626394279707187,3.6478753145024743,3.5815968723608393,Method4
69,100,50,0.7,3,wide,5,4,4,4,4,4,20,0.799,0.806,4.325630608817926,4.586528531703623,3.527310942077146,4.262997135497316,3.6926422507240546,11,4.235228480221153,3.7476768807385827,3.4780237247607415,3.4626394279707187,3.6478753145024743,3.5815968723608393,Method4
69,100,50,0.7,3,wide,5,4,4,4,4,4,20,0.799,0.806,4.557474072839227,4.421131915451181,3.443007847885254,4.143224232804587,3.5303238732510733,12,3.2888311070845284,3.7476768807385827,3.4780237247607415,3.4626394279707187,3.6478753145024743,3.5815968723608393,Method4
69,100,50,0.7,3,wide,5,4,4,4,4,4,20,0.799,0.806,4.618361440535784,4.347144732591252,3.439379118984643,4.033771759808351,3.597499042774997,13,2.939841534479545,3.7476768807385827,3.4780237247607415,3.4626394279707187,3.6478753145024743,3.5815968723608393,Method4
69,100,50,0.7,3,wide,5,4,4,4,4,4,20,0.799,0.806,3.8035826544710707,4.376482955988428,3.3427820562831245,4.131557183758141,3.591893550296856,14,2.575628683195269,3.7476768807385827,3.4780237247607415,3.4626394279707187,3.6478753145024743,3.5815968723608393,Method4
69,100,50,0.7,3,wide,5,4,4,4,4,4,20,0.799,0.806,3.8333964960861726,4.432796805410281,3.379276630190683,4.120585437698482,3.7699629719322516,15,2.242914561521232,3.7476768807385827,3.4780237247607415,3.4626394279707187,3.6478753145024743,3.5815968723608393,Method4
69,100,50,0.7,3,wide,5,4,4,4,4,4,20,0.799,0.806,3.7973967696636257,4.025995715324274,3.4150184362917932,4.154635874074808,3.7802947380928984,16,2.0978751986168778,3.7476768807385827,3.4780237247607415,3.4626394279707187,3.6478753145024743,3.5815968723608393,Method4
69,100,50,0.7,3,wide,5,4,4,4,4,4,20,0.799,0.806,3.7431210891127895,4.022651726083003,3.428909595126018,4.168167890027758,3.7701439852109595,17,2.0934015641652017,3.7476768807385827,3.4780237247607415,3.4626394279707187,3.6478753145024743,3.5815968723608393,Method4
69,100,50,0.7,3,wide,5,4,4,4,4,4,20,0.799,0.806,3.739718832031539,3.969870054855315,3.473587958968989,4.192462527636876,3.6074787852092105,18,2.068011039759652,3.7476768807385827,3.4780237247607415,3.4626394279707187,3.6478753145024743,3.5815968723608393,Method4
69,100,50,0.7,3,wide,5,4,4,4,4,4,20,0.799,0.806,3.721922317184812,3.932799526955652,3.489965004631175,4.186232640622157,3.4750104321747597,19,2.0146591452318083,3.7476768807385827,3.4780237247607415,3.4626394279707187,3.6478753145024743,3.5815968723608393,Method4
69,100,50,0.7,3,wide,5,4,4,4,4,4,20,0.799,0.806,3.705563680926735,3.976323674684235,3.39171111010627,4.167402297300257,3.5525247197211316,20,1.9461311624321054,3.7476768807385827,3.4780237247607415,3.4626394279707187,3.6478753145024743,3.5815968723608393,Method4
69,100,50,0.7,3,wide,5,4,4,4,4,4,20,0.799,0.806,3.6263862374263196,3.9767090907747655,3.447489534932074,4.151780791924825,3.5986053508727305,21,1.876148765120616,3.7476768807385827,3.4780237247607415,3.4626394279707187,3.6478753145024743,3.5815968723608393,Method4
69,100,50,0.7,3,wide,5,4,4,4,4,4,20,0.799,0.806,3.8680665216516243,3.6701834027208493,3.56805775148682,4.163156233968337,3.62788444027161,22,1.618108368188137,3.7476768807385827,3.4780237247607415,3.4626394279707187,3.6478753145024743,3.5815968723608393,Method4
69,100,50,0.7,3,wide,5,4,4,4,4,4,20,0.799,0.806,3.7420732601757516,3.757894467322977,3.3487452587431292,3.571436006615369,3.739597028638582,23,1.3870403691996007,3.7476768807385827,3.4780237247607415,3.4626394279707187,3.6478753145024743,3.5815968723608393,Method4
69,100,50,0.7,3,wide,5,4,4,4,4,4,20,0.799,0.806,3.8379148928742164,3.8571247308743066,3.3981151729874135,3.353192917592973,3.771704514967425,24,1.2923233010559128,3.7476768807385827,3.4780237247607415,3.4626394279707187,3.6478753145024743,3.5815968723608393,Method4
69,100,50,0.7,3,wide,5,4,4,4,4,4,20,0.799,0.806,3.8511520702842854,3.7642888227668405,3.3185464120551145,3.516370975850551,3.6736843301980833,25,1.1400287849097703,3.7476768807385827,3.4780237247607415,3.4626394279707187,3.6478753145024743,3.5815968723608393,Method4
69,100,50,0.7,3,wide,5,4,4,4,4,4,20,0.799,0.806,3.8812552678595336,3.763606459369519,3.2980795713440827,3.48246528959916,3.675589238448752,26,1.086445397952843,3.7476768807385827,3.4780237247607415,3.4626394279707187,3.6478753145024743,3.5815968723608393,Method4
69,100,50,0.7,3,wide,5,4,4,4,4,4,20,0.799,0.806,3.8399124618579044,3.7122430437533147,3.2346659411170013,3.5564174014800902,3.631922013515987,27,1.0594635706325128,3.7476768807385827,3.4780237247607415,3.4626394279707187,3.6478753145024743,3.5815968723608393,Method4
69,100,50,0.7,3,wide,5,4,4,4,4,4,20,0.799,0.806,3.874828621238666,3.7527034804125274,3.2109986728274884,3.54957146992333,3.6304517347337564,28,1.0324077116807735,3.7476768807385827,3.4780237247607415,3.4626394279707187,3.6478753145024743,3.5815968723608393,Method4
69,100,50,0.7,3,wide,5,4,4,4,4,4,20,0.799,0.806,3.9062178400831464,3.7293863864364862,3.219399758983793,3.5598306545884957,3.6195869862159866,29,1.0254645353150866,3.7476768807385827,3.4780237247607415,3.4626394279707187,3.6478753145024743,3.5815968723608393,Method4
69,100,50,0.7,3,wide,5,4,4,4,4,4,20,0.799,0.806,3.8920319104004992,3.7167273060805757,3.239166927996039,3.556771723325841,3.600467335116556,30,1.0221988858417426,3.7476768807385827,3.4780237247607415,3.4626394279707187,3.6478753145024743,3.5815968723608393,Method4
69,100,50,0.7,3,wide,5,4,4,4,4,4,20,0.799,0.806,3.8997652058602923,3.7284206482084055,3.2838326492034358,3.645034729614764,3.5106657474638943,31,0.9758834635765286,3.7476768807385827,3.4780237247607415,3.4626394279707187,3.6478753145024743,3.5815968723608393,Method4
69,100,50,0.7,3,wide,5,4,4,4,4,4,20,0.799,0.806,3.9738243219084155,3.6580396526247614,3.1887577357891757,3.5152791699952344,3.667200573709541,32,0.8533133654355392,3.7476768807385827,3.4780237247607415,3.4626394279707187,3.6478753145024743,3.5815968723608393,Method4
69,100,50,0.7,3,wide,5,4,4,4,4,4,20,0.799,0.806,3.9537746975369985,3.6766072930211333,3.1940315531506074,3.4515544308447104,3.5979872181220833,33,0.8275294978836955,3.7476768807385827,3.4780237247607415,3.4626394279707187,3.6478753145024743,3.5815968723608393,Method4
69,100,50,0.7,3,wide,5,4,4,4,4,4,20,0.799,0.806,3.8829728065928677,3.664340399178531,3.217556728272939,3.3944852372651413,3.606913561345124,34,0.7702766343535605,3.7476768807385827,3.4780237247607415,3.4626394279707187,3.6478753145024743,3.5815968723608393,Method4
69,100,50,0.7,3,wide,5,4,4,4,4,4,20,0.799,0.806,3.817119495381224,3.633819638352594,3.2266682991698263,3.4424989129265544,3.5669691018598884,35,0.7544184764572982,3.7476768807385827,3.4780237247607415,3.4626394279707187,3.6478753145024743,3.5815968723608393,Method4
69,100,50,0.7,3,wide,5,4,4,4,4,4,20,0.799,0.806,3.84984481053159,3.6273358334347696,3.258921927151388,3.4132218354753743,3.5717701327803413,36,0.7447147261188886,3.7476768807385827,3.4780237247607415,3.4626394279707187,3.6478753145024743,3.5815968723608393,Method4
69,100,50,0.7,3,wide,5,4,4,4,4,4,20,0.799,0.806,3.88409590954714,3.5931522046859636,3.226798578216718,3.385234482218455,3.538027270476251,37,0.7220583108853532,3.7476768807385827,3.4780237247607415,3.4626394279707187,3.6478753145024743,3.5815968723608393,Method4
69,100,50,0.7,3,wide,5,4,4,4,4,4,20,0.799,0.806,3.884966905459123,3.59112248260582,3.222823089754311,3.392685842505994,3.5357415133547936,38,0.7216608263564346,3.7476768807385827,3.4780237247607415,3.4626394279707187,3.6478753145024743,3.5815968723608393,Method4
69,100,50,0.7,3,wide,5,4,4,4,4,4,20,0.799,0.806,3.8900586599778775,3.534232871190564,3.210464167628666,3.379477974486926,3.5318593963887617,39,0.7134111050322517,3.7476768807385827,3.4780237247607415,3.4626394279707187,3.6478753145024743,3.5815968723608393,Method4
69,100,50,0.7,3,wide,5,4,4,4,4,4,20,0.799,0.806,3.886325752289406,3.5618207856595534,3.2107869842540695,3.3373918731085355,3.5684789568545705,40,0.706829387253012,3.7476768807385827,3.4780237247607415,3.4626394279707187,3.6478753145024743,3.5815968723608393,Method4
69,100,50,0.7,3,wide,5,4,4,4,4,4,20,0.799,0.806,3.932497865588111,3.5707039125074256,3.0940441599225563,3.3280254402449114,3.516744570199385,41,0.617987022085159,3.7476768807385827,3.4780237247607415,3.4626394279707187,3.6478753145024743,3.5815968723608393,Method4
69,100,50,0.7,3,wide,5,4,4,4,4,4,20,0.799,0.806,4.555650248709489,3.9516427523688553,3.636922211816002,4.226439387747309,4.49773842578083,5,24.228763435964805,3.6421236121814804,3.7025257639666957,3.5947092333279933,3.761352058487899,3.4839473388146627,Method4
69,100,50,0.7,3,wide,5,4,4,4,4,4,20,0.799,0.806,4.555650248709489,3.9516427523688553,3.636922211816002,4.226439387747309,4.49773842578083,6,24.228763435964805,3.6421236121814804,3.7025257639666957,3.5947092333279933,3.761352058487899,3.4839473388146627,Method4
69,100,50,0.7,3,wide,5,4,4,4,4,4,20,0.799,0.806,3.9727428344737765,4.375093285410749,4.361724522906474,4.293855696169987,4.1327879012991575,7,7.052776178026461,3.6421236121814804,3.7025257639666957,3.5947092333279933,3.761352058487899,3.4839473388146627,Method4
69,100,50,0.7,3,wide,5,4,4,4,4,4,20,0.799,0.806,3.916233777024853,3.901865169990349,4.381785836451783,4.294794266041758,4.1815682192860155,8,6.807441953819119,3.6421236121814804,3.7025257639666957,3.5947092333279933,3.761352058487899,3.4839473388146627,Method4
69,100,50,0.7,3,wide,5,4,4,4,4,4,20,0.799,0.806,3.807271149309042,3.7100824833779424,4.221851920626991,4.399367324970207,4.378459018717151,9,5.5158934998583895,3.6421236121814804,3.7025257639666957,3.5947092333279933,3.761352058487899,3.4839473388146627,Method4
69,100,50,0.7,3,wide,5,4,4,4,4,4,20,0.799,0.806,3.9853795103673466,3.687198038510989,4.321444382102198,4.393618353633296,4.363847807000331,10,3.496010966071373,3.6421236121814804,3.7025257639666957,3.5947092333279933,3.761352058487899,3.4839473388146627,Method4
69,100,50,0.7,3,wide,5,4,4,4,4,4,20,0.799,0.806,3.9661915878331895,3.7144941212878546,4.401448139065316,4.361843069259288,3.9726480479795008,11,3.3878461341131225,3.6421236121814804,3.7025257639666957,3.5947092333279933,3.761352058487899,3.4839473388146627,Method4
69,100,50,0.7,3,wide,5,4,4,4,4,4,20,0.799,0.806,3.955818657895243,3.6449691926372645,4.26806257507532,4.286729302630229,3.8688581922683527,12,2.903137466668902,3.6421236121814804,3.7025257639666957,3.5947092333279933,3.761352058487899,3.4839473388146627,Method4
69,100,50,0.7,3,wide,5,4,4,4,4,4,20,0.799,0.806,4.002856769157003,3.627636387308797,4.386248757964764,4.285961700583872,4.026594391088194,13,2.1421511361543564,3.6421236121814804,3.7025257639666957,3.5947092333279933,3.761352058487899,3.4839473388146627,Method4
69,100,50,0.7,3,wide,5,4,4,4,4,4,20,0.799,0.806,3.994702233508997,3.6360144285519125,4.379615050654442,4.1304693400984105,4.023134432083759,14,2.1233509981239953,3.6421236121814804,3.7025257639666957,3.5947092333279933,3.761352058487899,3.4839473388146627,Method4
69,100,50,0.7,3,wide,5,4,4,4,4,4,20,0.799,0.806,3.8315895425618907,3.6433239280481455,4.386556968622964,4.160960041616045,4.014886698038299,15,2.101059405720965,3.6421236121814804,3.7025257639666957,3.5947092333279933,3.761352058487899,3.4839473388146627,Method4
69,100,50,0.7,3,wide,5,4,4,4,4,4,20,0.799,0.806,3.7181275565542085,3.5189883889758526,4.45424560285262,4.168395947986564,3.8945899134177053,16,1.8005324049007194,3.6421236121814804,3.7025257639666957,3.5947092333279933,3.761352058487899,3.4839473388146627,Method4
69,100,50,0.7,3,wide,5,4,4,4,4,4,20,0.799,0.806,3.6964770561940776,3.5180475815476564,4.443954237174181,4.137209764445633,3.7701149168104986,17,1.773081666244855,3.6421236121814804,3.7025257639666957,3.5947092333279933,3.761352058487899,3.4839473388146627,Method4
69,100,50,0.7,3,wide,5,4,4,4,4,4,20,0.799,0.806,3.6644256018619212,3.5388826105549804,4.451760499465597,4.1219487640067145,3.771726193378681,18,1.7530088603458958,3.6421236121814804,3.7025257639666957,3.5947092333279933,3.761352058487899,3.4839473388146627,Method4
69,100,50,0.7,3,wide,5,4,4,4,4,4,20,0.799,0.806,3.68227905920291,3.55983894669898,4.455074498492945,4.078839654355254,3.7697437480731457,19,1.7480419699833945,3.6421236121814804,3.7025257639666957,3.5947092333279933,3.761352058487899,3.4839473388146627,Method4
69,100,50,0.7,3,wide,5,4,4,4,4,4,20,0.799,0.806,3.5697675001011344,3.5368488415634407,4.495223759764975,4.065431442219568,3.7611991971089536,20,1.6134708206479467,3.6421236121814804,3.7025257639666957,3.5947092333279933,3.761352058487899,3.4839473388146627,Method4
69,100,50,0.7,3,wide,5,4,4,4,4,4,20,0.799,0.806,3.604255916957949,3.6758787254284493,4.051475888240634,3.911666308677669,3.807876291019174,21,1.5118992687874535,3.6421236121814804,3.7025257639666957,3.5947092333279933,3.761352058487899,3.4839473388146627,Method4
69,100,50,0.7,3,wide,5,4,4,4,4,4,20,0.799,0.806,3.5862481277924916,3.7003629302095766,4.005656239848102,3.915622507161467,3.8759475157522387,22,1.43428263762716,3.6421236121814804,3.7025257639666957,3.5947092333279933,3.761352058487899,3.4839473388146627,Method4
69,100,50,0.7,3,wide,5,4,4,4,4,4,20,0.799,0.806,3.604887497751129,3.6411730441951407,3.735739297238234,3.9707726493276683,3.9675801463691625,23,1.3279626742703892,3.6421236121814804,3.7025257639666957,3.5947092333279933,3.761352058487899,3.4839473388146627,Method4
69,100,50,0.7,3,wide,5,4,4,4,4,4,20,0.799,0.806,3.567744075650958,3.6416056098314,3.682248443726805,3.995596823398579,3.9613829578888238,24,1.30853636799765,3.6421236121814804,3.7025257639666957,3.5947092333279933,3.761352058487899,3.4839473388146627,Method4
69,100,50,0.7,3,wide,5,4,4,4,4,4,20,0.799,0.806,3.5804201751326366,3.659914466550553,3.7383601119787677,4.0405579808751835,3.840877151319828,25,1.1843462172271324,3.6421236121814804,3.7025257639666957,3.5947092333279933,3.761352058487899,3.4839473388146627,Method4
69,100,50,0.7,3,wide,5,4,4,4,4,4,20,0.799,0.806,3.456166197497897,3.6701201597293247,3.7078039318553504,4.0311374138077545,3.8483635165060948,26,1.1655711390674492,3.6421236121814804,3.7025257639666957,3.5947092333279933,3.761352058487899,3.4839473388146627,Method4
69,100,50,0.7,3,wide,5,4,4,4,4,4,20,0.799,0.806,3.4429317373646473,3.739971043666833,3.7459095604963224,4.05865645235965,3.795976065303079,27,1.156942821064614,3.6421236121814804,3.7025257639666957,3.5947092333279933,3.761352058487899,3.4839473388146627,Method4
69,100,50,0.7,3,wide,5,4,4,4,4,4,20,0.799,0.806,3.4920446974568784,3.730096525688875,3.610581043618459,4.067721683121349,3.836445748263414,28,1.1256418649093356,3.6421236121814804,3.7025257639666957,3.5947092333279933,3.761352058487899,3.4839473388146627,Method4
69,100,50,0.7,3,wide,5,4,4,4,4,4,20,0.799,0.806,3.5032539458596625,3.7314477002125233,3.602017707735417,4.071073900734799,3.8387038602533647,29,1.125267182931568,3.6421236121814804,3.7025257639666957,3.5947092333279933,3.761352058487899,3.4839473388146627,Method4
69,100,50,0.7,3,wide,5,4,4,4,4,4,20,0.799,0.806,3.503691416748165,3.7220633521840565,3.574801243238871,4.045949184632412,3.814778951169015,30,1.0701882989958003,3.6421236121814804,3.7025257639666957,3.5947092333279933,3.761352058487899,3.4839473388146627,Method4
69,100,50,0.7,3,wide,5,4,4,4,4,4,20,0.799,0.806,3.5163588873580527,3.724979446258644,3.613182181449613,4.0294898312750105,3.731606368455664,31,1.0638131903689236,3.6421236121814804,3.7025257639666957,3.5947092333279933,3.761352058487899,3.4839473388146627,Method4
69,100,50,0.7,3,wide,5,4,4,4,4,4,20,0.799,0.806,3.4410565396866755,3.6830851538909424,3.6512505635350365,4.158337791611467,3.6789004419122144,32,0.9885037820591601,3.6421236121814804,3.7025257639666957,3.5947092333279933,3.761352058487899,3.4839473388146627,Method4
69,100,50,0.7,3,wide,5,4,4,4,4,4,20,0.799,0.806,3.4402653938532093,3.8022941722174495,3.7048700245665143,3.946498414359882,3.5212798447588987,33,0.8357981696267156,3.6421236121814804,3.7025257639666957,3.5947092333279933,3.761352058487899,3.4839473388146627,Method4
69,100,50,0.7,3,wide,5,4,4,4,4,4,20,0.799,0.806,3.5991055973058588,3.8213188116257797,3.5857010680745125,3.8676059176881705,3.557949255355628,34,0.7932407908798268,3.6421236121814804,3.7025257639666957,3.5947092333279933,3.761352058487899,3.4839473388146627,Method4
69,100,50,0.7,3,wide,5,4,4,4,4,4,20,0.799,0.806,3.5601037197810124,3.7529280449873643,3.6715739712677204,3.9289209022851876,3.662578712626774,35,0.716475004636325,3.6421236121814804,3.7025257639666957,3.5947092333279933,3.761352058487899,3.4839473388146627,Method4
69,100,50,0.7,3,wide,5,4,4,4,4,4,20,0.799,0.806,3.5541026484504203,3.7136961611248265,3.671012927840021,3.9151012114886994,3.719432235144998,36,0.7074590718570224,3.6421236121814804,3.7025257639666957,3.5947092333279933,3.761352058487899,3.4839473388146627,Method4
69,100,50,0.7,3,wide,5,4,4,4,4,4,20,0.799,0.806,3.589320694963519,3.734686588586564,3.718680301858106,3.9201384296754185,3.701654515913636,37,0.6824775547382217,3.6421236121814804,3.7025257639666957,3.5947092333279933,3.761352058487899,3.4839473388146627,Method4
69,100,50,0.7,3,wide,5,4,4,4,4,4,20,0.799,0.806,3.6319096909773148,3.6988985644672763,3.7027046093859344,3.9344876568426357,3.715383415718062,38,0.6637787229646805,3.6421236121814804,3.7025257639666957,3.5947092333279933,3.761352058487899,3.4839473388146627,Method4
69,100,50,0.7,3,wide,5,4,4,4,4,4,20,0.799,0.806,3.610819542306051,3.7235692811176166,3.7473274927061033,3.9512228135471243,3.6918031294029663,39,0.6294534794268765,3.6421236121814804,3.7025257639666957,3.5947092333279933,3.761352058487899,3.4839473388146627,Method4
69,100,50,0.7,3,wide,5,4,4,4,4,4,20,0.799,0.806,3.650453069928512,3.7009167068481865,3.8355671743219975,3.9212698541036377,3.6774848834528564,40,0.6184238750723401,3.6421236121814804,3.7025257639666957,3.5947092333279933,3.761352058487899,3.4839473388146627,Method4
69,100,50,0.7,3,wide,5,4,4,4,4,4,20,0.799,0.806,3.593505983074326,3.7380165195495505,3.8220230517971756,3.8146719007515313,3.6727202205980674,41,0.5967943106423752,3.6421236121814804,3.7025257639666957,3.5947092333279933,3.761352058487899,3.4839473388146627,Method4
69,100,50,0.7,3,wide,5,4,4,4,4,4,20,0.799,0.806,3.2670588971760264,4.338388484316381,3.9966115924927696,4.1376154611943186,3.954134356238022,5,12.66860329104063,3.8117409671603246,3.6777061175445,3.5601926601934726,3.8405878485774707,3.715039669597769,Method4
69,100,50,0.7,3,wide,5,4,4,4,4,4,20,0.799,0.806,3.2670588971760264,4.338388484316381,3.9966115924927696,4.1376154611943186,3.954134356238022,6,12.66860329104063,3.8117409671603246,3.6777061175445,3.5601926601934726,3.8405878485774707,3.715039669597769,Method4
69,100,50,0.7,3,wide,5,4,4,4,4,4,20,0.799,0.806,3.304245734375493,4.340968971301777,3.592990005286729,4.166675923140302,3.9143129314777036,7,12.400542046254934,3.8117409671603246,3.6777061175445,3.5601926601934726,3.8405878485774707,3.715039669597769,Method4
69,100,50,0.7,3,wide,5,4,4,4,4,4,20,0.799,0.806,3.9679976817986313,4.472855226825455,4.119573855428452,4.13538787703823,3.7219965872506187,8,5.053610713224504,3.8117409671603246,3.6777061175445,3.5601926601934726,3.8405878485774707,3.715039669597769,Method4
69,100,50,0.7,3,wide,5,4,4,4,4,4,20,0.799,0.806,3.986552635546168,4.418571940098276,4.081984828539752,3.815193067295003,3.731806491504002,9,4.961557161942689,3.8117409671603246,3.6777061175445,3.5601926601934726,3.8405878485774707,3.715039669597769,Method4
69,100,50,0.7,3,wide,5,4,4,4,4,4,20,0.799,0.806,3.971160990061662,4.4323510807969875,3.6401159090406434,3.866506755837078,3.617315878529421,10,4.357337080187313,3.8117409671603246,3.6777061175445,3.5601926601934726,3.8405878485774707,3.715039669597769,Method4
69,100,50,0.7,3,wide,5,4,4,4,4,4,20,0.799,0.806,4.1214379438474005,4.340302273197455,3.566150228190424,3.9066392151400042,3.9764978130368607,11,3.0173917166805486,3.8117409671603246,3.6777061175445,3.5601926601934726,3.8405878485774707,3.715039669597769,Method4
69,100,50,0.7,3,wide,5,4,4,4,4,4,20,0.799,0.806,4.008270189145344,4.191817478153645,3.6619652455739655,4.271148174089986,4.244995885929788,12,2.4621061282367354,3.8117409671603246,3.6777061175445,3.5601926601934726,3.8405878485774707,3.715039669597769,Method4
69,100,50,0.7,3,wide,5,4,4,4,4,4,20,0.799,0.806,4.059788105620629,4.161173988785899,3.7025371679695676,4.20901698063512,4.352154016244687,13,2.109586539026482,3.8117409671603246,3.6777061175445,3.5601926601934726,3.8405878485774707,3.715039669597769,Method4
69,100,50,0.7,3,wide,5,4,4,4,4,4,20,0.799,0.806,4.037019647133363,4.125926198227805,3.7381809505720063,4.188898405753885,4.369512423585949,14,2.0352518005987745,3.8117409671603246,3.6777061175445,3.5601926601934726,3.8405878485774707,3.715039669597769,Method4
69,100,50,0.7,3,wide,5,4,4,4,4,4,20,0.799,0.806,4.106553795777514,4.154300612481697,3.6757677840503318,4.184717373139465,4.37396394206568,15,1.766380651161265,3.8117409671603246,3.6777061175445,3.5601926601934726,3.8405878485774707,3.715039669597769,Method4
69,100,50,0.7,3,wide,5,4,4,4,4,4,20,0.799,0.806,4.0859540229117215,3.754024428947392,3.7177018555035026,4.219497041254258,4.418829825890816,16,1.6563768993267554,3.8117409671603246,3.6777061175445,3.5601926601934726,3.8405878485774707,3.715039669597769,Method4
69,100,50,0.7,3,wide,5,4,4,4,4,4,20,0.799,0.806,4.15127340909405,3.7380012646179335,3.6592308906421986,4.259757383079513,4.462461286453274,17,1.5893048958290692,3.8117409671603246,3.6777061175445,3.5601926601934726,3.8405878485774707,3.715039669597769,Method4
69,100,50,0.7,3,wide,5,4,4,4,4,4,20,0.799,0.806,4.148605835809267,3.7700358945183168,3.6614415512774623,4.186518329553814,4.280889953277584,18,1.5452333093126014,3.8117409671603246,3.6777061175445,3.5601926601934726,3.8405878485774707,3.715039669597769,Method4
69,100,50,0.7,3,wide,5,4,4,4,4,4,20,0.799,0.806,4.191627537184212,3.830961338519121,3.6565374380843503,4.272304335939566,4.299611352023324,19,1.4323792662729085,3.8117409671603246,3.6777061175445,3.5601926601934726,3.8405878485774707,3.715039669597769,Method4
69,100,50,0.7,3,wide,5,4,4,4,4,4,20,0.799,0.806,4.203219587651696,3.7830595696245197,3.6112227349364225,4.211547454059379,4.171693102963752,20,1.410099562639903,3.8117409671603246,3.6777061175445,3.5601926601934726,3.8405878485774707,3.715039669597769,Method4
69,100,50,0.7,3,wide,5,4,4,4,4,4,20,0.799,0.806,4.265077754867975,3.673312040583277,3.555695424627285,4.120289269477191,4.059199853446383,21,1.323803485238233,3.8117409671603246,3.6777061175445,3.5601926601934726,3.8405878485774707,3.715039669597769,Method4
69,100,50,0.7,3,wide,5,4,4,4,4,4,20,0.799,0.806,4.309887479435949,3.653112530158838,3.557361367108461,4.093282835862053,4.074290804837988,22,1.2859338531022397,3.8117409671603246,3.6777061175445,3.5601926601934726,3.8405878485774707,3.715039669597769,Method4
69,100,50,0.7,3,wide,5,4,4,4,4,4,20,0.799,0.806,3.9017513342243473,3.619543530713995,3.5341840412934147,4.124554621672138,4.04079557510402,23,1.089526916334792,3.8117409671603246,3.6777061175445,3.5601926601934726,3.8405878485774707,3.715039669597769,Method4
69,100,50,0.7,3,wide,5,4,4,4,4,4,20,0.799,0.806,3.9098867820039565,3.6280158898343715,3.5094104140317746,4.222124441976379,3.971518440590608,24,1.0357605371521452,3.8117409671603246,3.6777061175445,3.5601926601934726,3.8405878485774707,3.715039669597769,Method4
69,100,50,0.7,3,wide,5,4,4,4,4,4,20,0.799,0.806,3.8481021253854677,3.635380185370445,3.5098307991130153,4.2007199226619285,3.8559398300762795,25,1.0001443086146729,3.8117409671603246,3.6777061175445,3.5601926601934726,3.8405878485774707,3.715039669597769,Method4
69,100,50,0.7,3,wide,5,4,4,4,4,4,20,0.799,0.806,3.8496601096919196,3.5977510050755672,3.5533616967932726,4.224125647231817,3.821931969606198,26,0.9539638653554581,3.8117409671603246,3.6777061175445,3.5601926601934726,3.8405878485774707,3.715039669597769,Method4
69,100,50,0.7,3,wide,5,4,4,4,4,4,20,0.799,0.806,3.8719152170878868,3.5791084076976296,3.5686036576826936,4.225765484054644,3.8385706442891125,27,0.9400273819946848,3.8117409671603246,3.6777061175445,3.5601926601934726,3.8405878485774707,3.715039669597769,Method4
69,100,50,0.7,3,wide,5,4,4,4,4,4,20,0.799,0.806,3.8642926757701663,3.589741658503318,3.5781456899869952,4.242576630981413,3.8556972066563966,28,0.9375099213028444,3.8117409671603246,3.6777061175445,3.5601926601934726,3.8405878485774707,3.715039669597769,Method4
69,100,50,0.7,3,wide,5,4,4,4,4,4,20,0.799,0.806,3.8675248705042544,3.5864896286126338,3.571732569615755,4.237441825009507,3.857378069480622,29,0.9371584545260621,3.8117409671603246,3.6777061175445,3.5601926601934726,3.8405878485774707,3.715039669597769,Method4
69,100,50,0.7,3,wide,5,4,4,4,4,4,20,0.799,0.806,3.864151383487775,3.6097522362412886,3.54315288725373,4.247710396746723,3.8301451969902143,30,0.9199526777494033,3.8117409671603246,3.6777061175445,3.5601926601934726,3.8405878485774707,3.715039669597769,Method4
69,100,50,0.7,3,wide,5,4,4,4,4,4,20,0.799,0.806,3.869318579562063,3.5680956328912368,3.5461692858913434,4.233258613630324,3.8140914549177762,31,0.9138163833608658,3.8117409671603246,3.6777061175445,3.5601926601934726,3.8405878485774707,3.715039669597769,Method4
69,100,50,0.7,3,wide,5,4,4,4,4,4,20,0.799,0.806,3.9029922268669655,3.55533452805271,3.449237091214142,4.197537438511602,3.8237976135803566,32,0.8811946731353205,3.8117409671603246,3.6777061175445,3.5601926601934726,3.8405878485774707,3.715039669597769,Method4
69,100,50,0.7,3,wide,5,4,4,4,4,4,20,0.799,0.806,3.8591537648371768,3.562142817702844,3.4652809984955244,4.2010285524152895,3.8333339420662713,33,0.8782612018067297,3.8117409671603246,3.6777061175445,3.5601926601934726,3.8405878485774707,3.715039669597769,Method4
69,100,50,0.7,3,wide,5,4,4,4,4,4,20,0.799,0.806,3.8971004349347873,3.563620538573444,3.442371491862832,4.191765119498823,3.83970221303622,34,0.871574219748561,3.8117409671603246,3.6777061175445,3.5601926601934726,3.8405878485774707,3.715039669597769,Method4
69,100,50,0.7,3,wide,5,4,4,4,4,4,20,0.799,0.806,3.862922031176626,3.553076075119425,3.461987418959365,4.047951369786542,3.937385802651023,35,0.8322731628381871,3.8117409671603246,3.6777061175445,3.5601926601934726,3.8405878485774707,3.715039669597769,Method4
69,100,50,0.7,3,wide,5,4,4,4,4,4,20,0.799,0.806,3.867809640987198,3.558526840785473,3.4667054777307524,4.049326125469477,3.9378785797454166,36,0.8319096423306717,3.8117409671603246,3.6777061175445,3.5601926601934726,3.8405878485774707,3.715039669597769,Method4
69,100,50,0.7,3,wide,5,4,4,4,4,4,20,0.799,0.806,3.793279390101844,3.5156084192946895,3.420191213460814,3.988876391753388,3.896526190646095,37,0.7895796031134322,3.8117409671603246,3.6777061175445,3.5601926601934726,3.8405878485774707,3.715039669597769,Method4
69,100,50,0.7,3,wide,5,4,4,4,4,4,20,0.799,0.806,3.8199353612463183,3.507760304313643,3.582217635818619,4.026830201595035,3.6095012270516125,38,0.6915478669424944,3.8117409671603246,3.6777061175445,3.5601926601934726,3.8405878485774707,3.715039669597769,Method4
69,100,50,0.7,3,wide,5,4,4,4,4,4,20,0.799,0.806,3.8375932148299374,3.510346858040669,3.5834312902558434,4.040453992439602,3.616038894200988,39,0.6908632558217236,3.8117409671603246,3.6777061175445,3.5601926601934726,3.8405878485774707,3.715039669597769,Method4
69,100,50,0.7,3,wide,5,4,4,4,4,4,20,0.799,0.806,3.853588527848633,3.528066361433654,3.5780792778153243,4.037778681990359,3.620998062655187,40,0.6899783924096435,3.8117409671603246,3.6777061175445,3.5601926601934726,3.8405878485774707,3.715039669597769,Method4
69,100,50,0.7,3,wide,5,4,4,4,4,4,20,0.799,0.806,3.9004577155500173,3.558647624763157,3.630328380007499,4.0865590896746635,3.62511109565905,41,0.6708099304002575,3.8117409671603246,3.6777061175445,3.5601926601934726,3.8405878485774707,3.715039669597769,Method4
69,100,50,0.7,3,wide,5,4,4,4,4,4,20,0.799,0.806,4.307253289353967,4.288519086018236,3.980962951553752,4.457914394928162,4.234634097948341,5,11.582797249754856,3.844993339741835,3.5604228279456884,3.6087883760132193,3.948387212599677,3.568308377802966,Method4
69,100,50,0.7,3,wide,5,4,4,4,4,4,20,0.799,0.806,4.307253289353967,4.288519086018236,3.980962951553752,4.457914394928162,4.234634097948341,6,11.582797249754856,3.844993339741835,3.5604228279456884,3.6087883760132193,3.948387212599677,3.568308377802966,Method4
69,100,50,0.7,3,wide,5,4,4,4,4,4,20,0.799,0.806,4.190010982284085,4.279401115941598,3.9933215331841114,4.455249523953367,4.249435009421732,7,11.566006080310007,3.844993339741835,3.5604228279456884,3.6087883760132193,3.948387212599677,3.568308377802966,Method4
69,100,50,0.7,3,wide,5,4,4,4,4,4,20,0.799,0.806,4.831933055246598,4.422117196553536,3.578369202194749,4.369834136777925,4.716658782851145,8,4.7560383061100735,3.844993339741835,3.5604228279456884,3.6087883760132193,3.948387212599677,3.568308377802966,Method4
69,100,50,0.7,3,wide,5,4,4,4,4,4,20,0.799,0.806,4.8518946978495725,4.394539126018503,3.6687892991308417,4.359812808798817,4.379346073602146,9,4.646573814114556,3.844993339741835,3.5604228279456884,3.6087883760132193,3.948387212599677,3.568308377802966,Method4
69,100,50,0.7,3,wide,5,4,4,4,4,4,20,0.799,0.806,4.955646095587795,4.2921860478400236,3.7858954525083908,4.54143964879801,4.353867411126401,10,3.2738179295423686,3.844993339741835,3.5604228279456884,3.6087883760132193,3.948387212599677,3.568308377802966,Method4
69,100,50,0.7,3,wide,5,4,4,4,4,4,20,0.799,0.806,4.903841012129785,4.301001660540013,3.8227225343261364,4.56769511796966,4.245000777869643,11,3.077264413515144,3.844993339741835,3.5604228279456884,3.6087883760132193,3.948387212599677,3.568308377802966,Method4
69,100,50,0.7,3,wide,5,4,4,4,4,4,20,0.799,0.806,4.876268500508502,4.280122143377273,3.8315336992563274,4.657134239617074,4.323987487339496,12,2.634195203837009,3.844993339741835,3.5604228279456884,3.6087883760132193,3.948387212599677,3.568308377802966,Method4
69,100,50,0.7,3,wide,5,4,4,4,4,4,20,0.799,0.806,4.789253878938813,4.236369908499535,3.8782404190628332,4.672474011945875,4.401272747099686,13,2.4849301190236774,3.844993339741835,3.5604228279456884,3.6087883760132193,3.948387212599677,3.568308377802966,Method4
69,100,50,0.7,3,wide,5,4,4,4,4,4,20,0.799,0.806,4.852610934146355,4.215575262106393,3.8333237376272233,4.647564010632405,4.139639551843145,14,2.413353574636486,3.844993339741835,3.5604228279456884,3.6087883760132193,3.948387212599677,3.568308377802966,Method4
69,100,50,0.7,3,wide,5,4,4,4,4,4,20,0.799,0.806,4.799070170594221,4.221273669706202,3.7706730709502296,4.632924853781861,3.940236357403235,15,2.1281485309289634,3.844993339741835,3.5604228279456884,3.6087883760132193,3.948387212599677,3.568308377802966,Method4
69,100,50,0.7,3,wide,5,4,4,4,4,4,20,0.799,0.806,4.79280106120245,4.216676316205308,3.5275323699340717,4.623266652715201,3.870659610852124,16,2.05134186153062,3.844993339741835,3.5604228279456884,3.6087883760132193,3.948387212599677,3.568308377802966,Method4
69,100,50,0.7,3,wide,5,4,4,4,4,4,20,0.799,0.806,4.774078177247582,4.248390280094933,3.490753215618586,4.645795289153863,3.9475117191951927,17,1.8553587386123338,3.844993339741835,3.5604228279456884,3.6087883760132193,3.948387212599677,3.568308377802966,Method4
69,100,50,0.7,3,wide,5,4,4,4,4,4,20,0.799,0.806,4.72508407923149,4.230523590943136,3.482516316441375,4.653542171310927,3.8578014351191205,18,1.8273011815490812,3.844993339741835,3.5604228279456884,3.6087883760132193,3.948387212599677,3.568308377802966,Method4
69,100,50,0.7,3,wide,5,4,4,4,4,4,20,0.799,0.806,4.720613896808028,4.229868069897311,3.4905483379454654,4.654210455925397,3.859327444829333,19,1.8271795483704292,3.844993339741835,3.5604228279456884,3.6087883760132193,3.948387212599677,3.568308377802966,Method4
69,100,50,0.7,3,wide,5,4,4,4,4,4,20,0.799,0.806,4.7169228253680755,4.267274302226616,3.4351777995016537,4.685104931609067,3.9550489195639553,20,1.5840633570971714,3.844993339741835,3.5604228279456884,3.6087883760132193,3.948387212599677,3.568308377802966,Method4
69,100,50,0.7,3,wide,5,4,4,4,4,4,20,0.799,0.806,4.6666829735036846,4.192245579567608,3.4674430511158336,4.337793885385513,3.8356457340976555,21,1.5084916179167622,3.844993339741835,3.5604228279456884,3.6087883760132193,3.948387212599677,3.568308377802966,Method4
69,100,50,0.7,3,wide,5,4,4,4,4,4,20,0.799,0.806,4.5877508855358915,3.6664699162040297,3.457452203570904,4.226792302845509,3.672074005010831,22,1.326889434336362,3.844993339741835,3.5604228279456884,3.6087883760132193,3.948387212599677,3.568308377802966,Method4
69,100,50,0.7,3,wide,5,4,4,4,4,4,20,0.799,0.806,4.56362231595002,3.6986525234610452,3.427188422743879,4.299119430908458,3.5606726399801616,23,1.241593545367616,3.844993339741835,3.5604228279456884,3.6087883760132193,3.948387212599677,3.568308377802966,Method4
69,100,50,0.7,3,wide,5,4,4,4,4,4,20,0.799,0.806,4.562808158745164,3.699795539449001,3.4452691585045696,4.29467287768361,3.5571112654569363,24,1.2408310419547801,3.844993339741835,3.5604228279456884,3.6087883760132193,3.948387212599677,3.568308377802966,Method4
69,100,50,0.7,3,wide,5,4,4,4,4,4,20,0.799,0.806,4.5649204741674625,3.673153864842896,3.388724315849822,4.272476498121101,3.539129251028873,25,1.2196003534374087,3.844993339741835,3.5604228279456884,3.6087883760132193,3.948387212599677,3.568308377802966,Method4
69,100,50,0.7,3,wide,5,4,4,4,4,4,20,0.799,0.806,4.4618597688924435,3.8102638270405147,3.4240572563551157,4.258365989807366,3.5623128105343316,26,1.167912068788669,3.844993339741835,3.5604228279456884,3.6087883760132193,3.948387212599677,3.568308377802966,Method4
69,100,50,0.7,3,wide,5,4,4,4,4,4,20,0.799,0.806,4.439911636505999,3.8780707285481295,3.427080812166827,4.251141905111828,3.621526556764119,27,1.1187862910042319,3.844993339741835,3.5604228279456884,3.6087883760132193,3.948387212599677,3.568308377802966,Method4
69,100,50,0.7,3,wide,5,4,4,4,4,4,20,0.799,0.806,4.264612594840467,3.770320682354598,3.483180460898859,4.167665107706533,3.4232070850684266,28,0.9703320262440588,3.844993339741835,3.5604228279456884,3.6087883760132193,3.948387212599677,3.568308377802966,Method4
69,100,50,0.7,3,wide,5,4,4,4,4,4,20,0.799,0.806,4.273230245359359,3.78860587695933,3.513144139160727,4.145361891505168,3.4260986318305506,29,0.917176150145018,3.844993339741835,3.5604228279456884,3.6087883760132193,3.948387212599677,3.568308377802966,Method4
69,100,50,0.7,3,wide,5,4,4,4,4,4,20,0.799,0.806,4.260876047140906,3.7403495865281835,3.530688193622584,4.156926191392796,3.418892294708666,30,0.8963861798281358,3.844993339741835,3.5604228279456884,3.6087883760132193,3.948387212599677,3.568308377802966,Method4
69,100,50,0.7,3,wide,5,4,4,4,4,4,20,0.799,0.806,4.189646877072123,3.7831474099962974,3.5742015244980636,4.186905575502936,3.4985700543042575,31,0.8507707097023081,3.844993339741835,3.5604228279456884,3.6087883760132193,3.948387212599677,3.568308377802966,Method4
69,100,50,0.7,3,wide,5,4,4,4,4,4,20,0.799,0.806,4.1096990434501235,3.7219575107814107,3.5971958133114414,4.295306962891305,3.5069195134647972,32,0.747365887506658,3.844993339741835,3.5604228279456884,3.6087883760132193,3.948387212599677,3.568308377802966,Method4
69,100,50,0.7,3,wide,5,4,4,4,4,4,20,0.799,0.806,4.115474709636277,3.722065617653013,3.5871499901932364,4.303354803632702,3.4941862913608595,33,0.7453177402064729,3.844993339741835,3.5604228279456884,3.6087883760132193,3.948387212599677,3.568308377802966,Method4
69,100,50,0.7,3,wide,5,4,4,4,4,4,20,0.799,0.806,3.99784738635835,3.5098875608883433,3.5957634327620616,4.370435354013942,3.5722223576063517,34,0.6817666257628583,3.844993339741835,3.5604228279456884,3.6087883760132193,3.948387212599677,3.568308377802966,Method4
69,100,50,0.7,3,wide,5,4,4,4,4,4,20,0.799,0.806,3.9711331216798555,3.4919906620365015,3.5819109690069406,4.36688055031768,3.5266283640224456,35,0.6670602246902165,3.844993339741835,3.5604228279456884,3.6087883760132193,3.948387212599677,3.568308377802966,Method4
69,100,50,0.7,3,wide,5,4,4,4,4,4,20,0.799,0.806,3.9610232032427066,3.4706491677780273,3.5915033707535895,4.38045603556265,3.5376913367264082,36,0.658764437727933,3.844993339741835,3.5604228279456884,3.6087883760132193,3.948387212599677,3.568308377802966,Method4
69,100,50,0.7,3,wide,5,4,4,4,4,4,20,0.799,0.806,3.9854564453905525,3.449358012134231,3.5536180800301413,4.381379763742705,3.5507681464073735,37,0.6477775996636703,3.844993339741835,3.5604228279456884,3.6087883760132193,3.948387212599677,3.568308377802966,Method4
69,100,50,0.7,3,wide,5,4,4,4,4,4,20,0.799,0.806,4.002947742542815,3.419399853274739,3.542429958958519,4.457877893189482,3.5237732975635008,38,0.6309374461833356,3.844993339741835,3.5604228279456884,3.6087883760132193,3.948387212599677,3.568308377802966,Method4
69,100,50,0.7,3,wide,5,4,4,4,4,4,20,0.799,0.806,3.974582679995573,3.405377325074685,3.5280645849116063,4.464062146518169,3.4885734453696533,39,0.6168851789189745,3.844993339741835,3.5604228279456884,3.6087883760132193,3.948387212599677,3.568308377802966,Method4
69,100,50,0.7,3,wide,5,4,4,4,4,4,20,0.799,0.806,3.9765535730927644,3.334826104978027,3.49901582787552,4.461599213103267,3.4615256655456204,40,0.6112587769606738,3.844993339741835,3.5604228279456884,3.6087883760132193,3.948387212599677,3.568308377802966,Method4
69,100,50,0.7,3,wide,5,4,4,4,4,4,20,0.799,0.806,4.010367121032165,3.353802845268912,3.504470035015247,4.477063609703398,3.4651751904707506,41,0.6047657870176357,3.844993339741835,3.5604228279456884,3.6087883760132193,3.948387212599677,3.568308377802966,Method4
69,100,50,0.7,3,wide,5,4,4,4,4,4,20,0.799,0.806,4.324679738112183,5.230619560641153,5.143540667015505,4.394426801896415,3.889412340396996,5,30.840501716109838,3.541410095304605,3.9409290983570657,3.6326177967482756,3.4715759437657634,3.9086194858124053,Method4
69,100,50,0.7,3,wide,5,4,4,4,4,4,20,0.799,0.806,4.324679738112183,5.230619560641153,5.143540667015505,4.394426801896415,3.889412340396996,6,30.840501716109838,3.541410095304605,3.9409290983570657,3.6326177967482756,3.4715759437657634,3.9086194858124053,Method4
69,100,50,0.7,3,wide,5,4,4,4,4,4,20,0.799,0.806,4.074931186972651,5.223710358943077,5.128176695980524,4.409866804753569,3.8450472993997646,7,30.759725433779927,3.541410095304605,3.9409290983570657,3.6326177967482756,3.4715759437657634,3.9086194858124053,Method4
69,100,50,0.7,3,wide,5,4,4,4,4,4,20,0.799,0.806,3.2892091079599943,4.489125563277933,4.811454989954806,4.831354904673512,3.848613056689301,8,10.31991690624661,3.541410095304605,3.9409290983570657,3.6326177967482756,3.4715759437657634,3.9086194858124053,Method4
69,100,50,0.7,3,wide,5,4,4,4,4,4,20,0.799,0.806,3.2299585601640017,4.4603344214970475,4.981578320631309,4.81822058809074,3.8476680860845813,9,10.283601170607252,3.541410095304605,3.9409290983570657,3.6326177967482756,3.4715759437657634,3.9086194858124053,Method4
69,100,50,0.7,3,wide,5,4,4,4,4,4,20,0.799,0.806,3.2307208847174524,4.167019138501927,4.933165152419259,4.86902111612483,3.8636461378280096,10,10.213538360163072,3.541410095304605,3.9409290983570657,3.6326177967482756,3.4715759437657634,3.9086194858124053,Method4
69,100,50,0.7,3,wide,5,4,4,4,4,4,20,0.799,0.806,3.22546307094517,4.177414163874693,4.771515757790044,4.859379913269994,3.8755351400495393,11,10.152751980427393,3.541410095304605,3.9409290983570657,3.6326177967482756,3.4715759437657634,3.9086194858124053,Method4
69,100,50,0.7,3,wide,5,4,4,4,4,4,20,0.799,0.806,3.15093386115694,4.184501351461874,4.78328570481949,4.865564898410936,3.890159810503085,12,10.14759055220835,3.541410095304605,3.9409290983570657,3.6326177967482756,3.4715759437657634,3.9086194858124053,Method4
69,100,50,0.7,3,wide,5,4,4,4,4,4,20,0.799,0.806,2.8404497280656167,4.427502874108778,4.632438900235418,4.611506617476969,3.9596691649867535,13,6.455139939492327,3.541410095304605,3.9409290983570657,3.6326177967482756,3.4715759437657634,3.9086194858124053,Method4
69,100,50,0.7,3,wide,5,4,4,4,4,4,20,0.799,0.806,2.900785196945732,4.184948085646593,4.664774876041687,4.660927934880983,3.9648398100313273,14,6.361160222023407,3.541410095304605,3.9409290983570657,3.6326177967482756,3.4715759437657634,3.9086194858124053,Method4
69,100,50,0.7,3,wide,5,4,4,4,4,4,20,0.799,0.806,2.8632676385964633,4.166523341451599,4.71837369378316,4.648881983145106,4.254242922190354,15,6.316268975507515,3.541410095304605,3.9409290983570657,3.6326177967482756,3.4715759437657634,3.9086194858124053,Method4
69,100,50,0.7,3,wide,5,4,4,4,4,4,20,0.799,0.806,3.1083856981326643,4.470464909976031,4.526452347992099,4.4473121299244305,4.45137369231989,16,4.526444348235532,3.541410095304605,3.9409290983570657,3.6326177967482756,3.4715759437657634,3.9086194858124053,Method4
69,100,50,0.7,3,wide,5,4,4,4,4,4,20,0.799,0.806,2.9991083783566252,4.467002189809222,4.53724695045252,4.4662556027838605,4.21234792610844,17,4.430528339532909,3.541410095304605,3.9409290983570657,3.6326177967482756,3.4715759437657634,3.9086194858124053,Method4
69,100,50,0.7,3,wide,5,4,4,4,4,4,20,0.799,0.806,3.3869065761107087,4.6988366313232675,4.3156629796734824,4.304099904510341,4.264560070248551,18,3.170423445356604,3.541410095304605,3.9409290983570657,3.6326177967482756,3.4715759437657634,3.9086194858124053,Method4
69,100,50,0.7,3,wide,5,4,4,4,4,4,20,0.799,0.806,3.432996236665006,4.65329759061327,4.262580494301838,4.337025416433199,4.014972773067009,19,2.672704293220285,3.541410095304605,3.9409290983570657,3.6326177967482756,3.4715759437657634,3.9086194858124053,Method4
69,100,50,0.7,3,wide,5,4,4,4,4,4,20,0.799,0.806,3.519444597058327,4.660736534604913,4.1194841498971755,4.314010845386309,4.117921985459046,20,2.6062421031537926,3.541410095304605,3.9409290983570657,3.6326177967482756,3.4715759437657634,3.9086194858124053,Method4
69,100,50,0.7,3,wide,5,4,4,4,4,4,20,0.799,0.806,3.538688832775998,4.529099413830706,4.139846667312674,4.415144276118655,3.963690147586909,21,2.305332103893872,3.541410095304605,3.9409290983570657,3.6326177967482756,3.4715759437657634,3.9086194858124053,Method4
69,100,50,0.7,3,wide,5,4,4,4,4,4,20,0.799,0.806,3.5559152039173303,4.5329512582709794,4.142954054502705,4.418608936296435,3.9561091496682925,22,2.304790624641762,3.541410095304605,3.9409290983570657,3.6326177967482756,3.4715759437657634,3.9086194858124053,Method4
69,100,50,0.7,3,wide,5,4,4,4,4,4,20,0.799,0.806,3.552453726504186,4.486033968511372,3.9313277133824416,4.367014161157437,4.104749773633004,23,2.062239678212302,3.541410095304605,3.9409290983570657,3.6326177967482756,3.4715759437657634,3.9086194858124053,Method4
69,100,50,0.7,3,wide,5,4,4,4,4,4,20,0.799,0.806,3.2226989966352364,4.379678471563769,4.039916556000934,4.42159719353828,4.1049909337150146,24,1.866668781605924,3.541410095304605,3.9409290983570657,3.6326177967482756,3.4715759437657634,3.9086194858124053,Method4
69,100,50,0.7,3,wide,5,4,4,4,4,4,20,0.799,0.806,3.3477399028009316,4.285202143938952,3.949700741696113,4.480165282061505,4.089506296048363,25,1.5660761268283259,3.541410095304605,3.9409290983570657,3.6326177967482756,3.4715759437657634,3.9086194858124053,Method4
69,100,50,0.7,3,wide,5,4,4,4,4,4,20,0.799,0.806,3.421962711638046,4.21113388232245,3.9438156390362087,4.405947035285577,4.121712722068638,26,1.5096104679232212,3.541410095304605,3.9409290983570657,3.6326177967482756,3.4715759437657634,3.9086194858124053,Method4
69,100,50,0.7,3,wide,5,4,4,4,4,4,20,0.799,0.806,3.5234794774778906,4.336804555936212,3.817998566177908,3.829416596346846,4.205115521526652,27,1.1918622402512897,3.541410095304605,3.9409290983570657,3.6326177967482756,3.4715759437657634,3.9086194858124053,Method4
69,100,50,0.7,3,wide,5,4,4,4,4,4,20,0.799,0.806,3.379658815665563,4.3540935561863146,3.8875050202423074,3.8785048226579324,4.146041899759547,28,1.1508222532682206,3.541410095304605,3.9409290983570657,3.6326177967482756,3.4715759437657634,3.9086194858124053,Method4
69,100,50,0.7,3,wide,5,4,4,4,4,4,20,0.799,0.806,3.3695726325399757,4.28127458550888,3.919511461274187,3.8401305910788115,4.197131718886529,29,0.8889167134898113,3.541410095304605,3.9409290983570657,3.6326177967482756,3.4715759437657634,3.9086194858124053,Method4
69,100,50,0.7,3,wide,5,4,4,4,4,4,20,0.799,0.806,3.374069489789481,4.282628857550327,3.92093481583536,3.8424438261197587,4.194221322078766,30,0.8888547949563717,3.541410095304605,3.9409290983570657,3.6326177967482756,3.4715759437657634,3.9086194858124053,Method4
69,100,50,0.7,3,wide,5,4,4,4,4,4,20,0.799,0.806,3.264556749472902,4.273075877584474,3.904014916907369,3.891600285018528,4.240862162608767,31,0.837991349316332,3.541410095304605,3.9409290983570657,3.6326177967482756,3.4715759437657634,3.9086194858124053,Method4
69,100,50,0.7,3,wide,5,4,4,4,4,4,20,0.799,0.806,3.2749277563843395,4.278015419585395,3.9144373695534433,3.8891424000732897,4.242896502661103,32,0.8341038979567768,3.541410095304605,3.9409290983570657,3.6326177967482756,3.4715759437657634,3.9086194858124053,Method4
69,100,50,0.7,3,wide,5,4,4,4,4,4,20,0.799,0.806,3.3086380758118565,4.226399557242674,3.886561911856872,3.878319913566144,4.154818108776265,33,0.7771974545683127,3.541410095304605,3.9409290983570657,3.6326177967482756,3.4715759437657634,3.9086194858124053,Method4
69,100,50,0.7,3,wide,5,4,4,4,4,4,20,0.799,0.806,3.26697397861686,4.1311620891420455,3.8954864797817534,3.672704716886189,4.217334567581579,34,0.7061316140774799,3.541410095304605,3.9409290983570657,3.6326177967482756,3.4715759437657634,3.9086194858124053,Method4
69,100,50,0.7,3,wide,5,4,4,4,4,4,20,0.799,0.806,3.364777052276049,4.027880225695148,3.8308554000178594,3.772632959063725,4.122569045471442,35,0.6386585934106809,3.541410095304605,3.9409290983570657,3.6326177967482756,3.4715759437657634,3.9086194858124053,Method4
69,100,50,0.7,3,wide,5,4,4,4,4,4,20,0.799,0.806,3.3228397262389255,4.056298554489679,3.8360558653211854,3.7399546343620487,4.086082907984542,36,0.6283142317320718,3.541410095304605,3.9409290983570657,3.6326177967482756,3.4715759437657634,3.9086194858124053,Method4
69,100,50,0.7,3,wide,5,4,4,4,4,4,20,0.799,0.806,3.264232216124667,4.112265800159414,3.8673908352961703,3.7605817722406236,4.1179075799149345,37,0.6045749241615496,3.541410095304605,3.9409290983570657,3.6326177967482756,3.4715759437657634,3.9086194858124053,Method4
69,100,50,0.7,3,wide,5,4,4,4,4,4,20,0.799,0.806,3.26752570259362,4.108168033411169,3.859682674477796,3.755854877506775,4.119634573275205,38,0.6044367797356958,3.541410095304605,3.9409290983570657,3.6326177967482756,3.4715759437657634,3.9086194858124053,Method4
69,100,50,0.7,3,wide,5,4,4,4,4,4,20,0.799,0.806,3.232978408504326,4.082026233046196,3.8323820954925067,3.7941430105627987,4.096569727062587,39,0.549936620903851,3.541410095304605,3.9409290983570657,3.6326177967482756,3.4715759437657634,3.9086194858124053,Method4
69,100,50,0.7,3,wide,5,4,4,4,4,4,20,0.799,0.806,3.222176847551789,4.084443081313825,3.8170590452317072,3.7855442803579753,4.102600269757205,40,0.5485173870641437,3.541410095304605,3.9409290983570657,3.6326177967482756,3.4715759437657634,3.9086194858124053,Method4
69,100,50,0.7,3,wide,5,4,4,4,4,4,20,0.799,0.806,3.210584510062576,3.9383562951854367,3.7538559144991774,3.744838732647651,4.112816849343861,41,0.5087317966769133,3.541410095304605,3.9409290983570657,3.6326177967482756,3.4715759437657634,3.9086194858124053,Method4
69,100,50,0.7,3,wide,5,4,4,4,4,4,20,0.799,0.806,4.472646410658362,3.606799785332634,3.65700543011359,3.8835039171002976,4.720421641461279,5,17.6827709223346,3.7476880438919493,3.519059636449813,3.5062193810156783,3.763908555308619,3.8271141174905363,Method4
69,100,50,0.7,3,wide,5,4,4,4,4,4,20,0.799,0.806,4.472646410658362,3.606799785332634,3.65700543011359,3.8835039171002976,4.720421641461279,6,17.6827709223346,3.7476880438919493,3.519059636449813,3.5062193810156783,3.763908555308619,3.8271141174905363,Method4
69,100,50,0.7,3,wide,5,4,4,4,4,4,20,0.799,0.806,4.327253398929307,4.166959551228625,4.145686111966766,4.514242021392641,4.792519940387283,7,7.038215324378576,3.7476880438919493,3.519059636449813,3.5062193810156783,3.763908555308619,3.8271141174905363,Method4
69,100,50,0.7,3,wide,5,4,4,4,4,4,20,0.799,0.806,4.324322434602867,4.135417026482639,4.148394059412176,4.324458809652177,4.77950522387376,8,7.009342992214646,3.7476880438919493,3.519059636449813,3.5062193810156783,3.763908555308619,3.8271141174905363,Method4
69,100,50,0.7,3,wide,5,4,4,4,4,4,20,0.799,0.806,4.308120196045939,4.0487579117597825,4.07597479692943,4.421831280915386,4.680538086173233,9,5.038830187449483,3.7476880438919493,3.519059636449813,3.5062193810156783,3.763908555308619,3.8271141174905363,Method4
69,100,50,0.7,3,wide,5,4,4,4,4,4,20,0.799,0.806,4.227076454856904,4.03832970521875,4.142649688191538,4.20569583926678,4.557029003185689,10,4.460158984866341,3.7476880438919493,3.519059636449813,3.5062193810156783,3.763908555308619,3.8271141174905363,Method4
69,100,50,0.7,3,wide,5,4,4,4,4,4,20,0.799,0.806,4.207724964328191,4.070055807448814,4.116939996211199,4.0788346144101,4.474437296253188,11,4.382925553766273,3.7476880438919493,3.519059636449813,3.5062193810156783,3.763908555308619,3.8271141174905363,Method4
69,100,50,0.7,3,wide,5,4,4,4,4,4,20,0.799,0.806,4.338284451634422,4.1267179332348105,4.1836068951445995,3.3285848686044006,4.449736704460388,12,3.6529084447914753,3.7476880438919493,3.519059636449813,3.5062193810156783,3.763908555308619,3.8271141174905363,Method4
69,100,50,0.7,3,wide,5,4,4,4,4,4,20,0.799,0.806,4.362083661824141,4.121862138075226,4.186918450680269,3.322765521432262,4.449884521669332,13,3.652462407401994,3.7476880438919493,3.519059636449813,3.5062193810156783,3.763908555308619,3.8271141174905363,Method4
69,100,50,0.7,3,wide,5,4,4,4,4,4,20,0.799,0.806,4.10233735827128,4.143684003410347,4.043283492107457,3.4259875706983043,4.401706058551623,14,3.1492514547891037,3.7476880438919493,3.519059636449813,3.5062193810156783,3.763908555308619,3.8271141174905363,Method4
69,100,50,0.7,3,wide,5,4,4,4,4,4,20,0.799,0.806,4.104144082308712,4.139948855662778,4.0495460048759835,3.441620363482764,4.40938933180155,15,3.1474726159792668,3.7476880438919493,3.519059636449813,3.5062193810156783,3.763908555308619,3.8271141174905363,Method4
69,100,50,0.7,3,wide,5,4,4,4,4,4,20,0.799,0.806,4.139091553114394,4.232627627794676,3.5904092304030986,3.3441875509437424,4.372714442917039,16,2.9589288039310873,3.7476880438919493,3.519059636449813,3.5062193810156783,3.763908555308619,3.8271141174905363,Method4
69,100,50,0.7,3,wide,5,4,4,4,4,4,20,0.799,0.806,3.847312050671315,4.225817537478432,3.626170709143603,3.3673642306185525,4.393678722396715,17,2.828404031854832,3.7476880438919493,3.519059636449813,3.5062193810156783,3.763908555308619,3.8271141174905363,Method4
69,100,50,0.7,3,wide,5,4,4,4,4,4,20,0.799,0.806,3.8043442326691688,4.269535464452181,3.646068329864712,3.4620386536520082,4.325405111103566,18,2.5504389631398574,3.7476880438919493,3.519059636449813,3.5062193810156783,3.763908555308619,3.8271141174905363,Method4
69,100,50,0.7,3,wide,5,4,4,4,4,4,20,0.799,0.806,3.758389505253288,4.222802221622129,3.769693487082706,3.4192327965017943,4.438777355964372,19,2.3573191535334406,3.7476880438919493,3.519059636449813,3.5062193810156783,3.763908555308619,3.8271141174905363,Method4
69,100,50,0.7,3,wide,5,4,4,4,4,4,20,0.799,0.806,3.7517177535871316,4.220027499086069,3.763662589459691,3.4451811558502223,4.449586671551889,20,2.355424707986543,3.7476880438919493,3.519059636449813,3.5062193810156783,3.763908555308619,3.8271141174905363,Method4
69,100,50,0.7,3,wide,5,4,4,4,4,4,20,0.799,0.806,3.683537667828024,4.221233980485851,3.7314933469797817,3.4390724602878993,4.420225605782208,21,2.330876532848286,3.7476880438919493,3.519059636449813,3.5062193810156783,3.763908555308619,3.8271141174905363,Method4
69,100,50,0.7,3,wide,5,4,4,4,4,4,20,0.799,0.806,3.705894641106638,4.216698857050982,3.7354429847798207,3.54374601896203,4.5167692994542765,22,2.212145713714488,3.7476880438919493,3.519059636449813,3.5062193810156783,3.763908555308619,3.8271141174905363,Method4
69,100,50,0.7,3,wide,5,4,4,4,4,4,20,0.799,0.806,3.7383172674492764,4.142161062619082,3.7994946463021804,3.5563388628276127,4.506318250115858,23,2.133200231986038,3.7476880438919493,3.519059636449813,3.5062193810156783,3.763908555308619,3.8271141174905363,Method4
69,100,50,0.7,3,wide,5,4,4,4,4,4,20,0.799,0.806,3.733215270617676,4.145009037344237,3.8058721317339597,3.562101566048539,4.505997292898013,24,2.1295688933213714,3.7476880438919493,3.519059636449813,3.5062193810156783,3.763908555308619,3.8271141174905363,Method4
69,100,50,0.7,3,wide,5,4,4,4,4,4,20,0.799,0.806,3.972642480245259,3.378621533674315,3.7664682937684115,3.537824347123637,4.487120727834511,25,1.6793484854933411,3.7476880438919493,3.519059636449813,3.5062193810156783,3.763908555308619,3.8271141174905363,Method4
69,100,50,0.7,3,wide,5,4,4,4,4,4,20,0.799,0.806,4.0469396741549595,3.386400777983528,3.7785893200358016,3.4628377563055475,4.263592070900305,26,1.6378001147724581,3.7476880438919493,3.519059636449813,3.5062193810156783,3.763908555308619,3.8271141174905363,Method4
69,100,50,0.7,3,wide,5,4,4,4,4,4,20,0.799,0.806,4.052825607238518,3.4628307543944357,3.7265664320588714,3.407539660224214,4.112542762018706,27,1.6106745632487183,3.7476880438919493,3.519059636449813,3.5062193810156783,3.763908555308619,3.8271141174905363,Method4
69,100,50,0.7,3,wide,5,4,4,4,4,4,20,0.799,0.806,4.044893522019558,3.4584386679652686,3.728806449867601,3.401098581477388,4.107183449821073,28,1.6101510359491342,3.7476880438919493,3.519059636449813,3.5062193810156783,3.763908555308619,3.8271141174905363,Method4
69,100,50,0.7,3,wide,5,4,4,4,4,4,20,0.799,0.806,4.04628253917372,3.4443260614967457,3.7416092161238064,3.396757282231178,4.1030138811794234,29,1.6085910696545054,3.7476880438919493,3.519059636449813,3.5062193810156783,3.763908555308619,3.8271141174905363,Method4
69,100,50,0.7,3,wide,5,4,4,4,4,4,20,0.799,0.806,3.7930803772965622,3.6040545895679847,3.566090567520036,3.3302054373106476,4.079432954581955,30,1.4574021597969777,3.7476880438919493,3.519059636449813,3.5062193810156783,3.763908555308619,3.8271141174905363,Method4
69,100,50,0.7,3,wide,5,4,4,4,4,4,20,0.799,0.806,3.7319026951675136,3.603022934706286,3.6254265433313133,3.3195402553807973,4.084823851039041,31,1.4477406762271765,3.7476880438919493,3.519059636449813,3.5062193810156783,3.763908555308619,3.8271141174905363,Method4
69,100,50,0.7,3,wide,5,4,4,4,4,4,20,0.799,0.806,3.7565993036443945,3.68183575254038,3.6149946431852316,3.3037673329141826,4.033000992191808,32,1.3931527410143412,3.7476880438919493,3.519059636449813,3.5062193810156783,3.763908555308619,3.8271141174905363,Method4
69,100,50,0.7,3,wide,5,4,4,4,4,4,20,0.799,0.806,3.653147369915683,3.678820217839508,3.7171439337000223,3.254566575341751,4.077163634159997,33,1.3130224069632142,3.7476880438919493,3.519059636449813,3.5062193810156783,3.763908555308619,3.8271141174905363,Method4
69,100,50,0.7,3,wide,5,4,4,4,4,4,20,0.799,0.806,3.674097548766883,3.6400835879854845,3.7088682523721697,3.249730029250703,4.089907943434609,34,1.297315800247182,3.7476880438919493,3.519059636449813,3.5062193810156783,3.763908555308619,3.8271141174905363,Method4
69,100,50,0.7,3,wide,5,4,4,4,4,4,20,0.799,0.806,3.5343198687907287,3.6209794610274475,3.770909369893009,3.5052722228822977,4.090546581894952,35,1.1543941713667583,3.7476880438919493,3.519059636449813,3.5062193810156783,3.763908555308619,3.8271141174905363,Method4
69,100,50,0.7,3,wide,5,4,4,4,4,4,20,0.799,0.806,3.530409909524663,3.504559020812071,3.694434288470909,3.417671493625667,4.252494561772314,36,1.031888819303255,3.7476880438919493,3.519059636449813,3.5062193810156783,3.763908555308619,3.8271141174905363,Method4
69,100,50,0.7,3,wide,5,4,4,4,4,4,20,0.799,0.806,3.4567220186141645,3.3216969586725162,3.6166458358472866,3.4043800840060268,4.251715042528805,37,0.9205147618110555,3.7476880438919493,3.519059636449813,3.5062193810156783,3.763908555308619,3.8271141174905363,Method4
69,100,50,0.7,3,wide,5,4,4,4,4,4,20,0.799,0.806,3.457608927853547,3.3216957264861304,3.616712175009848,3.4059661726366137,4.252231598890981,38,0.9205047911496135,3.7476880438919493,3.519059636449813,3.5062193810156783,3.763908555308619,3.8271141174905363,Method4
69,100,50,0.7,3,wide,5,4,4,4,4,4,20,0.799,0.806,3.4447602154916077,3.321942687995712,3.5445941852541765,3.3873506265087334,4.223851026648524,39,0.9129555873589724,3.7476880438919493,3.519059636449813,3.5062193810156783,3.763908555308619,3.8271141174905363,Method4
69,100,50,0.7,3,wide,5,4,4,4,4,4,20,0.799,0.806,3.459097552424492,3.3141229560644394,3.5712040606360573,3.4113150755063537,4.200542658995412,40,0.9007231706995598,3.7476880438919493,3.519059636449813,3.5062193810156783,3.763908555308619,3.8271141174905363,Method4
69,100,50,0.7,3,wide,5,4,4,4,4,4,20,0.799,0.806,3.457342169292986,3.3150410559867534,3.5713768508608386,3.4071824214250253,4.197541718481866,41,0.9006866532128921,3.7476880438919493,3.519059636449813,3.5062193810156783,3.763908555308619,3.8271141174905363,Method4
69,100,50,0.7,3,wide,5,4,4,4,4,4,20,0.799,0.806,5.398672011867737,4.928102268482751,4.241740892515295,4.035335423020167,3.6864706168422723,5,15.480368302885188,3.941033397160061,3.7913309753904043,3.8022600737090677,3.55761161371466,3.6381612291174825,Method4
69,100,50,0.7,3,wide,5,4,4,4,4,4,20,0.799,0.806,5.398672011867737,4.928102268482751,4.241740892515295,4.035335423020167,3.6864706168422723,6,15.480368302885188,3.941033397160061,3.7913309753904043,3.8022600737090677,3.55761161371466,3.6381612291174825,Method4
69,100,50,0.7,3,wide,5,4,4,4,4,4,20,0.799,0.806,5.44058524104136,4.082420201163142,4.266280816142032,4.153508913656631,3.6817842997267727,7,14.82768248075441,3.941033397160061,3.7913309753904043,3.8022600737090677,3.55761161371466,3.6381612291174825,Method4
69,100,50,0.7,3,wide,5,4,4,4,4,4,20,0.799,0.806,5.406115715588635,4.039528564259885,4.790969398951404,4.075725420990592,4.521859997640681,8,6.396152135606883,3.941033397160061,3.7913309753904043,3.8022600737090677,3.55761161371466,3.6381612291174825,Method4
69,100,50,0.7,3,wide,5,4,4,4,4,4,20,0.799,0.806,5.200701926879941,4.16280822455327,4.552298352520029,4.012552978428679,4.5700792748068455,9,4.677636362986794,3.941033397160061,3.7913309753904043,3.8022600737090677,3.55761161371466,3.6381612291174825,Method4
69,100,50,0.7,3,wide,5,4,4,4,4,4,20,0.799,0.806,5.026845023856621,4.2035028835554655,4.405538532661454,4.141628696695511,4.567043400588223,10,3.934565741946845,3.941033397160061,3.7913309753904043,3.8022600737090677,3.55761161371466,3.6381612291174825,Method4
69,100,50,0.7,3,wide,5,4,4,4,4,4,20,0.799,0.806,5.106967397655144,4.3346452402362505,4.43166820904591,4.105570106611231,4.5229681364069,11,3.2524610826196865,3.941033397160061,3.7913309753904043,3.8022600737090677,3.55761161371466,3.6381612291174825,Method4
69,100,50,0.7,3,wide,5,4,4,4,4,4,20,0.799,0.806,4.553768762077555,4.465910476518068,4.405846672778896,4.1280445912573445,4.335414909456494,12,2.99529373502056,3.941033397160061,3.7913309753904043,3.8022600737090677,3.55761161371466,3.6381612291174825,Method4
69,100,50,0.7,3,wide,5,4,4,4,4,4,20,0.799,0.806,4.461826287211476,4.3745836558645586,4.428395013913573,4.27606036433278,4.317455160918156,13,2.655194038555952,3.941033397160061,3.7913309753904043,3.8022600737090677,3.55761161371466,3.6381612291174825,Method4
69,100,50,0.7,3,wide,5,4,4,4,4,4,20,0.799,0.806,4.632795901749167,4.3327030748902775,3.9739119376446075,4.245679392881376,4.338231093534807,14,2.4528191991533284,3.941033397160061,3.7913309753904043,3.8022600737090677,3.55761161371466,3.6381612291174825,Method4
69,100,50,0.7,3,wide,5,4,4,4,4,4,20,0.799,0.806,4.600755198909219,4.346872884904261,4.00136927484949,4.249399736629603,4.336647033188421,15,2.439741429904027,3.941033397160061,3.7913309753904043,3.8022600737090677,3.55761161371466,3.6381612291174825,Method4
69,100,50,0.7,3,wide,5,4,4,4,4,4,20,0.799,0.806,4.563134319273137,4.349741798338011,4.0271490082489745,3.8264863667757463,4.340325961897855,16,2.286824220278512,3.941033397160061,3.7913309753904043,3.8022600737090677,3.55761161371466,3.6381612291174825,Method4
69,100,50,0.7,3,wide,5,4,4,4,4,4,20,0.799,0.806,4.284660330761144,4.3063450183948015,4.03896385175624,3.699099305266807,4.263336991082688,17,2.0972110810972993,3.941033397160061,3.7913309753904043,3.8022600737090677,3.55761161371466,3.6381612291174825,Method4
69,100,50,0.7,3,wide,5,4,4,4,4,4,20,0.799,0.806,4.149592039391801,3.968004206042237,4.201661776741509,3.83515435867293,4.381540682772906,18,1.884943273901287,3.941033397160061,3.7913309753904043,3.8022600737090677,3.55761161371466,3.6381612291174825,Method4
69,100,50,0.7,3,wide,5,4,4,4,4,4,20,0.799,0.806,3.9221151741970597,4.062669953989278,4.190386921799888,3.7987499266312446,4.34896674485182,19,1.8059455368751542,3.941033397160061,3.7913309753904043,3.8022600737090677,3.55761161371466,3.6381612291174825,Method4
69,100,50,0.7,3,wide,5,4,4,4,4,4,20,0.799,0.806,3.920221584029567,4.00211623838301,4.196260017625378,3.8346969637288297,4.363775311098418,20,1.7978922892380524,3.941033397160061,3.7913309753904043,3.8022600737090677,3.55761161371466,3.6381612291174825,Method4
69,100,50,0.7,3,wide,5,4,4,4,4,4,20,0.799,0.806,3.964527313811992,4.004484857813088,4.217610552496703,3.845183333800539,4.3591032185910965,21,1.783983685988103,3.941033397160061,3.7913309753904043,3.8022600737090677,3.55761161371466,3.6381612291174825,Method4
69,100,50,0.7,3,wide,5,4,4,4,4,4,20,0.799,0.806,4.10556200924876,3.9263906839823806,4.2183141594038,3.907090211384472,4.338372231098799,22,1.6027712116163677,3.941033397160061,3.7913309753904043,3.8022600737090677,3.55761161371466,3.6381612291174825,Method4
69,100,50,0.7,3,wide,5,4,4,4,4,4,20,0.799,0.806,4.2164195113191845,3.8933221590378455,4.215009898032539,3.912391307787937,4.394940768989286,23,1.543185356644384,3.941033397160061,3.7913309753904043,3.8022600737090677,3.55761161371466,3.6381612291174825,Method4
69,100,50,0.7,3,wide,5,4,4,4,4,4,20,0.799,0.806,4.220551705243449,3.9091863701081024,4.209015648907405,3.872662326582245,4.38671289916901,24,1.5415752737420436,3.941033397160061,3.7913309753904043,3.8022600737090677,3.55761161371466,3.6381612291174825,Method4
69,100,50,0.7,3,wide,5,4,4,4,4,4,20,0.799,0.806,4.237974901954707,3.9661198328787877,4.186070644995821,3.7764942118895,4.409821579450498,25,1.5121307962099992,3.941033397160061,3.7913309753904043,3.8022600737090677,3.55761161371466,3.6381612291174825,Method4
69,100,50,0.7,3,wide,5,4,4,4,4,4,20,0.799,0.806,4.175428797969838,4.001451964392018,4.206696414203601,3.7688702423069462,4.331950073999246,26,1.4502009625807768,3.941033397160061,3.7913309753904043,3.8022600737090677,3.55761161371466,3.6381612291174825,Method4
69,100,50,0.7,3,wide,5,4,4,4,4,4,20,0.799,0.806,4.119029468145799,3.9827934594171697,4.186608315803272,3.769777762515852,4.1640607111584735,27,1.427420317152027,3.941033397160061,3.7913309753904043,3.8022600737090677,3.55761161371466,3.6381612291174825,Method4
69,100,50,0.7,3,wide,5,4,4,4,4,4,20,0.799,0.806,4.152057767204138,3.9834246594513054,4.17161753056666,3.733662696271228,4.17354898225493,28,1.411161552027472,3.941033397160061,3.7913309753904043,3.8022600737090677,3.55761161371466,3.6381612291174825,Method4
69,100,50,0.7,3,wide,5,4,4,4,4,4,20,0.799,0.806,4.168531197671453,3.9494741452421924,4.17473164930165,3.7274170536704934,4.170804106893062,29,1.3993415593829395,3.941033397160061,3.7913309753904043,3.8022600737090677,3.55761161371466,3.6381612291174825,Method4
69,100,50,0.7,3,wide,5,4,4,4,4,4,20,0.799,0.806,4.167221414564602,3.9416645916762794,4.179386169738405,3.7348738015633542,4.172465611039414,30,1.3987223355712535,3.941033397160061,3.7913309753904043,3.8022600737090677,3.55761161371466,3.6381612291174825,Method4
69,100,50,0.7,3,wide,5,4,4,4,4,4,20,0.799,0.806,4.1223329050359245,3.887057168332792,4.156664122269067,3.8655716767997164,4.214039450268022,31,1.3186094853595354,3.941033397160061,3.7913309753904043,3.8022600737090677,3.55761161371466,3.6381612291174825,Method4
69,100,50,0.7,3,wide,5,4,4,4,4,4,20,0.799,0.806,4.116785254403112,3.891073356611607,4.149751571262735,3.7158449092585952,4.230160311467083,32,1.2935378638905852,3.941033397160061,3.7913309753904043,3.8022600737090677,3.55761161371466,3.6381612291174825,Method4
69,100,50,0.7,3,wide,5,4,4,4,4,4,20,0.799,0.806,4.161063004686808,3.903797535865655,4.1527497609492325,3.7719661596807854,4.188353032963629,33,1.247448156171912,3.941033397160061,3.7913309753904043,3.8022600737090677,3.55761161371466,3.6381612291174825,Method4
69,100,50,0.7,3,wide,5,4,4,4,4,4,20,0.799,0.806,4.2166958286775795,3.8299512147343404,3.892676356328568,3.7216733064807657,4.170346651610983,34,1.092672842948453,3.941033397160061,3.7913309753904043,3.8022600737090677,3.55761161371466,3.6381612291174825,Method4
69,100,50,0.7,3,wide,5,4,4,4,4,4,20,0.799,0.806,4.300286271300126,3.808158175450122,3.938640504865968,3.7370445598520234,4.174830290621958,35,1.0660739440385074,3.941033397160061,3.7913309753904043,3.8022600737090677,3.55761161371466,3.6381612291174825,Method4
69,100,50,0.7,3,wide,5,4,4,4,4,4,20,0.799,0.806,4.347493879223349,3.833121607951841,3.875476439542046,3.6841844477249746,4.144456751529512,36,1.0273316753266077,3.941033397160061,3.7913309753904043,3.8022600737090677,3.55761161371466,3.6381612291174825,Method4
69,100,50,0.7,3,wide,5,4,4,4,4,4,20,0.799,0.806,4.272244933251133,3.879569951460817,3.8859368226809856,3.6906400675059667,4.102953686035153,37,1.0022071101189998,3.941033397160061,3.7913309753904043,3.8022600737090677,3.55761161371466,3.6381612291174825,Method4
69,100,50,0.7,3,wide,5,4,4,4,4,4,20,0.799,0.806,4.273993038242758,3.899337197177232,3.847664305560799,3.6811763159423925,4.097527826683287,38,0.9996363727153134,3.941033397160061,3.7913309753904043,3.8022600737090677,3.55761161371466,3.6381612291174825,Method4
69,100,50,0.7,3,wide,5,4,4,4,4,4,20,0.799,0.806,4.2883381336423065,3.9579077709319224,3.8999651061786547,3.6134632197300953,4.07563692070916,39,0.9810282708080743,3.941033397160061,3.7913309753904043,3.8022600737090677,3.55761161371466,3.6381612291174825,Method4
69,100,50,0.7,3,wide,5,4,4,4,4,4,20,0.799,0.806,4.302360958480341,3.960733251859113,3.9032008962932236,3.618804843357545,4.086579882312696,40,0.9803721526511561,3.941033397160061,3.7913309753904043,3.8022600737090677,3.55761161371466,3.6381612291174825,Method4
69,100,50,0.7,3,wide,5,4,4,4,4,4,20,0.799,0.806,4.320832277010877,3.9263965565355172,3.8044555359051575,3.5331815175786656,3.692869953306415,41,0.7686234758061347,3.941033397160061,3.7913309753904043,3.8022600737090677,3.55761161371466,3.6381612291174825,Method4
69,100,50,0.7,3,wide,5,4,4,4,4,4,20,0.799,0.806,4.485103114959067,3.5911367060932973,4.7754108313057975,5.183626121126381,5.021193310396938,5,29.193152555161877,3.732173889659309,3.5691696709855996,3.4785847424381147,3.8526941309662557,3.738319450522483,Method4
69,100,50,0.7,3,wide,5,4,4,4,4,4,20,0.799,0.806,4.485103114959067,3.5911367060932973,4.7754108313057975,5.183626121126381,5.021193310396938,6,29.193152555161877,3.732173889659309,3.5691696709855996,3.4785847424381147,3.8526941309662557,3.738319450522483,Method4
69,100,50,0.7,3,wide,5,4,4,4,4,4,20,0.799,0.806,4.484901766996732,3.57185123497379,4.7741468650610885,5.185083984393844,5.02201099951036,7,29.19281409036365,3.732173889659309,3.5691696709855996,3.4785847424381147,3.8526941309662557,3.738319450522483,Method4
69,100,50,0.7,3,wide,5,4,4,4,4,4,20,0.799,0.806,4.025322382935053,3.732634705872145,4.2704646096838275,5.096181141448831,4.299394610502053,8,7.28262518693123,3.732173889659309,3.5691696709855996,3.4785847424381147,3.8526941309662557,3.738319450522483,Method4
69,100,50,0.7,3,wide,5,4,4,4,4,4,20,0.799,0.806,4.100539782658147,3.4986108597230694,4.174654977093728,4.9835913234274605,4.301570736820259,9,4.949538893930233,3.732173889659309,3.5691696709855996,3.4785847424381147,3.8526941309662557,3.738319450522483,Method4
69,100,50,0.7,3,wide,5,4,4,4,4,4,20,0.799,0.806,4.095387154895604,3.4433410266380133,4.163375623178439,4.9760156826599,4.302302643426453,10,4.9445976800137155,3.732173889659309,3.5691696709855996,3.4785847424381147,3.8526941309662557,3.738319450522483,Method4
69,100,50,0.7,3,wide,5,4,4,4,4,4,20,0.799,0.806,4.0946633078828825,3.4867607028770364,4.1607938913221165,4.8505577544560765,4.2892618847943496,11,4.928606214650727,3.732173889659309,3.5691696709855996,3.4785847424381147,3.8526941309662557,3.738319450522483,Method4
69,100,50,0.7,3,wide,5,4,4,4,4,4,20,0.799,0.806,4.1023554542853855,3.5116752004210103,3.9620961887533346,4.850769698215833,4.274286804637895,12,4.8857757437943325,3.732173889659309,3.5691696709855996,3.4785847424381147,3.8526941309662557,3.738319450522483,Method4
69,100,50,0.7,3,wide,5,4,4,4,4,4,20,0.799,0.806,4.088920496657561,3.5227825822448153,3.9880775526912804,4.8213300080128905,4.128196151642136,13,4.862716780088077,3.732173889659309,3.5691696709855996,3.4785847424381147,3.8526941309662557,3.738319450522483,Method4
69,100,50,0.7,3,wide,5,4,4,4,4,4,20,0.799,0.806,4.092835672200353,3.5116086686123333,3.9864600643299766,4.810277257716426,4.124027697037122,14,4.861000921845702,3.732173889659309,3.5691696709855996,3.4785847424381147,3.8526941309662557,3.738319450522483,Method4
69,100,50,0.7,3,wide,5,4,4,4,4,4,20,0.799,0.806,4.026872385291752,3.428611824979868,3.9217357666771764,4.921191463496614,4.0939752346668135,15,4.191552930371038,3.732173889659309,3.5691696709855996,3.4785847424381147,3.8526941309662557,3.738319450522483,Method4
69,100,50,0.7,3,wide,5,4,4,4,4,4,20,0.799,0.806,3.849266049831124,3.4349244227392197,3.9761697724252794,4.878548364898508,4.096382720797436,16,4.158711473026809,3.732173889659309,3.5691696709855996,3.4785847424381147,3.8526941309662557,3.738319450522483,Method4
69,100,50,0.7,3,wide,5,4,4,4,4,4,20,0.799,0.806,4.029672561746284,3.336141599013475,3.841989152152895,4.600995364866483,4.0673323779349255,17,3.369357240042864,3.732173889659309,3.5691696709855996,3.4785847424381147,3.8526941309662557,3.738319450522483,Method4
69,100,50,0.7,3,wide,5,4,4,4,4,4,20,0.799,0.806,3.930477145353691,3.4467702457203306,3.86694870040385,4.628402293301513,3.805179470882877,18,3.1876822936311067,3.732173889659309,3.5691696709855996,3.4785847424381147,3.8526941309662557,3.738319450522483,Method4
69,100,50,0.7,3,wide,5,4,4,4,4,4,20,0.799,0.806,4.003083481521079,3.7074228432512935,3.7082681060272304,4.482031946083842,3.807752578425063,19,2.541027621691881,3.732173889659309,3.5691696709855996,3.4785847424381147,3.8526941309662557,3.738319450522483,Method4
69,100,50,0.7,3,wide,5,4,4,4,4,4,20,0.799,0.806,4.108311982776856,3.650167336419994,3.6175640418787194,4.458652903912601,3.8969219250805156,20,2.326141577009692,3.732173889659309,3.5691696709855996,3.4785847424381147,3.8526941309662557,3.738319450522483,Method4
69,100,50,0.7,3,wide,5,4,4,4,4,4,20,0.799,0.806,4.124110259819777,3.7346547963881243,3.570644080519492,4.430933422831336,3.8611056939508956,21,2.216459939820936,3.732173889659309,3.5691696709855996,3.4785847424381147,3.8526941309662557,3.738319450522483,Method4
69,100,50,0.7,3,wide,5,4,4,4,4,4,20,0.799,0.806,4.0630712531317235,3.7024021265253673,3.5706522560278215,4.4172950793583405,3.795489949102997,22,2.1666497551415334,3.732173889659309,3.5691696709855996,3.4785847424381147,3.8526941309662557,3.738319450522483,Method4
69,100,50,0.7,3,wide,5,4,4,4,4,4,20,0.799,0.806,3.9893587094230805,3.7030833429827785,3.571953224189011,4.4118920632905025,3.789677813353027,23,2.157219986218015,3.732173889659309,3.5691696709855996,3.4785847424381147,3.8526941309662557,3.738319450522483,Method4
69,100,50,0.7,3,wide,5,4,4,4,4,4,20,0.799,0.806,3.989160595595501,3.6978308958711077,3.5725442643996033,4.408334565884948,3.774016184402062,24,2.156218222194877,3.732173889659309,3.5691696709855996,3.4785847424381147,3.8526941309662557,3.738319450522483,Method4
69,100,50,0.7,3,wide,5,4,4,4,4,4,20,0.799,0.806,4.098400064901337,3.7521528353406626,3.760895303498778,4.234166961536977,3.7985949001286685,25,1.8641224949551556,3.732173889659309,3.5691696709855996,3.4785847424381147,3.8526941309662557,3.738319450522483,Method4
69,100,50,0.7,3,wide,5,4,4,4,4,4,20,0.799,0.806,4.034222505947664,3.684877038791831,3.7659267950404423,3.951505468495895,3.90328178740391,26,1.7107981569612223,3.732173889659309,3.5691696709855996,3.4785847424381147,3.8526941309662557,3.738319450522483,Method4
69,100,50,0.7,3,wide,5,4,4,4,4,4,20,0.799,0.806,4.011257805682282,3.796534397915127,3.7046331596539908,3.9917049868658268,4.077457005224823,27,1.5422933812453599,3.732173889659309,3.5691696709855996,3.4785847424381147,3.8526941309662557,3.738319450522483,Method4
69,100,50,0.7,3,wide,5,4,4,4,4,4,20,0.799,0.806,4.055133723639598,3.836762139979286,3.65797045724191,3.976800619535028,4.039737177764531,28,1.3926635052433298,3.732173889659309,3.5691696709855996,3.4785847424381147,3.8526941309662557,3.738319450522483,Method4
69,100,50,0.7,3,wide,5,4,4,4,4,4,20,0.799,0.806,4.081081129527959,3.8416606658159766,3.657377358061146,3.973835675486245,4.037610580748792,29,1.3918218153283268,3.732173889659309,3.5691696709855996,3.4785847424381147,3.8526941309662557,3.738319450522483,Method4
69,100,50,0.7,3,wide,5,4,4,4,4,4,20,0.799,0.806,4.102072297857622,3.8897864180136446,3.5293274228817983,4.06480238019967,4.002956321569389,30,1.276005746676048,3.732173889659309,3.5691696709855996,3.4785847424381147,3.8526941309662557,3.738319450522483,Method4
69,100,50,0.7,3,wide,5,4,4,4,4,4,20,0.799,0.806,4.115832536319341,3.8577677920360345,3.534924677104415,4.082557721374283,4.001340484956411,31,1.241015234054582,3.732173889659309,3.5691696709855996,3.4785847424381147,3.8526941309662557,3.738319450522483,Method4
69,100,50,0.7,3,wide,5,4,4,4,4,4,20,0.799,0.806,4.126081123098428,3.866132603915901,3.532239026911723,4.082941086426975,4.001276980642571,32,1.2390876988575041,3.732173889659309,3.5691696709855996,3.4785847424381147,3.8526941309662557,3.738319450522483,Method4
69,100,50,0.7,3,wide,5,4,4,4,4,4,20,0.799,0.806,3.9790375822016673,3.8301819417230827,3.449880909148592,3.932788355598437,3.8375201644177834,33,1.1283554704716205,3.732173889659309,3.5691696709855996,3.4785847424381147,3.8526941309662557,3.738319450522483,Method4
69,100,50,0.7,3,wide,5,4,4,4,4,4,20,0.799,0.806,4.006222447449305,3.8343141402079848,3.5246995756578303,3.9694370984232474,3.831599263953056,34,0.9824345391611985,3.732173889659309,3.5691696709855996,3.4785847424381147,3.8526941309662557,3.738319450522483,Method4
69,100,50,0.7,3,wide,5,4,4,4,4,4,20,0.799,0.806,3.9711381479391674,3.841733216539576,3.516732904855,3.9304069375907145,3.802363748892097,35,0.9755632098440172,3.732173889659309,3.5691696709855996,3.4785847424381147,3.8526941309662557,3.738319450522483,Method4
69,100,50,0.7,3,wide,5,4,4,4,4,4,20,0.799,0.806,3.950012153949486,3.765683617233078,3.47965036010452,3.807176799304691,3.743317866188841,36,0.9264523931606086,3.732173889659309,3.5691696709855996,3.4785847424381147,3.8526941309662557,3.738319450522483,Method4
69,100,50,0.7,3,wide,5,4,4,4,4,4,20,0.799,0.806,3.9592582135788503,3.751122892584337,3.470559439590774,3.811251072259101,3.740967576334131,37,0.9225141573670678,3.732173889659309,3.5691696709855996,3.4785847424381147,3.8526941309662557,3.738319450522483,Method4
69,100,50,0.7,3,wide,5,4,4,4,4,4,20,0.799,0.806,3.9389531613387887,3.758471279389088,3.4721516877492498,3.808227983688256,3.7327422426847816,38,0.921164773842407,3.732173889659309,3.5691696709855996,3.4785847424381147,3.8526941309662557,3.738319450522483,Method4
69,100,50,0.7,3,wide,5,4,4,4,4,4,20,0.799,0.806,3.891880446303979,3.7811710304443507,3.481796243233181,3.82538628306971,3.763195631515813,39,0.8762567269737828,3.732173889659309,3.5691696709855996,3.4785847424381147,3.8526941309662557,3.738319450522483,Method4
69,100,50,0.7,3,wide,5,4,4,4,4,4,20,0.799,0.806,3.8989188820097334,3.793350976402969,3.4533082993118907,3.8360386062132172,3.758782704097065,40,0.8755531631455576,3.732173889659309,3.5691696709855996,3.4785847424381147,3.8526941309662557,3.738319450522483,Method4
69,100,50,0.7,3,wide,5,4,4,4,4,4,20,0.799,0.806,3.894815799411053,3.7617017893461275,3.461634143732132,3.8239918412552347,3.749661377285031,41,0.8727751687880225,3.732173889659309,3.5691696709855996,3.4785847424381147,3.8526941309662557,3.738319450522483,Method4
69,100,50,0.7,3,wide,5,4,4,4,4,4,20,0.799,0.806,3.856824909095306,4.740102350376662,6.291254610309895,3.8102856663244857,3.6753735271153842,5,19.801478857328146,3.661456055886356,3.8178985291933603,3.613788183663139,3.8227540867926053,3.632547341999529,Method4
69,100,50,0.7,3,wide,5,4,4,4,4,4,20,0.799,0.806,3.856824909095306,4.740102350376662,6.291254610309895,3.8102856663244857,3.6753735271153842,6,19.801478857328146,3.661456055886356,3.8178985291933603,3.613788183663139,3.8227540867926053,3.632547341999529,Method4
69,100,50,0.7,3,wide,5,4,4,4,4,4,20,0.799,0.806,3.8495218663500146,4.784199854230473,5.759482465585743,3.802487243661424,3.590981771477285,7,19.52260256263801,3.661456055886356,3.8178985291933603,3.613788183663139,3.8227540867926053,3.632547341999529,Method4
69,100,50,0.7,3,wide,5,4,4,4,4,4,20,0.799,0.806,4.405468344442822,4.633632432267139,4.70376685573899,4.326095814102901,3.92206372609155,8,9.022627221663766,3.661456055886356,3.8178985291933603,3.613788183663139,3.8227540867926053,3.632547341999529,Method4
69,100,50,0.7,3,wide,5,4,4,4,4,4,20,0.799,0.806,4.379203286529089,4.64870264349866,4.55710792893468,4.312132032407398,3.9343334351916126,9,8.991804920070464,3.661456055886356,3.8178985291933603,3.613788183663139,3.8227540867926053,3.632547341999529,Method4
69,100,50,0.7,3,wide,5,4,4,4,4,4,20,0.799,0.806,4.221009588616541,4.511495695559003,4.139004773064026,4.556058996205875,4.117255447005263,10,3.7910207797918347,3.661456055886356,3.8178985291933603,3.613788183663139,3.8227540867926053,3.632547341999529,Method4
69,100,50,0.7,3,wide,5,4,4,4,4,4,20,0.799,0.806,4.165391745059692,4.4711339240303065,4.012229489146291,4.540103259304158,4.089907551512225,11,3.412083184873865,3.661456055886356,3.8178985291933603,3.613788183663139,3.8227540867926053,3.632547341999529,Method4
69,100,50,0.7,3,wide,5,4,4,4,4,4,20,0.799,0.806,4.160993928091607,4.510897179760814,3.9997527599383207,4.50752672049866,3.51442402517151,12,3.132250601502695,3.661456055886356,3.8178985291933603,3.613788183663139,3.8227540867926053,3.632547341999529,Method4
69,100,50,0.7,3,wide,5,4,4,4,4,4,20,0.799,0.806,4.203609314971098,4.583858941881906,3.798073751651706,4.453729986506035,3.471539387277326,13,2.8682174062268344,3.661456055886356,3.8178985291933603,3.613788183663139,3.8227540867926053,3.632547341999529,Method4
69,100,50,0.7,3,wide,5,4,4,4,4,4,20,0.799,0.806,4.194707805779322,4.5814456774473005,3.657834192207167,4.514763375351611,3.7267531611779026,14,2.336001827263385,3.661456055886356,3.8178985291933603,3.613788183663139,3.8227540867926053,3.632547341999529,Method4
69,100,50,0.7,3,wide,5,4,4,4,4,4,20,0.799,0.806,4.197963585368659,4.102183648456821,3.6133430866703162,4.605744342977419,3.6883025562680256,15,2.130635446958306,3.661456055886356,3.8178985291933603,3.613788183663139,3.8227540867926053,3.632547341999529,Method4
69,100,50,0.7,3,wide,5,4,4,4,4,4,20,0.799,0.806,4.191596100594108,4.226437557599405,3.593853663409184,4.60149420771148,3.8657874808997983,16,1.9792480231464056,3.661456055886356,3.8178985291933603,3.613788183663139,3.8227540867926053,3.632547341999529,Method4
69,100,50,0.7,3,wide,5,4,4,4,4,4,20,0.799,0.806,4.20662356297541,4.231668590293622,3.6130122044051283,4.589507029979588,3.8598844563071766,17,1.9189870893447756,3.661456055886356,3.8178985291933603,3.613788183663139,3.8227540867926053,3.632547341999529,Method4
69,100,50,0.7,3,wide,5,4,4,4,4,4,20,0.799,0.806,4.20780035271999,4.249410878152222,3.664352543503268,4.533004050257163,3.8844921742980807,18,1.8539320573878337,3.661456055886356,3.8178985291933603,3.613788183663139,3.8227540867926053,3.632547341999529,Method4
69,100,50,0.7,3,wide,5,4,4,4,4,4,20,0.799,0.806,4.201650578468157,4.30164918139876,3.5782182101764537,4.549040444186727,3.8975303437170434,19,1.6588877223159582,3.661456055886356,3.8178985291933603,3.613788183663139,3.8227540867926053,3.632547341999529,Method4
69,100,50,0.7,3,wide,5,4,4,4,4,4,20,0.799,0.806,4.067655066355476,4.307699881921306,3.598348808256602,4.5535430577076985,3.901092114330142,20,1.6374603524371807,3.661456055886356,3.8178985291933603,3.613788183663139,3.8227540867926053,3.632547341999529,Method4
69,100,50,0.7,3,wide,5,4,4,4,4,4,20,0.799,0.806,3.9387200504683815,4.348599212513984,3.7743965089259364,4.549099272681222,4.025963259710454,21,1.4407798421961564,3.661456055886356,3.8178985291933603,3.613788183663139,3.8227540867926053,3.632547341999529,Method4
69,100,50,0.7,3,wide,5,4,4,4,4,4,20,0.799,0.806,3.967206823815421,4.391573895751741,3.675731776450416,4.50838740941743,4.066205641076443,22,1.3653737134594743,3.661456055886356,3.8178985291933603,3.613788183663139,3.8227540867926053,3.632547341999529,Method4
69,100,50,0.7,3,wide,5,4,4,4,4,4,20,0.799,0.806,4.026334069430729,4.461518624801569,3.6580622430993524,4.567742065754033,4.043312841742461,23,1.1742008480770172,3.661456055886356,3.8178985291933603,3.613788183663139,3.8227540867926053,3.632547341999529,Method4
69,100,50,0.7,3,wide,5,4,4,4,4,4,20,0.799,0.806,4.026057649803212,4.460398284848141,3.655408654673297,4.567393849211801,4.037960230053449,24,1.1741426253501386,3.661456055886356,3.8178985291933603,3.613788183663139,3.8227540867926053,3.632547341999529,Method4
69,100,50,0.7,3,wide,5,4,4,4,4,4,20,0.799,0.806,4.001733611305711,4.420995799358979,3.5870455999261424,4.577569079421203,4.008637387458611,25,1.1267315881569315,3.661456055886356,3.8178985291933603,3.613788183663139,3.8227540867926053,3.632547341999529,Method4
69,100,50,0.7,3,wide,5,4,4,4,4,4,20,0.799,0.806,3.87232345441887,4.481341867457979,3.6127785253688227,4.021206073223835,3.949984140462688,26,0.9724859608019529,3.661456055886356,3.8178985291933603,3.613788183663139,3.8227540867926053,3.632547341999529,Method4
69,100,50,0.7,3,wide,5,4,4,4,4,4,20,0.799,0.806,3.894492039578884,4.532403413400429,3.605063683277865,3.6457852658042897,3.971975211273032,27,0.8809422621044344,3.661456055886356,3.8178985291933603,3.613788183663139,3.8227540867926053,3.632547341999529,Method4
69,100,50,0.7,3,wide,5,4,4,4,4,4,20,0.799,0.806,3.881384164181985,4.537987632542236,3.6161640868620304,3.6438897958102237,3.9683081237875193,28,0.8763384601430054,3.661456055886356,3.8178985291933603,3.613788183663139,3.8227540867926053,3.632547341999529,Method4
69,100,50,0.7,3,wide,5,4,4,4,4,4,20,0.799,0.806,3.8752697988471563,4.538151625766763,3.6110580152138314,3.644082297311373,3.9670225015002476,29,0.8761338679240117,3.661456055886356,3.8178985291933603,3.613788183663139,3.8227540867926053,3.632547341999529,Method4
69,100,50,0.7,3,wide,5,4,4,4,4,4,20,0.799,0.806,3.867092704761662,4.547114586311256,3.5949078809299744,3.6418575773399358,4.021794329297947,30,0.8693163220786947,3.661456055886356,3.8178985291933603,3.613788183663139,3.8227540867926053,3.632547341999529,Method4
69,100,50,0.7,3,wide,5,4,4,4,4,4,20,0.799,0.806,3.798735788798023,4.540131794409082,3.5351180934592867,3.6376579564395453,3.9403919726695684,31,0.7955925287031055,3.661456055886356,3.8178985291933603,3.613788183663139,3.8227540867926053,3.632547341999529,Method4
69,100,50,0.7,3,wide,5,4,4,4,4,4,20,0.799,0.806,3.799171128028548,4.54501396492435,3.533000033725601,3.609525503304869,3.9295302442202824,32,0.794239674656442,3.661456055886356,3.8178985291933603,3.613788183663139,3.8227540867926053,3.632547341999529,Method4
69,100,50,0.7,3,wide,5,4,4,4,4,4,20,0.799,0.806,3.744077498614897,4.5985095340286275,3.6555768241620843,3.6224671978698963,3.9801020763937367,33,0.7002958411833993,3.661456055886356,3.8178985291933603,3.613788183663139,3.8227540867926053,3.632547341999529,Method4
69,100,50,0.7,3,wide,5,4,4,4,4,4,20,0.799,0.806,3.7505524671929042,4.537116063289466,3.682994369515826,3.637178136493531,3.971597239159216,34,0.6939231620960213,3.661456055886356,3.8178985291933603,3.613788183663139,3.8227540867926053,3.632547341999529,Method4
69,100,50,0.7,3,wide,5,4,4,4,4,4,20,0.799,0.806,3.7142157571738506,4.538385677574759,3.692559051301021,3.652541650024594,3.9788504395722155,35,0.6917282248482113,3.661456055886356,3.8178985291933603,3.613788183663139,3.8227540867926053,3.632547341999529,Method4
69,100,50,0.7,3,wide,5,4,4,4,4,4,20,0.799,0.806,3.7270009516246905,4.537725799471176,3.714249254549006,3.662184730529265,3.964832932962329,36,0.6840932441891147,3.661456055886356,3.8178985291933603,3.613788183663139,3.8227540867926053,3.632547341999529,Method4
69,100,50,0.7,3,wide,5,4,4,4,4,4,20,0.799,0.806,3.6598102372467842,4.559228734864886,3.696384507965166,3.4119301783745946,4.00723534141452,37,0.6185282294154362,3.661456055886356,3.8178985291933603,3.613788183663139,3.8227540867926053,3.632547341999529,Method4
69,100,50,0.7,3,wide,5,4,4,4,4,4,20,0.799,0.806,3.7174892305976686,4.552538404168414,3.7240338260865498,3.3853653380779996,3.9587267189937707,38,0.6021550553382778,3.661456055886356,3.8178985291933603,3.613788183663139,3.8227540867926053,3.632547341999529,Method4
69,100,50,0.7,3,wide,5,4,4,4,4,4,20,0.799,0.806,3.7286218664563227,4.563856393767076,3.7278158180777963,3.3545522397239385,4.035739340217051,39,0.5953854436161925,3.661456055886356,3.8178985291933603,3.613788183663139,3.8227540867926053,3.632547341999529,Method4
69,100,50,0.7,3,wide,5,4,4,4,4,4,20,0.799,0.806,3.7416839547612586,4.568668216418429,3.763022544011877,3.35121996362466,4.046259844051161,40,0.5939087938818509,3.661456055886356,3.8178985291933603,3.613788183663139,3.8227540867926053,3.632547341999529,Method4
69,100,50,0.7,3,wide,5,4,4,4,4,4,20,0.799,0.806,3.772773020252445,4.677246488181569,3.744213884765521,3.401113186003649,4.112169134320867,41,0.5779889373453977,3.661456055886356,3.8178985291933603,3.613788183663139,3.8227540867926053,3.632547341999529,Method4
69,100,50,0.7,3,wide,5,4,4,4,4,4,20,0.799,0.806,4.087237766445776,4.632683209196812,3.4597865310339375,4.208375241578125,4.613786261453347,5,24.704296033388793,3.581904603323189,3.7149346670174928,3.480396698847364,3.54346554276554,3.8238446995796993,Method4
69,100,50,0.7,3,wide,5,4,4,4,4,4,20,0.799,0.806,4.087237766445776,4.632683209196812,3.4597865310339375,4.208375241578125,4.613786261453347,6,24.704296033388793,3.581904603323189,3.7149346670174928,3.480396698847364,3.54346554276554,3.8238446995796993,Method4
69,100,50,0.7,3,wide,5,4,4,4,4,4,20,0.799,0.806,4.196907093357835,4.395093626574534,3.39035042216937,4.133174584191816,4.12219821082049,7,10.347042942091864,3.581904603323189,3.7149346670174928,3.480396698847364,3.54346554276554,3.8238446995796993,Method4
69,100,50,0.7,3,wide,5,4,4,4,4,4,20,0.799,0.806,4.289260391133653,4.426216168698024,3.30534524357723,4.476941342849504,4.280509058549426,8,7.276602964849321,3.581904603323189,3.7149346670174928,3.480396698847364,3.54346554276554,3.8238446995796993,Method4
69,100,50,0.7,3,wide,5,4,4,4,4,4,20,0.799,0.806,4.167091371393268,4.441686663194508,3.3572615535224797,4.429274986636354,4.315828077678064,9,6.095898198604243,3.581904603323189,3.7149346670174928,3.480396698847364,3.54346554276554,3.8238446995796993,Method4
69,100,50,0.7,3,wide,5,4,4,4,4,4,20,0.799,0.806,4.114467544851328,4.354363567170486,3.4395000503758273,3.5392123268177684,4.415132070440272,10,5.378315734061428,3.581904603323189,3.7149346670174928,3.480396698847364,3.54346554276554,3.8238446995796993,Method4
69,100,50,0.7,3,wide,5,4,4,4,4,4,20,0.799,0.806,4.222663226850046,4.2396388214878264,3.5555579225962344,3.6427464212266445,4.4995991998061395,11,4.9444211219082534,3.581904603323189,3.7149346670174928,3.480396698847364,3.54346554276554,3.8238446995796993,Method4
69,100,50,0.7,3,wide,5,4,4,4,4,4,20,0.799,0.806,3.730494519314897,4.248207147252846,3.5709324027981943,3.6864509189660652,4.466310154646394,12,4.591843044939661,3.581904603323189,3.7149346670174928,3.480396698847364,3.54346554276554,3.8238446995796993,Method4
69,100,50,0.7,3,wide,5,4,4,4,4,4,20,0.799,0.806,3.7168619700046945,4.259281197089948,3.6382675240913858,3.73233867490342,4.425381864004927,13,4.3505981367059245,3.581904603323189,3.7149346670174928,3.480396698847364,3.54346554276554,3.8238446995796993,Method4
69,100,50,0.7,3,wide,5,4,4,4,4,4,20,0.799,0.806,3.705868611595312,3.9235589006562566,3.6456126399728683,3.7054480560456047,4.408237139028702,14,4.248236502152664,3.581904603323189,3.7149346670174928,3.480396698847364,3.54346554276554,3.8238446995796993,Method4
69,100,50,0.7,3,wide,5,4,4,4,4,4,20,0.799,0.806,3.8331780360132184,3.7416160885454444,3.5116045935393294,3.5133383714561943,4.264621168577816,15,3.4861138167339676,3.581904603323189,3.7149346670174928,3.480396698847364,3.54346554276554,3.8238446995796993,Method4
69,100,50,0.7,3,wide,5,4,4,4,4,4,20,0.799,0.806,3.933733594757089,3.4083573640478044,3.442011316930129,3.6128021163794934,4.4112172420302915,16,3.2344626793607034,3.581904603323189,3.7149346670174928,3.480396698847364,3.54346554276554,3.8238446995796993,Method4
69,100,50,0.7,3,wide,5,4,4,4,4,4,20,0.799,0.806,4.015602741727831,3.521223627003252,3.447070189129854,3.8442494881797287,4.387149762207505,17,2.693023208737332,3.581904603323189,3.7149346670174928,3.480396698847364,3.54346554276554,3.8238446995796993,Method4
69,100,50,0.7,3,wide,5,4,4,4,4,4,20,0.799,0.806,3.9364405043717383,3.4797789539406647,3.445062910602072,3.840089730858789,4.125375941707507,18,2.6465757929938603,3.581904603323189,3.7149346670174928,3.480396698847364,3.54346554276554,3.8238446995796993,Method4
69,100,50,0.7,3,wide,5,4,4,4,4,4,20,0.799,0.806,3.792889172974532,3.5413175223453073,3.4383442056689364,3.873568200030002,4.16420538039906,19,2.477473652236054,3.581904603323189,3.7149346670174928,3.480396698847364,3.54346554276554,3.8238446995796993,Method4
69,100,50,0.7,3,wide,5,4,4,4,4,4,20,0.799,0.806,3.834233750337672,3.544566455054681,3.4581792488875633,3.8306723116964996,4.145100097850655,20,2.448367065742752,3.581904603323189,3.7149346670174928,3.480396698847364,3.54346554276554,3.8238446995796993,Method4
69,100,50,0.7,3,wide,5,4,4,4,4,4,20,0.799,0.806,3.8198505839612666,3.580175283790829,3.5063587788191097,3.9034023407924434,4.204424814231699,21,2.3742449013683573,3.581904603323189,3.7149346670174928,3.480396698847364,3.54346554276554,3.8238446995796993,Method4
69,100,50,0.7,3,wide,5,4,4,4,4,4,20,0.799,0.806,3.8513508583882983,3.8619395362817235,3.445952096163746,4.0430145058318265,4.266262382550074,22,2.0799301004343946,3.581904603323189,3.7149346670174928,3.480396698847364,3.54346554276554,3.8238446995796993,Method4
69,100,50,0.7,3,wide,5,4,4,4,4,4,20,0.799,0.806,3.5194527090177123,3.955889662809142,3.494976297390396,4.001304478966383,4.130684975190841,23,1.82885947164858,3.581904603323189,3.7149346670174928,3.480396698847364,3.54346554276554,3.8238446995796993,Method4
69,100,50,0.7,3,wide,5,4,4,4,4,4,20,0.799,0.806,3.5204518492064016,3.95290238091087,3.493082272093746,4.005569911634479,4.134372504626163,24,1.828349970846241,3.581904603323189,3.7149346670174928,3.480396698847364,3.54346554276554,3.8238446995796993,Method4
69,100,50,0.7,3,wide,5,4,4,4,4,4,20,0.799,0.806,3.584575934434842,4.079999839864772,3.502057253793144,4.036315213674301,4.143918242465176,25,1.5884264664582097,3.581904603323189,3.7149346670174928,3.480396698847364,3.54346554276554,3.8238446995796993,Method4
69,100,50,0.7,3,wide,5,4,4,4,4,4,20,0.799,0.806,3.5111628459220823,3.9928314378275336,3.5044419837122263,4.014199880603366,4.082458974036823,26,1.5011536128962706,3.581904603323189,3.7149346670174928,3.480396698847364,3.54346554276554,3.8238446995796993,Method4
69,100,50,0.7,3,wide,5,4,4,4,4,4,20,0.799,0.806,3.5127241040169856,3.993405972473945,3.5037997523415654,4.015864435553285,4.084058403908635,27,1.5011439216241493,3.581904603323189,3.7149346670174928,3.480396698847364,3.54346554276554,3.8238446995796993,Method4
69,100,50,0.7,3,wide,5,4,4,4,4,4,20,0.799,0.806,3.5369885140728194,3.915583825434295,3.537000997609593,3.971287369679106,4.1538571210646476,28,1.4879107352511016,3.581904603323189,3.7149346670174928,3.480396698847364,3.54346554276554,3.8238446995796993,Method4
69,100,50,0.7,3,wide,5,4,4,4,4,4,20,0.799,0.806,3.551960062679122,3.927000079786121,3.56995675361549,3.8703736581977704,4.161448731506393,29,1.4667477272847775,3.581904603323189,3.7149346670174928,3.480396698847364,3.54346554276554,3.8238446995796993,Method4
69,100,50,0.7,3,wide,5,4,4,4,4,4,20,0.799,0.806,3.570445505174527,3.981827308840167,3.582534695822298,3.736965992297771,4.152128128598859,30,1.4207227742725705,3.581904603323189,3.7149346670174928,3.480396698847364,3.54346554276554,3.8238446995796993,Method4
69,100,50,0.7,3,wide,5,4,4,4,4,4,20,0.799,0.806,3.5339905743224413,3.9320159171055478,3.5585710464151026,3.5473983782015543,4.07318160939156,31,1.3455714681665871,3.581904603323189,3.7149346670174928,3.480396698847364,3.54346554276554,3.8238446995796993,Method4
69,100,50,0.7,3,wide,5,4,4,4,4,4,20,0.799,0.806,3.6169528208350235,3.870486375527204,3.173056061745148,3.439333551008736,4.125680886541003,32,1.224222701866868,3.581904603323189,3.7149346670174928,3.480396698847364,3.54346554276554,3.8238446995796993,Method4
69,100,50,0.7,3,wide,5,4,4,4,4,4,20,0.799,0.806,3.6282243347580416,3.844568530294257,3.24856970695623,3.4432879762380275,4.07433238961329,33,1.2089486562010328,3.581904603323189,3.7149346670174928,3.480396698847364,3.54346554276554,3.8238446995796993,Method4
69,100,50,0.7,3,wide,5,4,4,4,4,4,20,0.799,0.806,3.6819236041077406,3.709994758086271,3.339252990398989,3.4093553190743675,4.088419078919232,34,1.1612505521635554,3.581904603323189,3.7149346670174928,3.480396698847364,3.54346554276554,3.8238446995796993,Method4
69,100,50,0.7,3,wide,5,4,4,4,4,4,20,0.799,0.806,3.695904401810243,3.85740413584617,3.2888805466291404,3.5822359191897775,3.719853330984136,35,0.9849000570613733,3.581904603323189,3.7149346670174928,3.480396698847364,3.54346554276554,3.8238446995796993,Method4
69,100,50,0.7,3,wide,5,4,4,4,4,4,20,0.799,0.806,3.6892033657751893,3.7150815378910984,3.3354639365974847,3.634358678267997,3.6165708161501384,36,0.8621568991563016,3.581904603323189,3.7149346670174928,3.480396698847364,3.54346554276554,3.8238446995796993,Method4
69,100,50,0.7,3,wide,5,4,4,4,4,4,20,0.799,0.806,3.686375222900326,3.715747497103217,3.3349380522381167,3.630983125299972,3.62377846567031,37,0.8616347289000172,3.581904603323189,3.7149346670174928,3.480396698847364,3.54346554276554,3.8238446995796993,Method4
69,100,50,0.7,3,wide,5,4,4,4,4,4,20,0.799,0.806,3.74821456255536,3.6376972134770478,3.3041957888447446,3.5825376957038846,3.5285841999997207,38,0.8329974308457542,3.581904603323189,3.7149346670174928,3.480396698847364,3.54346554276554,3.8238446995796993,Method4
69,100,50,0.7,3,wide,5,4,4,4,4,4,20,0.799,0.806,3.7459864614005673,3.599575378524543,3.3065387757839697,3.57634037943685,3.5614974318961803,39,0.8233884566758615,3.581904603323189,3.7149346670174928,3.480396698847364,3.54346554276554,3.8238446995796993,Method4
69,100,50,0.7,3,wide,5,4,4,4,4,4,20,0.799,0.806,3.7778188382839337,3.538709411259294,3.333078441484196,3.5061052323636885,3.5256116886066833,40,0.8143949867060535,3.581904603323189,3.7149346670174928,3.480396698847364,3.54346554276554,3.8238446995796993,Method4
69,100,50,0.7,3,wide,5,4,4,4,4,4,20,0.799,0.806,3.7838174898326145,3.5159685099278293,3.354134320244234,3.4971206786917164,3.504594878476081,41,0.8122346679371704,3.581904603323189,3.7149346670174928,3.480396698847364,3.54346554276554,3.8238446995796993,Method4
69,100,50,0.7,3,wide,5,4,4,4,4,4,20,0.799,0.806,3.5623011484607616,4.130521240992819,4.748844954087979,5.129353373449278,5.31365755404435,5,17.73785569189865,3.62271826403491,3.53297462576089,3.7907862951778872,3.927291033835837,3.875136628070865,Method4
69,100,50,0.7,3,wide,5,4,4,4,4,4,20,0.799,0.806,3.5623011484607616,4.130521240992819,4.748844954087979,5.129353373449278,5.31365755404435,6,17.73785569189865,3.62271826403491,3.53297462576089,3.7907862951778872,3.927291033835837,3.875136628070865,Method4
69,100,50,0.7,3,wide,5,4,4,4,4,4,20,0.799,0.806,3.7227059417220145,3.9874220244803618,4.3962712026709125,4.875149813933889,4.609567014433974,7,6.5371004319851655,3.62271826403491,3.53297462576089,3.7907862951778872,3.927291033835837,3.875136628070865,Method4
69,100,50,0.7,3,wide,5,4,4,4,4,4,20,0.799,0.806,3.614144247622879,3.975393747258596,4.399411192546376,4.855185782044702,4.635138727009982,8,6.526527324310033,3.62271826403491,3.53297462576089,3.7907862951778872,3.927291033835837,3.875136628070865,Method4
69,100,50,0.7,3,wide,5,4,4,4,4,4,20,0.799,0.806,3.7346594440913172,3.927420456930302,4.510408774177898,4.737115267571021,4.3745763455670135,9,4.977687729184922,3.62271826403491,3.53297462576089,3.7907862951778872,3.927291033835837,3.875136628070865,Method4
69,100,50,0.7,3,wide,5,4,4,4,4,4,20,0.799,0.806,3.5412459220837125,3.8080102542395906,4.56747914852492,4.607010794290556,4.378855526929127,10,4.622058157702693,3.62271826403491,3.53297462576089,3.7907862951778872,3.927291033835837,3.875136628070865,Method4
69,100,50,0.7,3,wide,5,4,4,4,4,4,20,0.799,0.806,3.3924951512939465,3.8852767654218576,4.691932247724921,4.694097799532483,4.140913807380588,11,3.0298101357984564,3.62271826403491,3.53297462576089,3.7907862951778872,3.927291033835837,3.875136628070865,Method4
69,100,50,0.7,3,wide,5,4,4,4,4,4,20,0.799,0.806,3.477042636284753,3.8770601444154575,4.6071114651353025,4.739852546303131,4.213147823357476,12,2.884654897250831,3.62271826403491,3.53297462576089,3.7907862951778872,3.927291033835837,3.875136628070865,Method4
69,100,50,0.7,3,wide,5,4,4,4,4,4,20,0.799,0.806,3.430727861243731,3.842565390041039,4.243638481251299,4.741327217307407,4.142255670162285,13,2.702249030281463,3.62271826403491,3.53297462576089,3.7907862951778872,3.927291033835837,3.875136628070865,Method4
69,100,50,0.7,3,wide,5,4,4,4,4,4,20,0.799,0.806,3.403666575084691,3.840106229920127,4.251748198296735,4.74939639704743,4.237189826312422,14,2.6970995325737337,3.62271826403491,3.53297462576089,3.7907862951778872,3.927291033835837,3.875136628070865,Method4
69,100,50,0.7,3,wide,5,4,4,4,4,4,20,0.799,0.806,3.4380330805074935,3.8731626085579163,4.193727851430904,4.810061916795345,4.294251420201731,15,2.582473011934926,3.62271826403491,3.53297462576089,3.7907862951778872,3.927291033835837,3.875136628070865,Method4
69,100,50,0.7,3,wide,5,4,4,4,4,4,20,0.799,0.806,3.1272366543613046,3.897021407300209,4.250935527027988,4.8006470038561115,4.356956475503454,16,2.393297185515182,3.62271826403491,3.53297462576089,3.7907862951778872,3.927291033835837,3.875136628070865,Method4
69,100,50,0.7,3,wide,5,4,4,4,4,4,20,0.799,0.806,3.183662770220774,3.9408221827889176,4.285207236741479,4.2899976892425276,4.397218047790641,17,2.195707274405415,3.62271826403491,3.53297462576089,3.7907862951778872,3.927291033835837,3.875136628070865,Method4
69,100,50,0.7,3,wide,5,4,4,4,4,4,20,0.799,0.806,3.2277102374324778,3.933059745772504,4.226121912639991,4.288655562982488,4.386174536437919,18,2.1297147435736266,3.62271826403491,3.53297462576089,3.7907862951778872,3.927291033835837,3.875136628070865,Method4
69,100,50,0.7,3,wide,5,4,4,4,4,4,20,0.799,0.806,3.214117515665734,3.9278154091061,4.2183115132697875,4.305777283875196,4.408221450281626,19,2.1156089510307208,3.62271826403491,3.53297462576089,3.7907862951778872,3.927291033835837,3.875136628070865,Method4
69,100,50,0.7,3,wide,5,4,4,4,4,4,20,0.799,0.806,3.3396801963683003,3.9710622552002732,4.138650419432183,4.309657962374745,4.346227456128469,20,2.0252065726072233,3.62271826403491,3.53297462576089,3.7907862951778872,3.927291033835837,3.875136628070865,Method4
69,100,50,0.7,3,wide,5,4,4,4,4,4,20,0.799,0.806,3.342577222823737,3.9462931716110363,4.139740226841341,4.310433416130462,4.343343589253716,21,2.0248123618309517,3.62271826403491,3.53297462576089,3.7907862951778872,3.927291033835837,3.875136628070865,Method4
69,100,50,0.7,3,wide,5,4,4,4,4,4,20,0.799,0.806,3.2654561585536466,3.8676562969817705,3.7549409818992006,4.247858044107475,4.500523231677518,22,1.791980706471839,3.62271826403491,3.53297462576089,3.7907862951778872,3.927291033835837,3.875136628070865,Method4
69,100,50,0.7,3,wide,5,4,4,4,4,4,20,0.799,0.806,3.287797494025989,3.900573100249,3.7844635049520923,4.29415848217374,4.520044127539699,23,1.7207165415708647,3.62271826403491,3.53297462576089,3.7907862951778872,3.927291033835837,3.875136628070865,Method4
69,100,50,0.7,3,wide,5,4,4,4,4,4,20,0.799,0.806,3.2948769995943143,3.902949220663154,3.76158690796417,4.282994812920297,4.5042400954128246,24,1.7147872745436152,3.62271826403491,3.53297462576089,3.7907862951778872,3.927291033835837,3.875136628070865,Method4
69,100,50,0.7,3,wide,5,4,4,4,4,4,20,0.799,0.806,3.1842983153117093,3.9247579715615855,3.6450439805672943,4.254924637387069,4.484417215381874,25,1.4927913801283421,3.62271826403491,3.53297462576089,3.7907862951778872,3.927291033835837,3.875136628070865,Method4
69,100,50,0.7,3,wide,5,4,4,4,4,4,20,0.799,0.806,3.225381056509152,3.9348981300159314,3.667382723304707,4.170361580453554,4.492467104927307,26,1.481518193713708,3.62271826403491,3.53297462576089,3.7907862951778872,3.927291033835837,3.875136628070865,Method4
69,100,50,0.7,3,wide,5,4,4,4,4,4,20,0.799,0.806,3.120837320234249,3.8878330581471174,3.664402013027877,4.125556744280228,4.525369956316843,27,1.3894988448523609,3.62271826403491,3.53297462576089,3.7907862951778872,3.927291033835837,3.875136628070865,Method4
69,100,50,0.7,3,wide,5,4,4,4,4,4,20,0.799,0.806,3.1074905545056386,3.9001575708933998,3.650343647468893,4.226405043911132,4.5685269524657235,28,1.3731283695895773,3.62271826403491,3.53297462576089,3.7907862951778872,3.927291033835837,3.875136628070865,Method4
69,100,50,0.7,3,wide,5,4,4,4,4,4,20,0.799,0.806,3.1668564872182925,3.9181883247111666,3.62960271553344,4.308230481561339,4.415486345914668,29,1.296920282395905,3.62271826403491,3.53297462576089,3.7907862951778872,3.927291033835837,3.875136628070865,Method4
69,100,50,0.7,3,wide,5,4,4,4,4,4,20,0.799,0.806,3.1260714459258634,3.960701122494686,3.6476037861359965,4.272718356959218,4.391161648264178,30,1.2601634817641572,3.62271826403491,3.53297462576089,3.7907862951778872,3.927291033835837,3.875136628070865,Method4
69,100,50,0.7,3,wide,5,4,4,4,4,4,20,0.799,0.806,3.2564274106105833,3.9215111093966093,3.616994469618392,4.359624105306342,4.566849992745844,31,1.0077088829240728,3.62271826403491,3.53297462576089,3.7907862951778872,3.927291033835837,3.875136628070865,Method4
69,100,50,0.7,3,wide,5,4,4,4,4,4,20,0.799,0.806,3.2554357710927566,3.923459253929733,3.6179612431945087,4.360540380549703,4.566856752992236,32,1.0076170309931864,3.62271826403491,3.53297462576089,3.7907862951778872,3.927291033835837,3.875136628070865,Method4
69,100,50,0.7,3,wide,5,4,4,4,4,4,20,0.799,0.806,3.2923193762144587,3.780932377247786,3.593769095198065,4.489814432566441,4.47726583964484,33,0.9727241769738845,3.62271826403491,3.53297462576089,3.7907862951778872,3.927291033835837,3.875136628070865,Method4
69,100,50,0.7,3,wide,5,4,4,4,4,4,20,0.799,0.806,3.2982442927234668,3.695412725801757,3.5931133481496405,4.417202749967658,4.491727973770571,34,0.9358291888768735,3.62271826403491,3.53297462576089,3.7907862951778872,3.927291033835837,3.875136628070865,Method4
69,100,50,0.7,3,wide,5,4,4,4,4,4,20,0.799,0.806,3.271654823725956,3.655099005933295,3.5992037997051645,4.408099905479671,4.474911782140606,35,0.9158838948940844,3.62271826403491,3.53297462576089,3.7907862951778872,3.927291033835837,3.875136628070865,Method4
69,100,50,0.7,3,wide,5,4,4,4,4,4,20,0.799,0.806,3.3032499620361775,3.6760115318274598,3.6103369773046854,4.393070585602169,4.447488489262024,36,0.8565115430490632,3.62271826403491,3.53297462576089,3.7907862951778872,3.927291033835837,3.875136628070865,Method4
69,100,50,0.7,3,wide,5,4,4,4,4,4,20,0.799,0.806,3.3238518380798765,3.6568943518642807,3.6088444316850543,4.361191863076795,4.334640782171945,37,0.8408225339304302,3.62271826403491,3.53297462576089,3.7907862951778872,3.927291033835837,3.875136628070865,Method4
69,100,50,0.7,3,wide,5,4,4,4,4,4,20,0.799,0.806,3.332882209150716,3.6442925826112846,3.5919805607644983,4.388421659355114,4.399337633276774,38,0.8264522344485112,3.62271826403491,3.53297462576089,3.7907862951778872,3.927291033835837,3.875136628070865,Method4
69,100,50,0.7,3,wide,5,4,4,4,4,4,20,0.799,0.806,3.336375316520378,3.6476360331040145,3.596524212646473,4.386779104070359,4.404975734497463,39,0.8263569988318062,3.62271826403491,3.53297462576089,3.7907862951778872,3.927291033835837,3.875136628070865,Method4
69,100,50,0.7,3,wide,5,4,4,4,4,4,20,0.799,0.806,3.3487460548748023,3.626717798660373,3.600672996825842,4.4015042062652725,4.401384291139221,40,0.8248325136197238,3.62271826403491,3.53297462576089,3.7907862951778872,3.927291033835837,3.875136628070865,Method4
69,100,50,0.7,3,wide,5,4,4,4,4,4,20,0.799,0.806,3.357515907905354,3.6295255459468643,3.583068831740322,4.406356115728734,4.393232950742487,41,0.8239553929052738,3.62271826403491,3.53297462576089,3.7907862951778872,3.927291033835837,3.875136628070865,Method4
69,100,50,0.7,3,wide,5,4,4,4,4,4,20,0.799,0.806,4.710412078700955,3.629375625822776,4.453405191821059,5.03703784425231,5.356797559500239,5,17.172795945518857,3.476769106538941,3.7343059742409856,3.8928784594808215,3.8169900515029402,3.770150456178214,Method4
69,100,50,0.7,3,wide,5,4,4,4,4,4,20,0.799,0.806,4.710412078700955,3.629375625822776,4.453405191821059,5.03703784425231,5.356797559500239,6,17.172795945518857,3.476769106538941,3.7343059742409856,3.8928784594808215,3.8169900515029402,3.770150456178214,Method4
69,100,50,0.7,3,wide,5,4,4,4,4,4,20,0.799,0.806,3.3915063665623064,3.85234782028093,4.486614253893906,4.948671141142482,5.253719491118918,7,15.823390250357706,3.476769106538941,3.7343059742409856,3.8928784594808215,3.8169900515029402,3.770150456178214,Method4
69,100,50,0.7,3,wide,5,4,4,4,4,4,20,0.799,0.806,3.3962434753960675,3.905124121444855,4.475211329120113,4.942485562286978,5.248975359370372,8,15.820636213562404,3.476769106538941,3.7343059742409856,3.8928784594808215,3.8169900515029402,3.770150456178214,Method4
69,100,50,0.7,3,wide,5,4,4,4,4,4,20,0.799,0.806,3.7348207955796204,3.793592115664731,4.360626432539462,4.951556922260244,4.318433712951729,9,5.060513097716703,3.476769106538941,3.7343059742409856,3.8928784594808215,3.8169900515029402,3.770150456178214,Method4
69,100,50,0.7,3,wide,5,4,4,4,4,4,20,0.799,0.806,3.6309534078207566,3.856770243109244,4.491308990080511,5.055691193583547,4.547347330357769,10,3.212106812813459,3.476769106538941,3.7343059742409856,3.8928784594808215,3.8169900515029402,3.770150456178214,Method4
69,100,50,0.7,3,wide,5,4,4,4,4,4,20,0.799,0.806,3.5682043251504667,3.8710699265873236,4.4978573363736984,5.022107267610218,4.578561875864922,11,3.1273238531219536,3.476769106538941,3.7343059742409856,3.8928784594808215,3.8169900515029402,3.770150456178214,Method4
69,100,50,0.7,3,wide,5,4,4,4,4,4,20,0.799,0.806,3.616420674536552,3.7034857282029487,3.866744139822836,5.057069614063927,4.464215383159106,12,2.767352852543836,3.476769106538941,3.7343059742409856,3.8928784594808215,3.8169900515029402,3.770150456178214,Method4
69,100,50,0.7,3,wide,5,4,4,4,4,4,20,0.799,0.806,3.6250597143598435,3.792745871471925,3.8659150463893055,4.708745280168358,4.4643077991837385,13,2.6488794796737034,3.476769106538941,3.7343059742409856,3.8928784594808215,3.8169900515029402,3.770150456178214,Method4
69,100,50,0.7,3,wide,5,4,4,4,4,4,20,0.799,0.806,3.6855827909486787,3.75208725919858,3.8815493368188463,4.410166829193374,4.505947844561191,14,2.424650808222339,3.476769106538941,3.7343059742409856,3.8928784594808215,3.8169900515029402,3.770150456178214,Method4
69,100,50,0.7,3,wide,5,4,4,4,4,4,20,0.799,0.806,3.7175400627482156,3.9732556720073435,4.0856026118163795,4.365792157706191,4.521086984355784,15,2.063969430121937,3.476769106538941,3.7343059742409856,3.8928784594808215,3.8169900515029402,3.770150456178214,Method4
69,100,50,0.7,3,wide,5,4,4,4,4,4,20,0.799,0.806,3.730164674222832,3.784898711281702,4.0949151223458244,4.387327462381375,4.535282098215915,16,2.021261603366818,3.476769106538941,3.7343059742409856,3.8928784594808215,3.8169900515029402,3.770150456178214,Method4
69,100,50,0.7,3,wide,5,4,4,4,4,4,20,0.799,0.806,3.743342018226482,3.780580028409368,3.9997748844673873,4.358075001009792,4.541145435789943,17,2.010604092162814,3.476769106538941,3.7343059742409856,3.8928784594808215,3.8169900515029402,3.770150456178214,Method4
69,100,50,0.7,3,wide,5,4,4,4,4,4,20,0.799,0.806,3.7539716869353414,3.797869272530504,4.025912472394893,4.391370945252656,4.550074135497254,18,1.9360422587475647,3.476769106538941,3.7343059742409856,3.8928784594808215,3.8169900515029402,3.770150456178214,Method4
69,100,50,0.7,3,wide,5,4,4,4,4,4,20,0.799,0.806,3.66402804238196,3.7199095920983303,3.9356686414183746,4.300781998161174,4.495950329374158,19,1.7990857911683458,3.476769106538941,3.7343059742409856,3.8928784594808215,3.8169900515029402,3.770150456178214,Method4
69,100,50,0.7,3,wide,5,4,4,4,4,4,20,0.799,0.806,3.6537235946319386,3.689957590876541,3.928541233903942,4.263475336156379,3.968910543616847,20,1.5864589638444404,3.476769106538941,3.7343059742409856,3.8928784594808215,3.8169900515029402,3.770150456178214,Method4
69,100,50,0.7,3,wide,5,4,4,4,4,4,20,0.799,0.806,3.3318009757125675,3.6493166831872954,4.031052881481678,4.211331127730622,3.9693068149094692,21,1.3253798076714598,3.476769106538941,3.7343059742409856,3.8928784594808215,3.8169900515029402,3.770150456178214,Method4
69,100,50,0.7,3,wide,5,4,4,4,4,4,20,0.799,0.806,3.2802492308747158,3.7142021402634326,4.02307677544152,4.195542841284102,4.018821004271258,22,1.1985450841867316,3.476769106538941,3.7343059742409856,3.8928784594808215,3.8169900515029402,3.770150456178214,Method4
69,100,50,0.7,3,wide,5,4,4,4,4,4,20,0.799,0.806,3.2830204243732157,3.7069671817475003,4.030081939197484,4.210544240145745,4.015713778075259,23,1.1970489600096714,3.476769106538941,3.7343059742409856,3.8928784594808215,3.8169900515029402,3.770150456178214,Method4
69,100,50,0.7,3,wide,5,4,4,4,4,4,20,0.799,0.806,3.2380411161113396,3.750471941994927,4.066418967311118,4.186591381558311,4.01093572991048,24,1.1876678267882812,3.476769106538941,3.7343059742409856,3.8928784594808215,3.8169900515029402,3.770150456178214,Method4
69,100,50,0.7,3,wide,5,4,4,4,4,4,20,0.799,0.806,3.211159406462624,3.9383554426123504,3.9159750411445273,4.338552924686537,4.070600555966629,25,0.9977112575381428,3.476769106538941,3.7343059742409856,3.8928784594808215,3.8169900515029402,3.770150456178214,Method4
69,100,50,0.7,3,wide,5,4,4,4,4,4,20,0.799,0.806,3.209485551461519,3.9400926905184175,3.9158247720037287,4.337750855931305,4.069529900802284,26,0.9976501657681075,3.476769106538941,3.7343059742409856,3.8928784594808215,3.8169900515029402,3.770150456178214,Method4
69,100,50,0.7,3,wide,5,4,4,4,4,4,20,0.799,0.806,3.2602690410432738,3.907044066501242,3.908346200095735,4.357335281284514,3.995037216103227,27,0.9894863389500878,3.476769106538941,3.7343059742409856,3.8928784594808215,3.8169900515029402,3.770150456178214,Method4
69,100,50,0.7,3,wide,5,4,4,4,4,4,20,0.799,0.806,3.3341865142551574,3.761861667762379,3.969482496356822,4.3347461661826125,3.938910650459709,28,0.9372584218288114,3.476769106538941,3.7343059742409856,3.8928784594808215,3.8169900515029402,3.770150456178214,Method4
69,100,50,0.7,3,wide,5,4,4,4,4,4,20,0.799,0.806,3.3303328008709494,3.7702104602890403,3.965602724872325,4.339493660961051,3.970063625417367,29,0.9269053568782685,3.476769106538941,3.7343059742409856,3.8928784594808215,3.8169900515029402,3.770150456178214,Method4
69,100,50,0.7,3,wide,5,4,4,4,4,4,20,0.799,0.806,3.318848987574789,3.775947023397566,3.9634891896831768,4.335400119324776,3.977348389290909,30,0.9256317581960593,3.476769106538941,3.7343059742409856,3.8928784594808215,3.8169900515029402,3.770150456178214,Method4
69,100,50,0.7,3,wide,5,4,4,4,4,4,20,0.799,0.806,3.315989940592406,3.77753736749799,4.009148041784722,4.3086734660621095,4.005972078813785,31,0.9179262577912478,3.476769106538941,3.7343059742409856,3.8928784594808215,3.8169900515029402,3.770150456178214,Method4
69,100,50,0.7,3,wide,5,4,4,4,4,4,20,0.799,0.806,3.3168917184887894,3.7809269946827246,4.00730144135106,4.3133841466483895,4.010066357968274,32,0.9170352459955067,3.476769106538941,3.7343059742409856,3.8928784594808215,3.8169900515029402,3.770150456178214,Method4
69,100,50,0.7,3,wide,5,4,4,4,4,4,20,0.799,0.806,3.5014786857435856,3.652439410921926,4.156380406849012,4.013916304317544,3.976424963470168,33,0.767382667059174,3.476769106538941,3.7343059742409856,3.8928784594808215,3.8169900515029402,3.770150456178214,Method4
69,100,50,0.7,3,wide,5,4,4,4,4,4,20,0.799,0.806,3.4570736472238925,3.6489965622368192,4.050732277033805,3.8974695746574772,4.011533011417616,34,0.7397865883524039,3.476769106538941,3.7343059742409856,3.8928784594808215,3.8169900515029402,3.770150456178214,Method4
69,100,50,0.7,3,wide,5,4,4,4,4,4,20,0.799,0.806,3.3229238277199284,3.685848377076955,4.095628800180636,3.8692812094558633,4.035617722771389,35,0.709161645539735,3.476769106538941,3.7343059742409856,3.8928784594808215,3.8169900515029402,3.770150456178214,Method4
69,100,50,0.7,3,wide,5,4,4,4,4,4,20,0.799,0.806,3.3436659443084364,3.672352773872628,4.07950939061278,3.9929650079604984,4.015407783682981,36,0.700622116512495,3.476769106538941,3.7343059742409856,3.8928784594808215,3.8169900515029402,3.770150456178214,Method4
69,100,50,0.7,3,wide,5,4,4,4,4,4,20,0.799,0.806,3.3467031187889944,3.672536804051354,4.072754891080001,3.9979894944903953,4.015679567717116,37,0.700009852050012,3.476769106538941,3.7343059742409856,3.8928784594808215,3.8169900515029402,3.770150456178214,Method4
69,100,50,0.7,3,wide,5,4,4,4,4,4,20,0.799,0.806,3.3501326982075916,3.6614372545959912,4.065611630897464,3.990582734570096,4.016916485970835,38,0.6984427321995297,3.476769106538941,3.7343059742409856,3.8928784594808215,3.8169900515029402,3.770150456178214,Method4
69,100,50,0.7,3,wide,5,4,4,4,4,4,20,0.799,0.806,3.3933499361528128,3.6359978543507046,4.0751184094729505,3.9965592584704854,3.9640711216148135,39,0.6902909931325049,3.476769106538941,3.7343059742409856,3.8928784594808215,3.8169900515029402,3.770150456178214,Method4
69,100,50,0.7,3,wide,5,4,4,4,4,4,20,0.799,0.806,3.423399071645972,3.6359744197404718,4.064953453015835,4.006891910940248,3.967433187896352,40,0.6895870391290319,3.476769106538941,3.7343059742409856,3.8928784594808215,3.8169900515029402,3.770150456178214,Method4
69,100,50,0.7,3,wide,5,4,4,4,4,4,20,0.799,0.806,3.5510956415274224,3.4924342125417254,4.0161524138053935,3.9897796299600903,3.8985269907381905,41,0.6597023622769889,3.476769106538941,3.7343059742409856,3.8928784594808215,3.8169900515029402,3.770150456178214,Method4
69,100,50,0.7,3,wide,5,4,4,4,4,4,20,0.799,0.806,4.802818142373217,3.8640075715268636,4.363817527999465,4.041826702319102,3.6083442883057733,5,14.940684579583111,3.8392874113807376,3.6357331775796986,3.8031876602248404,3.8053832960216636,3.6010412464715933,Method4
69,100,50,0.7,3,wide,5,4,4,4,4,4,20,0.799,0.806,4.802818142373217,3.8640075715268636,4.363817527999465,4.041826702319102,3.6083442883057733,6,14.940684579583111,3.8392874113807376,3.6357331775796986,3.8031876602248404,3.8053832960216636,3.6010412464715933,Method4
69,100,50,0.7,3,wide,5,4,4,4,4,4,20,0.799,0.806,4.354023108657861,3.889485646104025,4.279521100126025,4.350181727463948,3.8608619622583618,7,4.88836882865889,3.8392874113807376,3.6357331775796986,3.8031876602248404,3.8053832960216636,3.6010412464715933,Method4
69,100,50,0.7,3,wide,5,4,4,4,4,4,20,0.799,0.806,4.328979948965377,3.8468751587147954,4.256327007044625,4.126869376646477,3.8372415308990875,8,4.828537810055838,3.8392874113807376,3.6357331775796986,3.8031876602248404,3.8053832960216636,3.6010412464715933,Method4
69,100,50,0.7,3,wide,5,4,4,4,4,4,20,0.799,0.806,4.396653943300425,3.9246653321031304,4.347460034890433,4.214005096205985,3.3157685900001397,9,4.449476048097725,3.8392874113807376,3.6357331775796986,3.8031876602248404,3.8053832960216636,3.6010412464715933,Method4
69,100,50,0.7,3,wide,5,4,4,4,4,4,20,0.799,0.806,4.3614297825576855,4.186841532480093,4.405188921540962,4.278648301602053,3.552524990745071,10,2.962029178562652,3.8392874113807376,3.6357331775796986,3.8031876602248404,3.8053832960216636,3.6010412464715933,Method4
69,100,50,0.7,3,wide,5,4,4,4,4,4,20,0.799,0.806,4.49426917470695,4.135571897973039,4.355251885106402,4.431290227996316,3.57815498939898,11,2.6681472909650976,3.8392874113807376,3.6357331775796986,3.8031876602248404,3.8053832960216636,3.6010412464715933,Method4
69,100,50,0.7,3,wide,5,4,4,4,4,4,20,0.799,0.806,4.422024686157209,4.14042952963694,4.3819045273102235,4.3418173517856555,3.616227264856618,12,2.410803934633016,3.8392874113807376,3.6357331775796986,3.8031876602248404,3.8053832960216636,3.6010412464715933,Method4
69,100,50,0.7,3,wide,5,4,4,4,4,4,20,0.799,0.806,4.394930165232593,4.102286666989477,4.396123566553487,4.2207161141354606,3.6149864534128753,13,2.384962998944131,3.8392874113807376,3.6357331775796986,3.8031876602248404,3.8053832960216636,3.6010412464715933,Method4
69,100,50,0.7,3,wide,5,4,4,4,4,4,20,0.799,0.806,4.398493099558336,4.03750381605217,4.387095119067694,4.2217254524889585,3.625061190341092,14,2.379685070430759,3.8392874113807376,3.6357331775796986,3.8031876602248404,3.8053832960216636,3.6010412464715933,Method4
69,100,50,0.7,3,wide,5,4,4,4,4,4,20,0.799,0.806,4.3716249412750345,4.047766369770418,4.414520504634868,4.239525259195287,3.462619657699065,15,2.35004222706962,3.8392874113807376,3.6357331775796986,3.8031876602248404,3.8053832960216636,3.6010412464715933,Method4
69,100,50,0.7,3,wide,5,4,4,4,4,4,20,0.799,0.806,4.329660866987961,4.036135886105276,4.3706277519547685,4.166161226875085,3.423444973939001,16,2.2480410833323483,3.8392874113807376,3.6357331775796986,3.8031876602248404,3.8053832960216636,3.6010412464715933,Method4
69,100,50,0.7,3,wide,5,4,4,4,4,4,20,0.799,0.806,4.34841864041067,4.108006333241322,4.358729380847363,4.181456157812809,3.406133848553631,17,2.1376472322800297,3.8392874113807376,3.6357331775796986,3.8031876602248404,3.8053832960216636,3.6010412464715933,Method4
69,100,50,0.7,3,wide,5,4,4,4,4,4,20,0.799,0.806,4.399363537404919,4.109682872622286,4.353608945364155,4.184113337746879,3.4048335201030273,18,2.1357200300209116,3.8392874113807376,3.6357331775796986,3.8031876602248404,3.8053832960216636,3.6010412464715933,Method4
69,100,50,0.7,3,wide,5,4,4,4,4,4,20,0.799,0.806,4.493038934884954,4.088521853043644,4.333418009515846,3.9773678124411145,3.4372653961271764,19,2.053128896211885,3.8392874113807376,3.6357331775796986,3.8031876602248404,3.8053832960216636,3.6010412464715933,Method4
69,100,50,0.7,3,wide,5,4,4,4,4,4,20,0.799,0.806,4.503879577658524,4.088680160355719,4.333647734134112,3.9753083571916483,3.4365648677223932,20,2.0529948419973407,3.8392874113807376,3.6357331775796986,3.8031876602248404,3.8053832960216636,3.6010412464715933,Method4
69,100,50,0.7,3,wide,5,4,4,4,4,4,20,0.799,0.806,4.419928965537014,4.117494449570682,3.9280575828991684,4.015045788072346,3.4743724726638106,21,1.9003688853219882,3.8392874113807376,3.6357331775796986,3.8031876602248404,3.8053832960216636,3.6010412464715933,Method4
69,100,50,0.7,3,wide,5,4,4,4,4,4,20,0.799,0.806,4.350747658142609,3.880043391441967,3.9333224301910983,4.078378103750907,3.5043096060127383,22,1.817881043722607,3.8392874113807376,3.6357331775796986,3.8031876602248404,3.8053832960216636,3.6010412464715933,Method4
69,100,50,0.7,3,wide,5,4,4,4,4,4,20,0.799,0.806,4.3250498316490384,3.903332229423621,3.8776986266366,4.093890862663872,3.467126103729874,23,1.7906649515124027,3.8392874113807376,3.6357331775796986,3.8031876602248404,3.8053832960216636,3.6010412464715933,Method4
69,100,50,0.7,3,wide,5,4,4,4,4,4,20,0.799,0.806,4.338963004659784,3.8819066679193073,3.8527639685954758,4.092509320105481,3.530824613184267,24,1.6397281586204175,3.8392874113807376,3.6357331775796986,3.8031876602248404,3.8053832960216636,3.6010412464715933,Method4
69,100,50,0.7,3,wide,5,4,4,4,4,4,20,0.799,0.806,4.338966663398076,3.8819300368228897,3.8527978922334647,4.092503270318075,3.5308305521602144,25,1.6397281531867112,3.8392874113807376,3.6357331775796986,3.8031876602248404,3.8053832960216636,3.6010412464715933,Method4
69,100,50,0.7,3,wide,5,4,4,4,4,4,20,0.799,0.806,4.374125827359353,3.965927733909436,3.8560925804675015,3.967306967183081,3.5610312075676003,26,1.5674955842843756,3.8392874113807376,3.6357331775796986,3.8031876602248404,3.8053832960216636,3.6010412464715933,Method4
69,100,50,0.7,3,wide,5,4,4,4,4,4,20,0.799,0.806,4.3277686802868445,3.951804381844247,3.6950553980280776,3.975065204931939,3.545176074999864,27,1.516222558911921,3.8392874113807376,3.6357331775796986,3.8031876602248404,3.8053832960216636,3.6010412464715933,Method4
69,100,50,0.7,3,wide,5,4,4,4,4,4,20,0.799,0.806,4.318529486033144,3.870279793376446,3.6099666280668097,4.105152024764969,3.5264869686814384,28,1.4482490548769877,3.8392874113807376,3.6357331775796986,3.8031876602248404,3.8053832960216636,3.6010412464715933,Method4
69,100,50,0.7,3,wide,5,4,4,4,4,4,20,0.799,0.806,4.118003388293996,3.8126859151162735,3.530191547715483,4.174553654422685,3.5570300005826407,29,1.3731016233161615,3.8392874113807376,3.6357331775796986,3.8031876602248404,3.8053832960216636,3.6010412464715933,Method4
69,100,50,0.7,3,wide,5,4,4,4,4,4,20,0.799,0.806,4.054524514971114,3.7947752067877354,3.4141621412825582,4.063421308269545,3.5622947934545537,30,1.1557647250511245,3.8392874113807376,3.6357331775796986,3.8031876602248404,3.8053832960216636,3.6010412464715933,Method4
69,100,50,0.7,3,wide,5,4,4,4,4,4,20,0.799,0.806,4.140531343695613,3.7974474449686637,3.4878451546316445,4.0051547994227485,3.5521557515524913,31,1.0007089416130115,3.8392874113807376,3.6357331775796986,3.8031876602248404,3.8053832960216636,3.6010412464715933,Method4
69,100,50,0.7,3,wide,5,4,4,4,4,4,20,0.799,0.806,4.092245313255361,3.811759453787604,3.549456406432654,3.9436481363487,3.5649777441041457,32,0.9808714728774469,3.8392874113807376,3.6357331775796986,3.8031876602248404,3.8053832960216636,3.6010412464715933,Method4
69,100,50,0.7,3,wide,5,4,4,4,4,4,20,0.799,0.806,4.067667554502812,3.7854236104336785,3.589875371866559,3.9422037090107436,3.5600514057577684,33,0.9487980655655235,3.8392874113807376,3.6357331775796986,3.8031876602248404,3.8053832960216636,3.6010412464715933,Method4
69,100,50,0.7,3,wide,5,4,4,4,4,4,20,0.799,0.806,3.968558941200211,3.8972331751172065,3.5715730953308586,3.897366821968871,3.5971881230165557,34,0.8040427991283222,3.8392874113807376,3.6357331775796986,3.8031876602248404,3.8053832960216636,3.6010412464715933,Method4
69,100,50,0.7,3,wide,5,4,4,4,4,4,20,0.799,0.806,3.956705308577995,3.9454826713935214,3.591379854785647,3.9142521604045446,3.603257880454713,35,0.8009897406398533,3.8392874113807376,3.6357331775796986,3.8031876602248404,3.8053832960216636,3.6010412464715933,Method4
69,100,50,0.7,3,wide,5,4,4,4,4,4,20,0.799,0.806,3.9567420910627775,3.944829971819985,3.59137093262828,3.9133954900699726,3.6029334431303726,36,0.8009856461790652,3.8392874113807376,3.6357331775796986,3.8031876602248404,3.8053832960216636,3.6010412464715933,Method4
69,100,50,0.7,3,wide,5,4,4,4,4,4,20,0.799,0.806,3.9722687590070898,3.937837423768302,3.592161594666718,3.9161561280531236,3.5981585933074816,37,0.7961437078492236,3.8392874113807376,3.6357331775796986,3.8031876602248404,3.8053832960216636,3.6010412464715933,Method4
69,100,50,0.7,3,wide,5,4,4,4,4,4,20,0.799,0.806,4.020732463626665,3.963053283079981,3.601662679107833,3.952104033475029,3.5629521382509,38,0.7869412118427339,3.8392874113807376,3.6357331775796986,3.8031876602248404,3.8053832960216636,3.6010412464715933,Method4
69,100,50,0.7,3,wide,5,4,4,4,4,4,20,0.799,0.806,3.9971952004106033,3.973840444294609,3.644269719439124,3.941918842790429,3.5107803345359136,39,0.7755479868564387,3.8392874113807376,3.6357331775796986,3.8031876602248404,3.8053832960216636,3.6010412464715933,Method4
69,100,50,0.7,3,wide,5,4,4,4,4,4,20,0.799,0.806,3.9789966338304357,4.053964633573402,3.6449646592164653,3.9059327217185835,3.5169900786871025,40,0.7669017595267751,3.8392874113807376,3.6357331775796986,3.8031876602248404,3.8053832960216636,3.6010412464715933,Method4
69,100,50,0.7,3,wide,5,4,4,4,4,4,20,0.799,0.806,3.9699708278918426,4.064037081203028,3.6899689316090885,3.945068167117252,3.499405357896441,41,0.7329442238522508,3.8392874113807376,3.6357331775796986,3.8031876602248404,3.8053832960216636,3.6010412464715933,Method4
69,100,50,0.7,3,wide,5,4,4,4,4,4,20,0.799,0.806,3.514463244781769,4.646628904078331,4.7361383684075,3.944066450054624,2.9042709082036553,5,16.039217276716972,3.6352208406132114,3.9273269200300196,3.6362678733190075,3.469338883083243,3.4823696993696727,Method4
69,100,50,0.7,3,wide,5,4,4,4,4,4,20,0.799,0.806,3.514463244781769,4.646628904078331,4.7361383684075,3.944066450054624,2.9042709082036553,6,16.039217276716972,3.6352208406132114,3.9273269200300196,3.6362678733190075,3.469338883083243,3.4823696993696727,Method4
69,100,50,0.7,3,wide,5,4,4,4,4,4,20,0.799,0.806,3.2287794932899425,4.687991636184732,4.704697351548559,4.000175898087867,2.9350680068186654,7,15.921880772156982,3.6352208406132114,3.9273269200300196,3.6362678733190075,3.469338883083243,3.4823696993696727,Method4
69,100,50,0.7,3,wide,5,4,4,4,4,4,20,0.799,0.806,3.2419099898228816,4.689439813979762,4.702197463051985,4.070823096459136,2.931406164556464,8,15.918661528514336,3.6352208406132114,3.9273269200300196,3.6362678733190075,3.469338883083243,3.4823696993696727,Method4
69,100,50,0.7,3,wide,5,4,4,4,4,4,20,0.799,0.806,3.4183808811794623,4.496619935404389,4.543568314603657,4.2666314149059845,3.7252244871910687,9,6.960064741121865,3.6352208406132114,3.9273269200300196,3.6362678733190075,3.469338883083243,3.4823696993696727,Method4
69,100,50,0.7,3,wide,5,4,4,4,4,4,20,0.799,0.806,3.6167858513476006,4.369311505163641,4.4705836409937385,4.2464108183269635,3.9338502769342134,10,5.004135853894811,3.6352208406132114,3.9273269200300196,3.6362678733190075,3.469338883083243,3.4823696993696727,Method4
69,100,50,0.7,3,wide,5,4,4,4,4,4,20,0.799,0.806,3.750532008149974,4.419704756109576,4.666505910755171,4.17056232784292,3.809034489206093,11,3.909764460516751,3.6352208406132114,3.9273269200300196,3.6362678733190075,3.469338883083243,3.4823696993696727,Method4
69,100,50,0.7,3,wide,5,4,4,4,4,4,20,0.799,0.806,3.8589563737029415,4.427762584215872,4.674183812423506,4.221033220750673,3.8052606553058888,12,3.885948395837269,3.6352208406132114,3.9273269200300196,3.6362678733190075,3.469338883083243,3.4823696993696727,Method4
69,100,50,0.7,3,wide,5,4,4,4,4,4,20,0.799,0.806,3.819927564661262,4.596385981699936,4.615718825605479,4.217808050043369,3.86353545489845,13,3.259853103331489,3.6352208406132114,3.9273269200300196,3.6362678733190075,3.469338883083243,3.4823696993696727,Method4
69,100,50,0.7,3,wide,5,4,4,4,4,4,20,0.799,0.806,3.6839412031995113,4.671318078292522,4.6150203638988305,4.064744224429475,3.8796153480508897,14,2.979078856216109,3.6352208406132114,3.9273269200300196,3.6362678733190075,3.469338883083243,3.4823696993696727,Method4
69,100,50,0.7,3,wide,5,4,4,4,4,4,20,0.799,0.806,3.7504418361003276,4.6697796470630655,4.701880979293199,3.740551516379255,4.00602180874655,15,2.5361040379051865,3.6352208406132114,3.9273269200300196,3.6362678733190075,3.469338883083243,3.4823696993696727,Method4
69,100,50,0.7,3,wide,5,4,4,4,4,4,20,0.799,0.806,3.8160935806249006,4.727207608730555,4.700917645335959,3.657674154384019,4.021192483957106,16,2.322486695605177,3.6352208406132114,3.9273269200300196,3.6362678733190075,3.469338883083243,3.4823696993696727,Method4
69,100,50,0.7,3,wide,5,4,4,4,4,4,20,0.799,0.806,3.823920190476474,4.680204472062972,4.667956950940804,3.6702142036822774,3.972772641151274,17,2.255970259161218,3.6352208406132114,3.9273269200300196,3.6362678733190075,3.469338883083243,3.4823696993696727,Method4
69,100,50,0.7,3,wide,5,4,4,4,4,4,20,0.799,0.806,3.815190984393726,4.672040329439083,4.659748420475117,3.689233303550665,3.894726469160276,18,2.249172841997081,3.6352208406132114,3.9273269200300196,3.6362678733190075,3.469338883083243,3.4823696993696727,Method4
69,100,50,0.7,3,wide,5,4,4,4,4,4,20,0.799,0.806,3.80600805053213,4.660559849607845,4.645796835706248,3.632522702762292,3.9334297688912154,19,2.1871668604028476,3.6352208406132114,3.9273269200300196,3.6362678733190075,3.469338883083243,3.4823696993696727,Method4
69,100,50,0.7,3,wide,5,4,4,4,4,4,20,0.799,0.806,3.6694321986074843,4.6461664058918215,4.6334700202384225,3.5665753286099595,3.949114067433534,20,2.103080870665967,3.6352208406132114,3.9273269200300196,3.6362678733190075,3.469338883083243,3.4823696993696727,Method4
69,100,50,0.7,3,wide,5,4,4,4,4,4,20,0.799,0.806,3.6763392232577643,4.651620459226612,4.55980038009032,3.3311643907137447,4.004459398184563,21,1.9866533287444315,3.6352208406132114,3.9273269200300196,3.6362678733190075,3.469338883083243,3.4823696993696727,Method4
69,100,50,0.7,3,wide,5,4,4,4,4,4,20,0.799,0.806,3.626607437604406,4.6401294159822735,4.513514874382453,3.3607192318071357,4.013915145895581,22,1.8457113760868478,3.6352208406132114,3.9273269200300196,3.6362678733190075,3.469338883083243,3.4823696993696727,Method4
69,100,50,0.7,3,wide,5,4,4,4,4,4,20,0.799,0.806,3.684465144369323,4.6190958959358355,4.4461918059953325,3.3863217242585866,3.77102885562433,23,1.7186448944198967,3.6352208406132114,3.9273269200300196,3.6362678733190075,3.469338883083243,3.4823696993696727,Method4
69,100,50,0.7,3,wide,5,4,4,4,4,4,20,0.799,0.806,3.645957582525234,4.587009033244598,4.4176732497161595,3.451835447880334,3.755109219581669,24,1.6886308419120253,3.6352208406132114,3.9273269200300196,3.6362678733190075,3.469338883083243,3.4823696993696727,Method4
69,100,50,0.7,3,wide,5,4,4,4,4,4,20,0.799,0.806,3.648462100518038,4.579243860709928,4.413377240476429,3.4667114663179905,3.758582366233625,25,1.6870686467403013,3.6352208406132114,3.9273269200300196,3.6362678733190075,3.469338883083243,3.4823696993696727,Method4
69,100,50,0.7,3,wide,5,4,4,4,4,4,20,0.799,0.806,3.5916376655394586,4.641417444227045,4.3791321240567695,3.469122042539483,3.728836626513704,26,1.5660869063479428,3.6352208406132114,3.9273269200300196,3.6362678733190075,3.469338883083243,3.4823696993696727,Method4
69,100,50,0.7,3,wide,5,4,4,4,4,4,20,0.799,0.806,3.6249246252079117,4.633893281487162,4.393974135176635,3.5102651417053377,3.6512628822361317,27,1.5396570837351142,3.6352208406132114,3.9273269200300196,3.6362678733190075,3.469338883083243,3.4823696993696727,Method4
69,100,50,0.7,3,wide,5,4,4,4,4,4,20,0.799,0.806,3.6082637926482737,4.616171462650073,4.421774140806254,3.519109250347815,3.714166678727566,28,1.4985683631217028,3.6352208406132114,3.9273269200300196,3.6362678733190075,3.469338883083243,3.4823696993696727,Method4
69,100,50,0.7,3,wide,5,4,4,4,4,4,20,0.799,0.806,3.6737547265476294,3.936291031227663,4.446086085626299,3.61484141878568,3.7942157866718307,29,1.22814040934216,3.6352208406132114,3.9273269200300196,3.6362678733190075,3.469338883083243,3.4823696993696727,Method4
69,100,50,0.7,3,wide,5,4,4,4,4,4,20,0.799,0.806,3.6868316421276686,3.956438414747584,4.472227868578676,3.49612213535071,3.752735174398799,30,1.1595115133306104,3.6352208406132114,3.9273269200300196,3.6362678733190075,3.469338883083243,3.4823696993696727,Method4
69,100,50,0.7,3,wide,5,4,4,4,4,4,20,0.799,0.806,3.7204303807182004,3.9687016635474803,4.4931151543052295,3.521081060046827,3.7530120406102343,31,1.1322023201742246,3.6352208406132114,3.9273269200300196,3.6362678733190075,3.469338883083243,3.4823696993696727,Method4
69,100,50,0.7,3,wide,5,4,4,4,4,4,20,0.799,0.806,3.7010477670779376,3.8184551548655095,3.8786424335489333,3.5741477142280798,3.6929982841777274,32,0.8143109085687369,3.6352208406132114,3.9273269200300196,3.6362678733190075,3.469338883083243,3.4823696993696727,Method4
69,100,50,0.7,3,wide,5,4,4,4,4,4,20,0.799,0.806,3.7677152237948737,3.6034016592046765,3.8378586407265773,3.509454221610685,3.699516966718309,33,0.7576369900540453,3.6352208406132114,3.9273269200300196,3.6362678733190075,3.469338883083243,3.4823696993696727,Method4
69,100,50,0.7,3,wide,5,4,4,4,4,4,20,0.799,0.806,3.766638059675937,3.610100210924196,3.845529153702453,3.5073273274117667,3.6971208428337103,34,0.7567989540080157,3.6352208406132114,3.9273269200300196,3.6362678733190075,3.469338883083243,3.4823696993696727,Method4
69,100,50,0.7,3,wide,5,4,4,4,4,4,20,0.799,0.806,3.8550290315722613,3.6667683045184116,3.647076329959124,3.5765119370401894,3.6536067881595535,35,0.6915801102143053,3.6352208406132114,3.9273269200300196,3.6362678733190075,3.469338883083243,3.4823696993696727,Method4
69,100,50,0.7,3,wide,5,4,4,4,4,4,20,0.799,0.806,3.8525048406844227,3.6729764319933307,3.6460175961300174,3.550877847428818,3.6625081108666766,36,0.6903321055298419,3.6352208406132114,3.9273269200300196,3.6362678733190075,3.469338883083243,3.4823696993696727,Method4
69,100,50,0.7,3,wide,5,4,4,4,4,4,20,0.799,0.806,3.852284744739525,3.652774166231785,3.6420312187949837,3.560031423531444,3.6688760903968753,37,0.6882291820370378,3.6352208406132114,3.9273269200300196,3.6362678733190075,3.469338883083243,3.4823696993696727,Method4
69,100,50,0.7,3,wide,5,4,4,4,4,4,20,0.799,0.806,3.8607417124514996,3.6185676797337947,3.6513219264069035,3.5110253302624717,3.6718221009613567,38,0.6859697956133949,3.6352208406132114,3.9273269200300196,3.6362678733190075,3.469338883083243,3.4823696993696727,Method4
69,100,50,0.7,3,wide,5,4,4,4,4,4,20,0.799,0.806,3.8176029018923496,3.615688542913791,3.653478712492494,3.496864395009596,3.663448651461894,39,0.6835545507971146,3.6352208406132114,3.9273269200300196,3.6362678733190075,3.469338883083243,3.4823696993696727,Method4
69,100,50,0.7,3,wide,5,4,4,4,4,4,20,0.799,0.806,3.8440497784321,3.6876208761393072,3.451824409824436,3.455763292142439,3.6679650255197385,40,0.6493904887268942,3.6352208406132114,3.9273269200300196,3.6362678733190075,3.469338883083243,3.4823696993696727,Method4
69,100,50,0.7,3,wide,5,4,4,4,4,4,20,0.799,0.806,3.786657024612354,3.703846260864917,3.4876454839168733,3.471794786940349,3.6470127970612243,41,0.6409846532920814,3.6352208406132114,3.9273269200300196,3.6362678733190075,3.469338883083243,3.4823696993696727,Method4
69,100,50,0.7,3,wide,5,4,4,4,4,4,20,0.799,0.806,4.7854593096319995,4.508556525363183,5.169665423470208,4.473282196972858,3.879133528504049,5,22.04874876378896,3.851192457100558,3.6323994746280337,3.7638973022403075,3.8152792796850945,3.4935185671974183,Method4
69,100,50,0.7,3,wide,5,4,4,4,4,4,20,0.799,0.806,4.7854593096319995,4.508556525363183,5.169665423470208,4.473282196972858,3.879133528504049,6,22.04874876378896,3.851192457100558,3.6323994746280337,3.7638973022403075,3.8152792796850945,3.4935185671974183,Method4
69,100,50,0.7,3,wide,5,4,4,4,4,4,20,0.799,0.806,4.762405289664333,4.67771770984569,5.16537639133432,4.489158260127882,3.873937981596317,7,22.02452413583838,3.851192457100558,3.6323994746280337,3.7638973022403075,3.8152792796850945,3.4935185671974183,Method4
69,100,50,0.7,3,wide,5,4,4,4,4,4,20,0.799,0.806,4.335301297253187,3.4115074072401566,4.872962959218192,3.756999269945905,4.062514972599026,8,8.448318458243454,3.851192457100558,3.6323994746280337,3.7638973022403075,3.8152792796850945,3.4935185671974183,Method4
69,100,50,0.7,3,wide,5,4,4,4,4,4,20,0.799,0.806,4.334918150684402,3.377133411886682,4.431810585018486,3.7737490979281265,4.11001414157605,9,8.314070027395704,3.851192457100558,3.6323994746280337,3.7638973022403075,3.8152792796850945,3.4935185671974183,Method4
69,100,50,0.7,3,wide,5,4,4,4,4,4,20,0.799,0.806,4.417604941872576,3.4064984524736404,4.487388717874784,3.753635768864729,3.302036570513814,10,7.840763102766702,3.851192457100558,3.6323994746280337,3.7638973022403075,3.8152792796850945,3.4935185671974183,Method4
69,100,50,0.7,3,wide,5,4,4,4,4,4,20,0.799,0.806,4.341795049167607,3.7693937357342597,4.421206248470012,3.903987498159991,3.446365575069987,11,5.645097837626253,3.851192457100558,3.6323994746280337,3.7638973022403075,3.8152792796850945,3.4935185671974183,Method4
69,100,50,0.7,3,wide,5,4,4,4,4,4,20,0.799,0.806,4.505119368300547,3.888493727769183,4.633906595820638,3.89778560902558,3.2543873906292653,12,4.369733111046169,3.851192457100558,3.6323994746280337,3.7638973022403075,3.8152792796850945,3.4935185671974183,Method4
69,100,50,0.7,3,wide,5,4,4,4,4,4,20,0.799,0.806,4.509532243563374,3.8826606307272837,4.627280591142336,3.899650709684252,3.243459141241294,13,4.368656648320679,3.851192457100558,3.6323994746280337,3.7638973022403075,3.8152792796850945,3.4935185671974183,Method4
69,100,50,0.7,3,wide,5,4,4,4,4,4,20,0.799,0.806,4.498834183133791,3.8555911435195465,4.61409622070754,3.700164535393703,3.2579926950151727,14,4.334674931335111,3.851192457100558,3.6323994746280337,3.7638973022403075,3.8152792796850945,3.4935185671974183,Method4
69,100,50,0.7,3,wide,5,4,4,4,4,4,20,0.799,0.806,4.390693171352616,4.055380921290609,4.7004134764196035,3.733480280730148,3.4477916512283024,15,3.7998738882055436,3.851192457100558,3.6323994746280337,3.7638973022403075,3.8152792796850945,3.4935185671974183,Method4
69,100,50,0.7,3,wide,5,4,4,4,4,4,20,0.799,0.806,4.286313300501323,3.9506416525084935,4.621120840839775,3.8327408332746713,3.361289079066483,16,3.053010587880325,3.851192457100558,3.6323994746280337,3.7638973022403075,3.8152792796850945,3.4935185671974183,Method4
69,100,50,0.7,3,wide,5,4,4,4,4,4,20,0.799,0.806,4.292346226166257,3.8951908985040165,4.589020106621868,3.95506356291201,3.434972600278296,17,2.670928219222562,3.851192457100558,3.6323994746280337,3.7638973022403075,3.8152792796850945,3.4935185671974183,Method4
69,100,50,0.7,3,wide,5,4,4,4,4,4,20,0.799,0.806,4.284797214625437,3.899271046987146,4.636546726219426,3.840368847933122,3.4570877743276553,18,2.438148563147883,3.851192457100558,3.6323994746280337,3.7638973022403075,3.8152792796850945,3.4935185671974183,Method4
69,100,50,0.7,3,wide,5,4,4,4,4,4,20,0.799,0.806,4.308888640092156,3.6941933083801377,4.691596370213262,3.885904656640595,3.522625690287619,19,2.29061503814094,3.851192457100558,3.6323994746280337,3.7638973022403075,3.8152792796850945,3.4935185671974183,Method4
69,100,50,0.7,3,wide,5,4,4,4,4,4,20,0.799,0.806,4.315195183351529,3.6874838909001704,4.70446764039942,3.8606102776107156,3.4492974685640445,20,2.2722316374169447,3.851192457100558,3.6323994746280337,3.7638973022403075,3.8152792796850945,3.4935185671974183,Method4
69,100,50,0.7,3,wide,5,4,4,4,4,4,20,0.799,0.806,4.366148233212068,3.6947622812746204,4.699738578343915,3.8344773182775165,3.5046469211316458,21,2.198860620594425,3.851192457100558,3.6323994746280337,3.7638973022403075,3.8152792796850945,3.4935185671974183,Method4
69,100,50,0.7,3,wide,5,4,4,4,4,4,20,0.799,0.806,4.336107902014036,3.6995270800638536,4.716589495410508,3.8768554326862184,3.431109758741948,22,2.166254412281118,3.851192457100558,3.6323994746280337,3.7638973022403075,3.8152792796850945,3.4935185671974183,Method4
69,100,50,0.7,3,wide,5,4,4,4,4,4,20,0.799,0.806,4.3335554047499345,3.7059073013988035,4.693330358951128,3.8575455287019422,3.432400073313938,23,2.1560791799286996,3.851192457100558,3.6323994746280337,3.7638973022403075,3.8152792796850945,3.4935185671974183,Method4
69,100,50,0.7,3,wide,5,4,4,4,4,4,20,0.799,0.806,4.456207863479824,3.6091877739728506,4.723512552188282,3.567406768130745,3.492184964537658,24,1.949638298999588,3.851192457100558,3.6323994746280337,3.7638973022403075,3.8152792796850945,3.4935185671974183,Method4
69,100,50,0.7,3,wide,5,4,4,4,4,4,20,0.799,0.806,4.451341661665222,3.7080826593172307,4.392104667057265,3.6860163974581117,3.483160749809305,25,1.782946623131949,3.851192457100558,3.6323994746280337,3.7638973022403075,3.8152792796850945,3.4935185671974183,Method4
69,100,50,0.7,3,wide,5,4,4,4,4,4,20,0.799,0.806,4.451373332084368,3.652325181948419,4.080456970991659,3.7183112491539303,3.607137922090282,26,1.649110702178242,3.851192457100558,3.6323994746280337,3.7638973022403075,3.8152792796850945,3.4935185671974183,Method4
69,100,50,0.7,3,wide,5,4,4,4,4,4,20,0.799,0.806,3.928002705583425,3.6736040512698156,4.326566047020529,3.778157860715165,3.4846453700259774,27,1.405309577875544,3.851192457100558,3.6323994746280337,3.7638973022403075,3.8152792796850945,3.4935185671974183,Method4
69,100,50,0.7,3,wide,5,4,4,4,4,4,20,0.799,0.806,3.9030999450650814,3.6816141350849785,4.318949110834274,3.825750316799026,3.3898340778673828,28,1.3242366668103596,3.851192457100558,3.6323994746280337,3.7638973022403075,3.8152792796850945,3.4935185671974183,Method4
69,100,50,0.7,3,wide,5,4,4,4,4,4,20,0.799,0.806,3.9044523562308844,3.707154660493845,4.33901938026235,3.8429467346959605,3.386943183732665,29,1.306280365828168,3.851192457100558,3.6323994746280337,3.7638973022403075,3.8152792796850945,3.4935185671974183,Method4
69,100,50,0.7,3,wide,5,4,4,4,4,4,20,0.799,0.806,3.7722293074232494,3.7037660648103747,4.346951884315689,3.8697666101982002,3.3905690680348903,30,1.2842600013930983,3.851192457100558,3.6323994746280337,3.7638973022403075,3.8152792796850945,3.4935185671974183,Method4
69,100,50,0.7,3,wide,5,4,4,4,4,4,20,0.799,0.806,3.8806620433820913,3.7469754075715858,4.346203689760729,3.9820691044700007,3.2787740225546016,31,1.081165476990325,3.851192457100558,3.6323994746280337,3.7638973022403075,3.8152792796850945,3.4935185671974183,Method4
69,100,50,0.7,3,wide,5,4,4,4,4,4,20,0.799,0.806,3.919268676285998,3.73843382277547,4.317635797677678,3.8959629479209923,3.3257567647323585,32,1.0285717309226587,3.851192457100558,3.6323994746280337,3.7638973022403075,3.8152792796850945,3.4935185671974183,Method4
69,100,50,0.7,3,wide,5,4,4,4,4,4,20,0.799,0.806,3.885984815689811,3.796686059471712,4.2883430055562854,3.8967349630332393,3.349946881838751,33,0.9918354732315403,3.851192457100558,3.6323994746280337,3.7638973022403075,3.8152792796850945,3.4935185671974183,Method4
69,100,50,0.7,3,wide,5,4,4,4,4,4,20,0.799,0.806,3.85136652220241,3.7981221536947936,4.277221394001025,3.916505919618089,3.334130246586763,34,0.9385291604235494,3.851192457100558,3.6323994746280337,3.7638973022403075,3.8152792796850945,3.4935185671974183,Method4
69,100,50,0.7,3,wide,5,4,4,4,4,4,20,0.799,0.806,3.8617326747208693,3.609572193826229,4.31906813423082,3.929612109200808,3.279014750697252,35,0.8201334121985964,3.851192457100558,3.6323994746280337,3.7638973022403075,3.8152792796850945,3.4935185671974183,Method4
69,100,50,0.7,3,wide,5,4,4,4,4,4,20,0.799,0.806,3.845446853715044,3.6049989767444854,4.308413115550442,3.908800599987166,3.287537747324153,36,0.8174082072210999,3.851192457100558,3.6323994746280337,3.7638973022403075,3.8152792796850945,3.4935185671974183,Method4
69,100,50,0.7,3,wide,5,4,4,4,4,4,20,0.799,0.806,3.900111010182234,3.5843393848914586,4.310971208072739,3.884972048201702,3.2891358912233386,37,0.7943863106706567,3.851192457100558,3.6323994746280337,3.7638973022403075,3.8152792796850945,3.4935185671974183,Method4
69,100,50,0.7,3,wide,5,4,4,4,4,4,20,0.799,0.806,3.933841675961156,3.5777025570938275,4.3009544096270655,3.920503390166828,3.2633394202396557,38,0.7828433567123939,3.851192457100558,3.6323994746280337,3.7638973022403075,3.8152792796850945,3.4935185671974183,Method4
69,100,50,0.7,3,wide,5,4,4,4,4,4,20,0.799,0.806,3.920900500169701,3.576532007746062,4.338086670674995,3.8922006492192143,3.2917234726269475,39,0.7763382873889474,3.851192457100558,3.6323994746280337,3.7638973022403075,3.8152792796850945,3.4935185671974183,Method4
69,100,50,0.7,3,wide,5,4,4,4,4,4,20,0.799,0.806,3.9100678169945455,3.5255395675441408,4.414793937195881,3.892854099655775,3.336984290220526,40,0.7624525062765986,3.851192457100558,3.6323994746280337,3.7638973022403075,3.8152792796850945,3.4935185671974183,Method4
69,100,50,0.7,3,wide,5,4,4,4,4,4,20,0.799,0.806,3.916908313822894,3.5268451587106977,4.416852930288468,3.896571874153443,3.340278039908458,41,0.7623679024583634,3.851192457100558,3.6323994746280337,3.7638973022403075,3.8152792796850945,3.4935185671974183,Method4
69,100,50,0.7,3,wide,5,4,4,4,4,4,20,0.799,0.806,4.6538265754916965,4.438869022210441,4.627049082393494,4.191300743444532,3.8832924025032396,5,25.88110148732589,3.909913164191397,3.560114360855098,3.4763880229417086,3.4999572100248963,3.801879571508085,Method4
69,100,50,0.7,3,wide,5,4,4,4,4,4,20,0.799,0.806,4.6538265754916965,4.438869022210441,4.627049082393494,4.191300743444532,3.8832924025032396,6,25.88110148732589,3.909913164191397,3.560114360855098,3.4763880229417086,3.4999572100248963,3.801879571508085,Method4
69,100,50,0.7,3,wide,5,4,4,4,4,4,20,0.799,0.806,4.664863971433482,4.1096990274111205,4.59086691728358,4.1374818323318125,3.8587002391074248,7,25.699377153950426,3.909913164191397,3.560114360855098,3.4763880229417086,3.4999572100248963,3.801879571508085,Method4
69,100,50,0.7,3,wide,5,4,4,4,4,4,20,0.799,0.806,4.937742604970154,3.8863831972131155,4.067191829189881,4.503630198741396,3.7299337025719406,8,10.231118451682086,3.909913164191397,3.560114360855098,3.4763880229417086,3.4999572100248963,3.801879571508085,Method4
69,100,50,0.7,3,wide,5,4,4,4,4,4,20,0.799,0.806,4.914068431824942,3.9650424307529644,3.979924708674336,3.6746243603295894,3.8372540885553508,9,9.779345472213578,3.909913164191397,3.560114360855098,3.4763880229417086,3.4999572100248963,3.801879571508085,Method4
69,100,50,0.7,3,wide,5,4,4,4,4,4,20,0.799,0.806,4.498659395644187,3.5603139711149265,3.8907116946085516,3.980329829209375,4.160998932240298,10,6.103951143794928,3.909913164191397,3.560114360855098,3.4763880229417086,3.4999572100248963,3.801879571508085,Method4
69,100,50,0.7,3,wide,5,4,4,4,4,4,20,0.799,0.806,4.466679428147354,3.7226898157281614,3.914045550291547,3.8840527120749524,3.8579325223866454,11,4.015133015763242,3.909913164191397,3.560114360855098,3.4763880229417086,3.4999572100248963,3.801879571508085,Method4
69,100,50,0.7,3,wide,5,4,4,4,4,4,20,0.799,0.806,4.456443066280443,3.830732145764056,4.108504176748041,4.1351293975441346,3.856290837762539,12,3.0744534405654407,3.909913164191397,3.560114360855098,3.4763880229417086,3.4999572100248963,3.801879571508085,Method4
69,100,50,0.7,3,wide,5,4,4,4,4,4,20,0.799,0.806,4.4965844638966646,3.832039276248381,4.092197001681032,4.13133607357298,3.8490498938165256,13,2.6349519705798787,3.909913164191397,3.560114360855098,3.4763880229417086,3.4999572100248963,3.801879571508085,Method4
69,100,50,0.7,3,wide,5,4,4,4,4,4,20,0.799,0.806,4.483646469002578,3.849726690124915,4.108755506790803,4.052965011597248,3.8515995922741806,14,2.618646574458308,3.909913164191397,3.560114360855098,3.4763880229417086,3.4999572100248963,3.801879571508085,Method4
69,100,50,0.7,3,wide,5,4,4,4,4,4,20,0.799,0.806,4.540786678307409,3.8578407769942133,4.104873311932013,4.14253786696063,3.8553403044817998,15,2.4640310163580565,3.909913164191397,3.560114360855098,3.4763880229417086,3.4999572100248963,3.801879571508085,Method4
69,100,50,0.7,3,wide,5,4,4,4,4,4,20,0.799,0.806,3.9191358690346743,3.824478104722424,4.131389243659994,4.2003866985136735,3.922917819296145,16,2.1672170130256485,3.909913164191397,3.560114360855098,3.4763880229417086,3.4999572100248963,3.801879571508085,Method4
69,100,50,0.7,3,wide,5,4,4,4,4,4,20,0.799,0.806,3.945209728822321,3.676176048483102,4.101540192759578,4.201240195433345,3.8834523489342816,17,2.142280402873216,3.909913164191397,3.560114360855098,3.4763880229417086,3.4999572100248963,3.801879571508085,Method4
69,100,50,0.7,3,wide,5,4,4,4,4,4,20,0.799,0.806,3.7492430691187333,3.66758973067418,4.121932332141195,4.154281068529362,3.857473374302722,18,2.0743616340660878,3.909913164191397,3.560114360855098,3.4763880229417086,3.4999572100248963,3.801879571508085,Method4
69,100,50,0.7,3,wide,5,4,4,4,4,4,20,0.799,0.806,3.7514239269943097,3.595055402201752,4.041404514367843,4.0725459850612955,3.9385250009653974,19,1.914240633697559,3.909913164191397,3.560114360855098,3.4763880229417086,3.4999572100248963,3.801879571508085,Method4
69,100,50,0.7,3,wide,5,4,4,4,4,4,20,0.799,0.806,3.7567036724113043,3.5900128844667583,4.04086217392156,4.072107737433729,3.9746644250603542,20,1.9133421807453839,3.909913164191397,3.560114360855098,3.4763880229417086,3.4999572100248963,3.801879571508085,Method4
69,100,50,0.7,3,wide,5,4,4,4,4,4,20,0.799,0.806,3.6771059484099022,3.5472811538779463,4.023939094191133,4.036964510423608,4.029540254758337,21,1.8528357426159001,3.909913164191397,3.560114360855098,3.4763880229417086,3.4999572100248963,3.801879571508085,Method4
69,100,50,0.7,3,wide,5,4,4,4,4,4,20,0.799,0.806,3.711053560637184,3.374838439318442,3.943596939497072,4.072091111225757,4.098899395190611,22,1.490525179237292,3.909913164191397,3.560114360855098,3.4763880229417086,3.4999572100248963,3.801879571508085,Method4
69,100,50,0.7,3,wide,5,4,4,4,4,4,20,0.799,0.806,3.6829260988398826,3.3024803655283548,3.9452403742924593,4.091209660094989,4.062365902017105,23,1.4694449157475122,3.909913164191397,3.560114360855098,3.4763880229417086,3.4999572100248963,3.801879571508085,Method4
69,100,50,0.7,3,wide,5,4,4,4,4,4,20,0.799,0.806,3.718584623598768,3.312007180573249,3.945411297394417,4.062632843920239,4.067059361263748,24,1.4564520633808555,3.909913164191397,3.560114360855098,3.4763880229417086,3.4999572100248963,3.801879571508085,Method4
69,100,50,0.7,3,wide,5,4,4,4,4,4,20,0.799,0.806,3.7113450495940588,3.2611224975515003,3.912936281813593,3.987031356804513,4.041220359187848,25,1.4344801824450868,3.909913164191397,3.560114360855098,3.4763880229417086,3.4999572100248963,3.801879571508085,Method4
69,100,50,0.7,3,wide,5,4,4,4,4,4,20,0.799,0.806,3.7628118204771246,3.327707321812592,3.9210268529447303,3.8844395926818716,4.1266879371469045,26,1.3835944421654214,3.909913164191397,3.560114360855098,3.4763880229417086,3.4999572100248963,3.801879571508085,Method4
69,100,50,0.7,3,wide,5,4,4,4,4,4,20,0.799,0.806,3.7714212394749294,3.453773159723997,3.9412911391597776,3.8533740610320946,3.92072529004525,27,1.2974002058124725,3.909913164191397,3.560114360855098,3.4763880229417086,3.4999572100248963,3.801879571508085,Method4
69,100,50,0.7,3,wide,5,4,4,4,4,4,20,0.799,0.806,3.8565123621730955,3.514656211148281,3.5394470128553093,3.837852527204311,3.9349809249602195,28,1.1345030841380774,3.909913164191397,3.560114360855098,3.4763880229417086,3.4999572100248963,3.801879571508085,Method4
69,100,50,0.7,3,wide,5,4,4,4,4,4,20,0.799,0.806,3.898624277082664,3.53060740443653,3.5525876337283986,3.8916754038332244,3.9404774617802274,29,1.1070187028491612,3.909913164191397,3.560114360855098,3.4763880229417086,3.4999572100248963,3.801879571508085,Method4
69,100,50,0.7,3,wide,5,4,4,4,4,4,20,0.799,0.806,3.8892568281002484,3.5304946573940508,3.6054556040069707,3.915636838077877,3.93556342735602,30,1.1042153954821607,3.909913164191397,3.560114360855098,3.4763880229417086,3.4999572100248963,3.801879571508085,Method4
69,100,50,0.7,3,wide,5,4,4,4,4,4,20,0.799,0.806,3.8996796700762175,3.5888547292619326,3.586337046694896,3.8693964431153294,3.9501102226177607,31,1.088336836030602,3.909913164191397,3.560114360855098,3.4763880229417086,3.4999572100248963,3.801879571508085,Method4
69,100,50,0.7,3,wide,5,4,4,4,4,4,20,0.799,0.806,3.867984505819458,3.5689767063999698,3.3410746902379578,3.9204579011117215,3.9003385921912175,32,1.0060223709834624,3.909913164191397,3.560114360855098,3.4763880229417086,3.4999572100248963,3.801879571508085,Method4
69,100,50,0.7,3,wide,5,4,4,4,4,4,20,0.799,0.806,3.8789597392755137,3.5557491505930625,3.3278581551464823,3.9169999639641686,3.883196498104758,33,0.9996359463670735,3.909913164191397,3.560114360855098,3.4763880229417086,3.4999572100248963,3.801879571508085,Method4
69,100,50,0.7,3,wide,5,4,4,4,4,4,20,0.799,0.806,3.8760986282412584,3.5570737401903,3.327575499213847,3.9163172526608596,3.8862395174346247,34,0.9994887891566406,3.909913164191397,3.560114360855098,3.4763880229417086,3.4999572100248963,3.801879571508085,Method4
69,100,50,0.7,3,wide,5,4,4,4,4,4,20,0.799,0.806,3.901365203711747,3.5823934331051945,3.3528543498743364,3.8897075477120713,3.878052552176463,35,0.9923402461741004,3.909913164191397,3.560114360855098,3.4763880229417086,3.4999572100248963,3.801879571508085,Method4
69,100,50,0.7,3,wide,5,4,4,4,4,4,20,0.799,0.806,3.727756534847586,3.553337211419706,3.380127997074198,3.9529662569895923,3.984979055029151,36,0.9263246590717029,3.909913164191397,3.560114360855098,3.4763880229417086,3.4999572100248963,3.801879571508085,Method4
69,100,50,0.7,3,wide,5,4,4,4,4,4,20,0.799,0.806,3.7913980062416464,3.5552098436302777,3.3277883922310765,3.8164880210763488,3.951487278966743,37,0.8341739593704317,3.909913164191397,3.560114360855098,3.4763880229417086,3.4999572100248963,3.801879571508085,Method4
69,100,50,0.7,3,wide,5,4,4,4,4,4,20,0.799,0.806,3.835160424354122,3.4830956054959716,3.346257569888426,3.8405336994123536,3.9847193493381616,38,0.7637049779119933,3.909913164191397,3.560114360855098,3.4763880229417086,3.4999572100248963,3.801879571508085,Method4
69,100,50,0.7,3,wide,5,4,4,4,4,4,20,0.799,0.806,3.83199224683323,3.492709582932338,3.3104982690704414,3.83694167239929,3.9689050473110123,39,0.7605989300395899,3.909913164191397,3.560114360855098,3.4763880229417086,3.4999572100248963,3.801879571508085,Method4
69,100,50,0.7,3,wide,5,4,4,4,4,4,20,0.799,0.806,3.7524706231076452,3.4761982978413184,3.24110817278472,3.8298657787193413,3.9490878175248656,40,0.7508689624203605,3.909913164191397,3.560114360855098,3.4763880229417086,3.4999572100248963,3.801879571508085,Method4
69,100,50,0.7,3,wide,5,4,4,4,4,4,20,0.799,0.806,3.7515975921805125,3.476414138894901,3.242831940675819,3.830981406893995,3.946391896776762,41,0.7508282075426479,3.909913164191397,3.560114360855098,3.4763880229417086,3.4999572100248963,3.801879571508085,Method4
69,100,50,0.7,3,wide,5,4,4,4,4,4,20,0.799,0.806,4.3610644878644305,4.480533175249907,4.993217085827007,5.528456077559715,4.435483910106764,5,28.842349423827002,3.4829646121029847,3.870325476480975,3.4827394896038038,3.950492492166327,3.505722421346776,Method4
69,100,50,0.7,3,wide,5,4,4,4,4,4,20,0.799,0.806,4.3610644878644305,4.480533175249907,4.993217085827007,5.528456077559715,4.435483910106764,6,28.842349423827002,3.4829646121029847,3.870325476480975,3.4827394896038038,3.950492492166327,3.505722421346776,Method4
69,100,50,0.7,3,wide,5,4,4,4,4,4,20,0.799,0.806,4.124836162730947,4.215255218010256,4.386108020500283,5.09678485659495,4.261625920302222,7,11.627785804807859,3.4829646121029847,3.870325476480975,3.4827394896038038,3.950492492166327,3.505722421346776,Method4
69,100,50,0.7,3,wide,5,4,4,4,4,4,20,0.799,0.806,4.155495309200889,3.288409283115919,4.397898563923074,5.204409777421054,4.363915339091768,8,11.114930661958898,3.4829646121029847,3.870325476480975,3.4827394896038038,3.950492492166327,3.505722421346776,Method4
69,100,50,0.7,3,wide,5,4,4,4,4,4,20,0.799,0.806,3.7381923659486183,3.307725016678655,4.367907412655995,5.2482459922113165,4.326814939295174,9,10.948120825721215,3.4829646121029847,3.870325476480975,3.4827394896038038,3.950492492166327,3.505722421346776,Method4
69,100,50,0.7,3,wide,5,4,4,4,4,4,20,0.799,0.806,3.6408071953699475,3.3797985796790266,3.2376805858533007,5.2641816345217904,4.183455752670732,10,9.904047898339034,3.4829646121029847,3.870325476480975,3.4827394896038038,3.950492492166327,3.505722421346776,Method4
69,100,50,0.7,3,wide,5,4,4,4,4,4,20,0.799,0.806,3.316905531842826,3.7417949598488502,2.9380507403023373,5.301596793167715,4.121292217736254,11,6.775350142037634,3.4829646121029847,3.870325476480975,3.4827394896038038,3.950492492166327,3.505722421346776,Method4
69,100,50,0.7,3,wide,5,4,4,4,4,4,20,0.799,0.806,3.3140895613438137,3.793748059633701,2.931308578369774,5.041238296392516,4.118424974999507,12,6.717774924888979,3.4829646121029847,3.870325476480975,3.4827394896038038,3.950492492166327,3.505722421346776,Method4
69,100,50,0.7,3,wide,5,4,4,4,4,4,20,0.799,0.806,3.4816117233123145,3.7272229449519583,3.2999664242645346,4.881046434455334,3.9681296570203375,13,5.2443750152284085,3.4829646121029847,3.870325476480975,3.4827394896038038,3.950492492166327,3.505722421346776,Method4
69,100,50,0.7,3,wide,5,4,4,4,4,4,20,0.799,0.806,3.594912103071539,4.06445256938474,3.3046630108014696,4.759194808570081,3.905215918584972,14,4.603302592021478,3.4829646121029847,3.870325476480975,3.4827394896038038,3.950492492166327,3.505722421346776,Method4
69,100,50,0.7,3,wide,5,4,4,4,4,4,20,0.799,0.806,3.7340792230108706,3.622048801762172,3.36123585724273,4.775412826417474,3.888503938345862,15,4.140991075838858,3.4829646121029847,3.870325476480975,3.4827394896038038,3.950492492166327,3.505722421346776,Method4
69,100,50,0.7,3,wide,5,4,4,4,4,4,20,0.799,0.806,3.6328086613807757,3.6708899871660026,3.4339486084165634,4.7135934372254225,3.8806539176182357,16,3.8951623765912142,3.4829646121029847,3.870325476480975,3.4827394896038038,3.950492492166327,3.505722421346776,Method4
69,100,50,0.7,3,wide,5,4,4,4,4,4,20,0.799,0.806,3.573401455594958,4.000244575654203,3.2916120331064005,4.658294157735822,3.851601594687757,17,2.8938298455742784,3.4829646121029847,3.870325476480975,3.4827394896038038,3.950492492166327,3.505722421346776,Method4
69,100,50,0.7,3,wide,5,4,4,4,4,4,20,0.799,0.806,3.438399398134691,4.039101640225268,3.2923149915230967,4.646591345097548,3.84904130787842,18,2.8580500744231276,3.4829646121029847,3.870325476480975,3.4827394896038038,3.950492492166327,3.505722421346776,Method4
69,100,50,0.7,3,wide,5,4,4,4,4,4,20,0.799,0.806,3.375552238933264,4.175113651603458,3.152610355665412,4.2451435298432925,3.8347506184650544,19,2.5417467063124373,3.4829646121029847,3.870325476480975,3.4827394896038038,3.950492492166327,3.505722421346776,Method4
69,100,50,0.7,3,wide,5,4,4,4,4,4,20,0.799,0.806,3.565023988011576,4.217083353156285,3.295787692364507,4.282687554164382,3.8681483154054233,20,2.215631225545959,3.4829646121029847,3.870325476480975,3.4827394896038038,3.950492492166327,3.505722421346776,Method4
69,100,50,0.7,3,wide,5,4,4,4,4,4,20,0.799,0.806,3.5700719609690337,4.200131416578131,3.2653479903182174,4.189657062100846,3.86644210350576,21,2.207453372788061,3.4829646121029847,3.870325476480975,3.4827394896038038,3.950492492166327,3.505722421346776,Method4
69,100,50,0.7,3,wide,5,4,4,4,4,4,20,0.799,0.806,3.576474166979829,4.20046327532827,3.2656428161442417,4.192645078292865,3.8661948527616423,22,2.2073186410465735,3.4829646121029847,3.870325476480975,3.4827394896038038,3.950492492166327,3.505722421346776,Method4
69,100,50,0.7,3,wide,5,4,4,4,4,4,20,0.799,0.806,3.5865131857384087,4.20065109964154,3.2688286363834056,4.1905386282814785,3.875692972886777,23,2.2048582484367207,3.4829646121029847,3.870325476480975,3.4827394896038038,3.950492492166327,3.505722421346776,Method4
69,100,50,0.7,3,wide,5,4,4,4,4,4,20,0.799,0.806,3.55757868081275,4.264953836499426,3.2297235497341936,4.309466517158115,3.865644449372733,24,2.1143952850242402,3.4829646121029847,3.870325476480975,3.4827394896038038,3.950492492166327,3.505722421346776,Method4
69,100,50,0.7,3,wide,5,4,4,4,4,4,20,0.799,0.806,3.5497409326987963,4.242305279903887,3.245661932701923,4.245387520832628,3.84232225837151,25,2.07550883960993,3.4829646121029847,3.870325476480975,3.4827394896038038,3.950492492166327,3.505722421346776,Method4
69,100,50,0.7,3,wide,5,4,4,4,4,4,20,0.799,0.806,3.6252782444312874,4.315645940990925,3.2567297577466126,4.1553602477412594,3.8155148324438444,26,1.9765664288140121,3.4829646121029847,3.870325476480975,3.4827394896038038,3.950492492166327,3.505722421346776,Method4
69,100,50,0.7,3,wide,5,4,4,4,4,4,20,0.799,0.806,3.610501734909146,4.214353259526626,3.240552465055543,4.06187858434786,3.8501342893392807,27,1.9087537421056877,3.4829646121029847,3.870325476480975,3.4827394896038038,3.950492492166327,3.505722421346776,Method4
69,100,50,0.7,3,wide,5,4,4,4,4,4,20,0.799,0.806,3.5192230661078954,4.372119530301131,3.353015683324957,4.178925360645418,3.782065270727176,28,1.4517963994050613,3.4829646121029847,3.870325476480975,3.4827394896038038,3.950492492166327,3.505722421346776,Method4
69,100,50,0.7,3,wide,5,4,4,4,4,4,20,0.799,0.806,3.4914917504462832,4.378301591983453,3.36197436605941,4.174110461262899,3.796328930428389,29,1.3983093438414669,3.4829646121029847,3.870325476480975,3.4827394896038038,3.950492492166327,3.505722421346776,Method4
69,100,50,0.7,3,wide,5,4,4,4,4,4,20,0.799,0.806,3.5330483809791455,4.319618000135981,3.3331581171536038,4.252046379953146,3.8234141588246753,30,1.3234590173941159,3.4829646121029847,3.870325476480975,3.4827394896038038,3.950492492166327,3.505722421346776,Method4
69,100,50,0.7,3,wide,5,4,4,4,4,4,20,0.799,0.806,3.495345307225085,4.036608242182082,3.475108768950483,4.202047757042113,3.771084661772456,31,1.1931288563081213,3.4829646121029847,3.870325476480975,3.4827394896038038,3.950492492166327,3.505722421346776,Method4
69,100,50,0.7,3,wide,5,4,4,4,4,4,20,0.799,0.806,3.505778878695385,4.019362848438665,3.5100619562923923,4.165534062673013,3.7983132804632636,32,1.1427873226116487,3.4829646121029847,3.870325476480975,3.4827394896038038,3.950492492166327,3.505722421346776,Method4
69,100,50,0.7,3,wide,5,4,4,4,4,4,20,0.799,0.806,3.4655162669451918,3.856997109658532,3.337894679895892,4.149313415371797,3.764146431938984,33,1.0954672041755946,3.4829646121029847,3.870325476480975,3.4827394896038038,3.950492492166327,3.505722421346776,Method4
69,100,50,0.7,3,wide,5,4,4,4,4,4,20,0.799,0.806,3.4692490402409772,3.859539552825802,3.340851719765927,4.151270765511423,3.764053135899062,34,1.0951449511582347,3.4829646121029847,3.870325476480975,3.4827394896038038,3.950492492166327,3.505722421346776,Method4
69,100,50,0.7,3,wide,5,4,4,4,4,4,20,0.799,0.806,3.4301270342547614,3.669092182461587,3.444450084296239,3.8809532620591174,3.118950708435895,35,0.850348322284636,3.4829646121029847,3.870325476480975,3.4827394896038038,3.950492492166327,3.505722421346776,Method4
69,100,50,0.7,3,wide,5,4,4,4,4,4,20,0.799,0.806,3.3615013397873215,3.552531503350938,3.361260817160923,3.984603056251384,3.0784804912827424,36,0.8057506049763932,3.4829646121029847,3.870325476480975,3.4827394896038038,3.950492492166327,3.505722421346776,Method4
69,100,50,0.7,3,wide,5,4,4,4,4,4,20,0.799,0.806,3.333031015153157,3.523049032818351,3.3888427910138206,3.957180322649692,3.0639093351531197,37,0.799603533987723,3.4829646121029847,3.870325476480975,3.4827394896038038,3.950492492166327,3.505722421346776,Method4
69,100,50,0.7,3,wide,5,4,4,4,4,4,20,0.799,0.806,3.235917922391005,3.4934302594783255,3.39452737228838,4.049658237393929,3.0600767216397613,38,0.7730304656877395,3.4829646121029847,3.870325476480975,3.4827394896038038,3.950492492166327,3.505722421346776,Method4
69,100,50,0.7,3,wide,5,4,4,4,4,4,20,0.799,0.806,3.228735310490647,3.5205515577810154,3.368136275610732,4.091259763333037,3.07022295269678,39,0.7570485204470557,3.4829646121029847,3.870325476480975,3.4827394896038038,3.950492492166327,3.505722421346776,Method4
69,100,50,0.7,3,wide,5,4,4,4,4,4,20,0.799,0.806,3.2233638398673907,3.474386177583788,3.3396276149891153,4.122274208733751,2.9888388893448257,40,0.7486441609793472,3.4829646121029847,3.870325476480975,3.4827394896038038,3.950492492166327,3.505722421346776,Method4
69,100,50,0.7,3,wide,5,4,4,4,4,4,20,0.799,0.806,3.2255101644159057,3.331606958898847,3.5593092969599254,4.416001152794556,2.9758405525439247,41,0.7135855517952737,3.4829646121029847,3.870325476480975,3.4827394896038038,3.950492492166327,3.505722421346776,Method4
69,100,50,0.7,3,wide,5,4,4,4,4,4,20,0.799,0.806,3.654123579258377,4.388665753743396,3.788911611679077,3.9432289075406883,4.654646665772605,5,10.969677548364288,3.518500535998526,3.8015068491948107,3.545669033052997,3.482401751341938,3.762793770483175,Method4
69,100,50,0.7,3,wide,5,4,4,4,4,4,20,0.799,0.806,3.654123579258377,4.388665753743396,3.788911611679077,3.9432289075406883,4.654646665772605,6,10.969677548364288,3.518500535998526,3.8015068491948107,3.545669033052997,3.482401751341938,3.762793770483175,Method4
69,100,50,0.7,3,wide,5,4,4,4,4,4,20,0.799,0.806,3.356550158377169,4.442757898087187,3.7320024483850283,3.958241808021382,4.630066327174459,7,10.877381016772127,3.518500535998526,3.8015068491948107,3.545669033052997,3.482401751341938,3.762793770483175,Method4
69,100,50,0.7,3,wide,5,4,4,4,4,4,20,0.799,0.806,3.630320582339108,4.653001439400408,4.169951157290333,4.402466361485823,4.707857981296855,8,5.35244088670724,3.518500535998526,3.8015068491948107,3.545669033052997,3.482401751341938,3.762793770483175,Method4
69,100,50,0.7,3,wide,5,4,4,4,4,4,20,0.799,0.806,4.009485558094296,4.56401608924991,4.155569563032779,4.347020903466248,4.8483798837679135,9,3.9469966261179343,3.518500535998526,3.8015068491948107,3.545669033052997,3.482401751341938,3.762793770483175,Method4
69,100,50,0.7,3,wide,5,4,4,4,4,4,20,0.799,0.806,4.177335367870865,4.7265829201225955,3.9977596759339273,4.376397002584569,4.8470315055689825,10,3.1565661386725825,3.518500535998526,3.8015068491948107,3.545669033052997,3.482401751341938,3.762793770483175,Method4
69,100,50,0.7,3,wide,5,4,4,4,4,4,20,0.799,0.806,4.2410894259841205,4.710770463028896,3.931399998689738,4.355190798615777,4.773482153148727,11,3.0178916443791577,3.518500535998526,3.8015068491948107,3.545669033052997,3.482401751341938,3.762793770483175,Method4
69,100,50,0.7,3,wide,5,4,4,4,4,4,20,0.799,0.806,4.314626746642884,4.696016767878484,3.8735047068785895,4.289647459385796,4.797207813072605,12,2.7626161119926658,3.518500535998526,3.8015068491948107,3.545669033052997,3.482401751341938,3.762793770483175,Method4
69,100,50,0.7,3,wide,5,4,4,4,4,4,20,0.799,0.806,4.304753251293472,4.700466864085038,3.877055521976157,4.277735405931377,4.804548905271309,13,2.744236010071029,3.518500535998526,3.8015068491948107,3.545669033052997,3.482401751341938,3.762793770483175,Method4
69,100,50,0.7,3,wide,5,4,4,4,4,4,20,0.799,0.806,4.3377312982064105,4.715669945004342,3.594334986316181,4.2662931695977395,4.8113693808544555,14,2.6599564950115586,3.518500535998526,3.8015068491948107,3.545669033052997,3.482401751341938,3.762793770483175,Method4
69,100,50,0.7,3,wide,5,4,4,4,4,4,20,0.799,0.806,4.296681546671508,4.670214234166011,3.6153499417002486,4.269755166844892,4.816995621867716,15,2.629877047561154,3.518500535998526,3.8015068491948107,3.545669033052997,3.482401751341938,3.762793770483175,Method4
69,100,50,0.7,3,wide,5,4,4,4,4,4,20,0.799,0.806,4.2921283347176535,4.6596337253516245,3.540784307565819,4.256508814650529,4.818601059263236,16,2.62266425142089,3.518500535998526,3.8015068491948107,3.545669033052997,3.482401751341938,3.762793770483175,Method4
69,100,50,0.7,3,wide,5,4,4,4,4,4,20,0.799,0.806,4.294366670605452,4.637398072910913,3.540099503647371,4.277478088594814,4.8273515072774105,17,2.6018418296325128,3.518500535998526,3.8015068491948107,3.545669033052997,3.482401751341938,3.762793770483175,Method4
69,100,50,0.7,3,wide,5,4,4,4,4,4,20,0.799,0.806,4.166466694167076,4.308802010174026,3.6212701029077476,4.2131684518098576,4.922177599130957,18,2.4222436463578854,3.518500535998526,3.8015068491948107,3.545669033052997,3.482401751341938,3.762793770483175,Method4
69,100,50,0.7,3,wide,5,4,4,4,4,4,20,0.799,0.806,4.174083564127706,4.304627295869032,3.6248466581906316,4.216468280017205,4.918058874403387,19,2.4211346647599714,3.518500535998526,3.8015068491948107,3.545669033052997,3.482401751341938,3.762793770483175,Method4
69,100,50,0.7,3,wide,5,4,4,4,4,4,20,0.799,0.806,4.145504410735833,4.309074212068979,3.6084055364563645,4.219507517308067,4.922346646855501,20,2.4164898709742624,3.518500535998526,3.8015068491948107,3.545669033052997,3.482401751341938,3.762793770483175,Method4
69,100,50,0.7,3,wide,5,4,4,4,4,4,20,0.799,0.806,4.144124712551341,4.41695226354676,3.605451604372861,4.266657994166428,4.864938353997912,21,2.284559368331791,3.518500535998526,3.8015068491948107,3.545669033052997,3.482401751341938,3.762793770483175,Method4
69,100,50,0.7,3,wide,5,4,4,4,4,4,20,0.799,0.806,4.132457114871872,4.435486421960149,3.612159016311071,4.14676358575297,4.857406420657213,22,2.2715609181888783,3.518500535998526,3.8015068491948107,3.545669033052997,3.482401751341938,3.762793770483175,Method4
69,100,50,0.7,3,wide,5,4,4,4,4,4,20,0.799,0.806,3.8953011284316443,4.377961826682838,3.6022591532345425,3.7993493812582106,4.838988426224851,23,2.0328203802061995,3.518500535998526,3.8015068491948107,3.545669033052997,3.482401751341938,3.762793770483175,Method4
69,100,50,0.7,3,wide,5,4,4,4,4,4,20,0.799,0.806,3.900944424300076,4.1391507952713935,3.55654434291171,3.7986161834960708,4.863490902873058,24,1.8934362177645403,3.518500535998526,3.8015068491948107,3.545669033052997,3.482401751341938,3.762793770483175,Method4
69,100,50,0.7,3,wide,5,4,4,4,4,4,20,0.799,0.806,3.8654215089452464,4.154782956984727,3.576533156259308,3.7759480201270503,4.8074064948095385,25,1.8024413012949065,3.518500535998526,3.8015068491948107,3.545669033052997,3.482401751341938,3.762793770483175,Method4
69,100,50,0.7,3,wide,5,4,4,4,4,4,20,0.799,0.806,3.7447295847436473,4.231551381421703,3.580694862843021,3.6484932129293743,4.109512532094918,26,1.519428859974301,3.518500535998526,3.8015068491948107,3.545669033052997,3.482401751341938,3.762793770483175,Method4
69,100,50,0.7,3,wide,5,4,4,4,4,4,20,0.799,0.806,3.7211574107321743,4.215429178479962,3.604712781282496,3.7571638007199346,4.117014534382297,27,1.4743708494566579,3.518500535998526,3.8015068491948107,3.545669033052997,3.482401751341938,3.762793770483175,Method4
69,100,50,0.7,3,wide,5,4,4,4,4,4,20,0.799,0.806,3.7091151411530427,4.229836721678359,3.476077338328719,3.6868414013724586,4.125677923241594,28,1.4436681674878213,3.518500535998526,3.8015068491948107,3.545669033052997,3.482401751341938,3.762793770483175,Method4
69,100,50,0.7,3,wide,5,4,4,4,4,4,20,0.799,0.806,3.736590303994444,4.249729162798529,3.4835499295609202,3.7375314617044166,4.184467726418375,29,1.2585761813151621,3.518500535998526,3.8015068491948107,3.545669033052997,3.482401751341938,3.762793770483175,Method4
69,100,50,0.7,3,wide,5,4,4,4,4,4,20,0.799,0.806,3.7165861002713974,4.1960625720736004,3.6345034838665677,3.746035790015184,4.283800094534638,30,1.1413245410496156,3.518500535998526,3.8015068491948107,3.545669033052997,3.482401751341938,3.762793770483175,Method4
69,100,50,0.7,3,wide,5,4,4,4,4,4,20,0.799,0.806,3.664661951836335,4.172017292056559,3.6138697706639307,3.6870520200049297,4.318841295672061,31,1.11412329026394,3.518500535998526,3.8015068491948107,3.545669033052997,3.482401751341938,3.762793770483175,Method4
69,100,50,0.7,3,wide,5,4,4,4,4,4,20,0.799,0.806,3.6270610512044263,4.157898318597163,3.4795178556519413,3.6244529093699134,4.275646574952005,32,1.075716040620084,3.518500535998526,3.8015068491948107,3.545669033052997,3.482401751341938,3.762793770483175,Method4
69,100,50,0.7,3,wide,5,4,4,4,4,4,20,0.799,0.806,3.7320259225912564,4.007615470127594,3.4813369284904785,3.6868250826242766,4.199856322342962,33,0.9572153099122171,3.518500535998526,3.8015068491948107,3.545669033052997,3.482401751341938,3.762793770483175,Method4
69,100,50,0.7,3,wide,5,4,4,4,4,4,20,0.799,0.806,3.6935516696326256,3.885129883446295,3.593977187103314,3.669795879833044,4.172315394750042,34,0.92087490429247,3.518500535998526,3.8015068491948107,3.545669033052997,3.482401751341938,3.762793770483175,Method4
69,100,50,0.7,3,wide,5,4,4,4,4,4,20,0.799,0.806,3.7487651785388825,3.8777840517430606,3.6064441893001886,3.6832835941558613,4.1810574201312996,35,0.9114942205103349,3.518500535998526,3.8015068491948107,3.545669033052997,3.482401751341938,3.762793770483175,Method4
69,100,50,0.7,3,wide,5,4,4,4,4,4,20,0.799,0.806,3.9348776303385837,3.9618390208587146,3.587211859996371,3.73283178115511,3.9033294654322215,36,0.7980885256334173,3.518500535998526,3.8015068491948107,3.545669033052997,3.482401751341938,3.762793770483175,Method4
69,100,50,0.7,3,wide,5,4,4,4,4,4,20,0.799,0.806,3.9365889031502777,3.950473000185314,3.5890569480906023,3.739761348789489,3.9032824286279353,37,0.7965593132014204,3.518500535998526,3.8015068491948107,3.545669033052997,3.482401751341938,3.762793770483175,Method4
69,100,50,0.7,3,wide,5,4,4,4,4,4,20,0.799,0.806,3.8235363338553823,3.966030002354728,3.537927343923669,3.719592137890761,3.878171223808194,38,0.7702954996020486,3.518500535998526,3.8015068491948107,3.545669033052997,3.482401751341938,3.762793770483175,Method4
69,100,50,0.7,3,wide,5,4,4,4,4,4,20,0.799,0.806,3.8236943949284594,3.9676301621218033,3.5328536000460864,3.7177210811433947,3.87851608178055,39,0.770250409095999,3.518500535998526,3.8015068491948107,3.545669033052997,3.482401751341938,3.762793770483175,Method4
69,100,50,0.7,3,wide,5,4,4,4,4,4,20,0.799,0.806,3.82441714435511,3.973988781831688,3.6245193818937564,3.7942456741346295,3.846996053210886,40,0.7596443250115213,3.518500535998526,3.8015068491948107,3.545669033052997,3.482401751341938,3.762793770483175,Method4
69,100,50,0.7,3,wide,5,4,4,4,4,4,20,0.799,0.806,3.8183980279854723,3.987346283230728,3.6219971790767134,3.792609039360916,3.844533981283571,41,0.7589818282902027,3.518500535998526,3.8015068491948107,3.545669033052997,3.482401751341938,3.762793770483175,Method4
69,100,50,0.7,3,wide,5,4,4,4,4,4,20,0.799,0.806,4.431811699917614,5.553454980390919,4.122093805501128,3.4157619153232184,5.524588742132673,5,13.118556451413014,3.950790861612914,3.8715548969893394,3.751000070894784,3.667513221724328,3.7886836837019446,Method4
69,100,50,0.7,3,wide,5,4,4,4,4,4,20,0.799,0.806,4.431811699917614,5.553454980390919,4.122093805501128,3.4157619153232184,5.524588742132673,6,13.118556451413014,3.950790861612914,3.8715548969893394,3.751000070894784,3.667513221724328,3.7886836837019446,Method4
69,100,50,0.7,3,wide,5,4,4,4,4,4,20,0.799,0.806,4.460992098946861,4.86458834631154,4.243284625803589,3.5925431757211275,4.656397589395467,7,6.12976894430212,3.950790861612914,3.8715548969893394,3.751000070894784,3.667513221724328,3.7886836837019446,Method4
69,100,50,0.7,3,wide,5,4,4,4,4,4,20,0.799,0.806,4.419110729944604,4.793996826720784,4.362371267433992,3.66431798812199,4.630999943947674,8,4.31069463203333,3.950790861612914,3.8715548969893394,3.751000070894784,3.667513221724328,3.7886836837019446,Method4
69,100,50,0.7,3,wide,5,4,4,4,4,4,20,0.799,0.806,4.53564497620204,4.832054621801935,4.4852199707604985,3.7763864995288348,4.507229001101364,9,3.2842304808818987,3.950790861612914,3.8715548969893394,3.751000070894784,3.667513221724328,3.7886836837019446,Method4
69,100,50,0.7,3,wide,5,4,4,4,4,4,20,0.799,0.806,4.539155360730394,4.415515609667277,4.4626856044273575,3.6847470974532803,4.574836271182575,10,3.148314441334529,3.950790861612914,3.8715548969893394,3.751000070894784,3.667513221724328,3.7886836837019446,Method4
69,100,50,0.7,3,wide,5,4,4,4,4,4,20,0.799,0.806,4.525557760596013,4.410455981200901,4.468221996173101,3.6349366672278656,4.57065935451966,11,3.1454932263311037,3.950790861612914,3.8715548969893394,3.751000070894784,3.667513221724328,3.7886836837019446,Method4
69,100,50,0.7,3,wide,5,4,4,4,4,4,20,0.799,0.806,4.4667944472632355,4.3893166043612535,4.434305766752267,3.676001595199329,4.593635863430444,12,3.024008618833334,3.950790861612914,3.8715548969893394,3.751000070894784,3.667513221724328,3.7886836837019446,Method4
69,100,50,0.7,3,wide,5,4,4,4,4,4,20,0.799,0.806,4.479840579119901,4.38643186999318,4.443644137417216,3.6791655332431237,4.501722602913336,13,3.0173988283956152,3.950790861612914,3.8715548969893394,3.751000070894784,3.667513221724328,3.7886836837019446,Method4
69,100,50,0.7,3,wide,5,4,4,4,4,4,20,0.799,0.806,4.526956780795063,4.1661784204820584,4.520124552390109,3.7300067440880826,4.44813323471618,14,2.584227275270802,3.950790861612914,3.8715548969893394,3.751000070894784,3.667513221724328,3.7886836837019446,Method4
69,100,50,0.7,3,wide,5,4,4,4,4,4,20,0.799,0.806,4.56970516281407,4.18318990466845,4.555686393529171,3.6345356312860857,4.489498037377871,15,2.3016465507232784,3.950790861612914,3.8715548969893394,3.751000070894784,3.667513221724328,3.7886836837019446,Method4
69,100,50,0.7,3,wide,5,4,4,4,4,4,20,0.799,0.806,4.566972945897038,4.1737602938301945,4.55452705720909,3.5870702368120013,4.488204923304721,16,2.298244157293908,3.950790861612914,3.8715548969893394,3.751000070894784,3.667513221724328,3.7886836837019446,Method4
69,100,50,0.7,3,wide,5,4,4,4,4,4,20,0.799,0.806,4.605422915916671,4.205814551573647,3.967138168985416,3.6547227598320022,4.439945081904052,17,1.974134350101994,3.950790861612914,3.8715548969893394,3.751000070894784,3.667513221724328,3.7886836837019446,Method4
69,100,50,0.7,3,wide,5,4,4,4,4,4,20,0.799,0.806,4.619520927728387,4.221693303939709,3.9753102826496542,3.6211541691535056,4.433674443243138,18,1.969551930320404,3.950790861612914,3.8715548969893394,3.751000070894784,3.667513221724328,3.7886836837019446,Method4
69,100,50,0.7,3,wide,5,4,4,4,4,4,20,0.799,0.806,4.635441206942401,4.195983506162251,4.000818253854425,3.6492311776708575,4.418009389712385,19,1.9065244864002886,3.950790861612914,3.8715548969893394,3.751000070894784,3.667513221724328,3.7886836837019446,Method4
69,100,50,0.7,3,wide,5,4,4,4,4,4,20,0.799,0.806,4.644022217981304,4.311942037123783,4.005800622052526,3.570422109432532,4.322659867240745,20,1.771465874214395,3.950790861612914,3.8715548969893394,3.751000070894784,3.667513221724328,3.7886836837019446,Method4
69,100,50,0.7,3,wide,5,4,4,4,4,4,20,0.799,0.806,4.65518683270674,4.3095289615163495,4.011250576564243,3.5625010229335166,4.320662693723511,21,1.764403608449311,3.950790861612914,3.8715548969893394,3.751000070894784,3.667513221724328,3.7886836837019446,Method4
69,100,50,0.7,3,wide,5,4,4,4,4,4,20,0.799,0.806,4.6473523450884295,4.274701072317301,4.02382345511948,3.5508290244133964,4.291408473513008,22,1.743208326951335,3.950790861612914,3.8715548969893394,3.751000070894784,3.667513221724328,3.7886836837019446,Method4
69,100,50,0.7,3,wide,5,4,4,4,4,4,20,0.799,0.806,4.631610871965502,4.248958261855197,4.029258381371248,3.551033533491977,4.299534208263454,23,1.7368241728266074,3.950790861612914,3.8715548969893394,3.751000070894784,3.667513221724328,3.7886836837019446,Method4
69,100,50,0.7,3,wide,5,4,4,4,4,4,20,0.799,0.806,4.629840507734681,4.234061261555333,4.040123352858731,3.549259129568477,4.248207807752368,24,1.7326054016352346,3.950790861612914,3.8715548969893394,3.751000070894784,3.667513221724328,3.7886836837019446,Method4
69,100,50,0.7,3,wide,5,4,4,4,4,4,20,0.799,0.806,4.627932711258645,4.232681131975251,4.039999989291194,3.5393598450776595,4.25394479017039,25,1.7322383926818194,3.950790861612914,3.8715548969893394,3.751000070894784,3.667513221724328,3.7886836837019446,Method4
69,100,50,0.7,3,wide,5,4,4,4,4,4,20,0.799,0.806,4.60983197980294,4.277981882870928,3.9755345717242334,3.5881684741939988,4.2309025660737385,26,1.5612313554515351,3.950790861612914,3.8715548969893394,3.751000070894784,3.667513221724328,3.7886836837019446,Method4
69,100,50,0.7,3,wide,5,4,4,4,4,4,20,0.799,0.806,4.2768526970417,4.217845394375421,3.9963673564668913,3.5481157669000427,4.242498316409972,27,1.5024353956257828,3.950790861612914,3.8715548969893394,3.751000070894784,3.667513221724328,3.7886836837019446,Method4
69,100,50,0.7,3,wide,5,4,4,4,4,4,20,0.799,0.806,4.2763749775893425,4.17573190555597,3.9682808651304335,3.5305025373581675,4.243670828417676,28,1.4980519340822305,3.950790861612914,3.8715548969893394,3.751000070894784,3.667513221724328,3.7886836837019446,Method4
69,100,50,0.7,3,wide,5,4,4,4,4,4,20,0.799,0.806,4.215731751779215,3.995748915347382,3.6884349242939467,3.4351740934426966,4.24023411653068,29,1.276539423532419,3.950790861612914,3.8715548969893394,3.751000070894784,3.667513221724328,3.7886836837019446,Method4
69,100,50,0.7,3,wide,5,4,4,4,4,4,20,0.799,0.806,4.174640675785921,4.000812987486436,3.7072700281888284,3.3594492887523115,4.158773112511796,30,1.2290022070804334,3.950790861612914,3.8715548969893394,3.751000070894784,3.667513221724328,3.7886836837019446,Method4
69,100,50,0.7,3,wide,5,4,4,4,4,4,20,0.799,0.806,4.147505741089089,3.975979893773886,3.6032525849971346,3.335614142404456,4.119295838854953,31,1.2009374082795252,3.950790861612914,3.8715548969893394,3.751000070894784,3.667513221724328,3.7886836837019446,Method4
69,100,50,0.7,3,wide,5,4,4,4,4,4,20,0.799,0.806,4.230233673574289,3.9902469343115747,3.7578301767460363,3.3112643856457833,4.184709336406415,32,1.0677417542961896,3.950790861612914,3.8715548969893394,3.751000070894784,3.667513221724328,3.7886836837019446,Method4
69,100,50,0.7,3,wide,5,4,4,4,4,4,20,0.799,0.806,4.083447327193963,4.0253547829469865,3.7540637645542723,3.298574042373627,4.197709236766287,33,1.0390881496720832,3.950790861612914,3.8715548969893394,3.751000070894784,3.667513221724328,3.7886836837019446,Method4
69,100,50,0.7,3,wide,5,4,4,4,4,4,20,0.799,0.806,4.11285018509038,4.106390422375771,3.7657636095207994,3.3336730230658183,4.194707791737841,34,0.9655859227706769,3.950790861612914,3.8715548969893394,3.751000070894784,3.667513221724328,3.7886836837019446,Method4
69,100,50,0.7,3,wide,5,4,4,4,4,4,20,0.799,0.806,4.233260992108834,3.9613181030160183,3.799739296599341,3.3663117304878405,3.9790652839749776,35,0.8574408837849019,3.950790861612914,3.8715548969893394,3.751000070894784,3.667513221724328,3.7886836837019446,Method4
69,100,50,0.7,3,wide,5,4,4,4,4,4,20,0.799,0.806,4.186549802958572,3.8985579560259733,3.7541472766069384,3.3854785693737277,4.01150586638086,36,0.8423167734359378,3.950790861612914,3.8715548969893394,3.751000070894784,3.667513221724328,3.7886836837019446,Method4
69,100,50,0.7,3,wide,5,4,4,4,4,4,20,0.799,0.806,4.2585074887561944,3.899873392122848,3.748056655270913,3.4676450724164685,4.033267705201772,37,0.79808516202219415,3.950790861612914,3.8715548969893394,3.751000070894784,3.667513221724328,3.7886836837019446,Method4
69,100,50,0.7,3,wide,5,4,4,4,4,4,20,0.799,0.806,4.2584306795826015,3.8994626714932483,3.7479349250532428,3.4657805834468345,4.03352111431296,38,0.7980684703171623,3.950790861612914,3.8715548969893394,3.751000070894784,3.667513221724328,3.7886836837019446,Method4
69,100,50,0.7,3,wide,5,4,4,4,4,4,20,0.799,0.806,4.262675692632685,3.8643932418189855,3.7472801466416192,3.459651011527366,4.023238064079748,39,0.7921226902144513,3.950790861612914,3.8715548969893394,3.751000070894784,3.667513221724328,3.7886836837019446,Method4
69,100,50,0.7,3,wide,5,4,4,4,4,4,20,0.799,0.806,4.210457359044991,3.815618459481914,3.738154891954567,3.5272281128503438,3.9844941756280075,40,0.752783781876769,3.950790861612914,3.8715548969893394,3.751000070894784,3.667513221724328,3.7886836837019446,Method4
69,100,50,0.7,3,wide,5,4,4,4,4,4,20,0.799,0.806,4.1722451112323204,3.741144678998321,3.6569431868147193,3.5355143624057517,3.9697828294935684,41,0.7386388291876399,3.950790861612914,3.8715548969893394,3.751000070894784,3.667513221724328,3.7886836837019446,Method4
69,100,50,0.7,3,wide,5,4,4,4,4,4,20,0.799,0.806,4.421287370312366,4.444017686428558,4.794842138383576,4.019564419677716,4.527863555805777,5,13.824656594016366,3.9007096584595566,3.5417714478098064,3.684054736976766,3.9168961105326736,3.544939648663153,Method4
69,100,50,0.7,3,wide,5,4,4,4,4,4,20,0.799,0.806,4.421287370312366,4.444017686428558,4.794842138383576,4.019564419677716,4.527863555805777,6,13.824656594016366,3.9007096584595566,3.5417714478098064,3.684054736976766,3.9168961105326736,3.544939648663153,Method4
69,100,50,0.7,3,wide,5,4,4,4,4,4,20,0.799,0.806,4.425197040385896,4.442948264496049,4.779597995350497,4.018810555061891,4.526016769070651,7,13.824397495656044,3.9007096584595566,3.5417714478098064,3.684054736976766,3.9168961105326736,3.544939648663153,Method4
69,100,50,0.7,3,wide,5,4,4,4,4,4,20,0.799,0.806,3.907839827053356,4.439602888720784,4.680128771379957,4.073562970074482,4.483534231256677,8,13.486867425105729,3.9007096584595566,3.5417714478098064,3.684054736976766,3.9168961105326736,3.544939648663153,Method4
69,100,50,0.7,3,wide,5,4,4,4,4,4,20,0.799,0.806,4.1540537218027795,4.132667843389611,4.590408348431944,3.8784109157506568,4.512282021556223,9,5.317726786087993,3.9007096584595566,3.5417714478098064,3.684054736976766,3.9168961105326736,3.544939648663153,Method4
69,100,50,0.7,3,wide,5,4,4,4,4,4,20,0.799,0.806,4.130172087535671,4.313338602796496,4.707776398421542,3.805422015359971,4.4862203838241195,10,4.419635268456519,3.9007096584595566,3.5417714478098064,3.684054736976766,3.9168961105326736,3.544939648663153,Method4
69,100,50,0.7,3,wide,5,4,4,4,4,4,20,0.799,0.806,4.028309030635847,4.358767542964623,4.459951293785732,3.8832816292022514,4.480808588641638,11,4.2853781384743685,3.9007096584595566,3.5417714478098064,3.684054736976766,3.9168961105326736,3.544939648663153,Method4
69,100,50,0.7,3,wide,5,4,4,4,4,4,20,0.799,0.806,4.0163222688361495,4.371634113572277,4.43513712924648,4.17992936402757,4.480599814041426,12,4.215784451900675,3.9007096584595566,3.5417714478098064,3.684054736976766,3.9168961105326736,3.544939648663153,Method4
69,100,50,0.7,3,wide,5,4,4,4,4,4,20,0.799,0.806,4.06431030384788,4.398403806531236,4.383541606686742,4.040070628365204,4.1670486515239515,13,4.13602340166702,3.9007096584595566,3.5417714478098064,3.684054736976766,3.9168961105326736,3.544939648663153,Method4
69,100,50,0.7,3,wide,5,4,4,4,4,4,20,0.799,0.806,3.966202175071113,4.280151328779398,4.0523924826815465,4.276786037861557,4.414071048656393,14,2.748175350000017,3.9007096584595566,3.5417714478098064,3.684054736976766,3.9168961105326736,3.544939648663153,Method4
69,100,50,0.7,3,wide,5,4,4,4,4,4,20,0.799,0.806,3.7553181352739458,4.279639276705882,4.07101197838038,4.129879291539622,4.429771266272266,15,2.610783079277109,3.9007096584595566,3.5417714478098064,3.684054736976766,3.9168961105326736,3.544939648663153,Method4
69,100,50,0.7,3,wide,5,4,4,4,4,4,20,0.799,0.806,3.7588997983023784,4.237879558177515,4.125904058598069,4.066610338498809,4.3651168461492595,16,2.2683205833843982,3.9007096584595566,3.5417714478098064,3.684054736976766,3.9168961105326736,3.544939648663153,Method4
69,100,50,0.7,3,wide,5,4,4,4,4,4,20,0.799,0.806,3.828297712749204,4.350575787609934,4.150678071656301,4.009535537049474,4.22818072928125,17,2.0333884872389993,3.9007096584595566,3.5417714478098064,3.684054736976766,3.9168961105326736,3.544939648663153,Method4
69,100,50,0.7,3,wide,5,4,4,4,4,4,20,0.799,0.806,3.8230009218199275,4.329490523687737,4.135260503960278,3.975665584606312,4.119474464652086,18,2.007695110847214,3.9007096584595566,3.5417714478098064,3.684054736976766,3.9168961105326736,3.544939648663153,Method4
69,100,50,0.7,3,wide,5,4,4,4,4,4,20,0.799,0.806,3.8260454274251265,4.118472518998314,4.1567046009706,4.002775979626651,4.088384858790739,19,1.979306132744821,3.9007096584595566,3.5417714478098064,3.684054736976766,3.9168961105326736,3.544939648663153,Method4
69,100,50,0.7,3,wide,5,4,4,4,4,4,20,0.799,0.806,3.7385202804017017,4.192907850360431,4.0523207419381535,3.93767141137869,4.104926490126234,20,1.6909134505330892,3.9007096584595566,3.5417714478098064,3.684054736976766,3.9168961105326736,3.544939648663153,Method4
69,100,50,0.7,3,wide,5,4,4,4,4,4,20,0.799,0.806,3.798245219783046,4.181569828859117,4.00800236546026,3.9586753120596656,4.060490402617735,21,1.6643299493505497,3.9007096584595566,3.5417714478098064,3.684054736976766,3.9168961105326736,3.544939648663153,Method4
69,100,50,0.7,3,wide,5,4,4,4,4,4,20,0.799,0.806,3.9530116742581316,4.119315609420079,3.9212977801832287,3.9643570471476104,4.192185858807229,22,1.4491151565438738,3.9007096584595566,3.5417714478098064,3.684054736976766,3.9168961105326736,3.544939648663153,Method4
69,100,50,0.7,3,wide,5,4,4,4,4,4,20,0.799,0.806,3.9805048921442996,4.101356952361655,3.9129299255235424,3.908913173588359,4.146748478525866,23,1.4214306530738323,3.9007096584595566,3.5417714478098064,3.684054736976766,3.9168961105326736,3.544939648663153,Method4
69,100,50,0.7,3,wide,5,4,4,4,4,4,20,0.799,0.806,3.952089676486466,4.214222824787174,3.991586994878356,3.916814796369239,4.1513099660676005,24,1.159694091149522,3.9007096584595566,3.5417714478098064,3.684054736976766,3.9168961105326736,3.544939648663153,Method4
69,100,50,0.7,3,wide,5,4,4,4,4,4,20,0.799,0.806,3.9504245104066746,4.119186912342268,3.926193194740761,4.016772303365495,3.9746619987205003,25,1.0505860550687725,3.9007096584595566,3.5417714478098064,3.684054736976766,3.9168961105326736,3.544939648663153,Method4
69,100,50,0.7,3,wide,5,4,4,4,4,4,20,0.799,0.806,3.9733008046852016,4.074360366493405,3.9408598877850993,4.0027321302854295,3.94709413989788,26,1.0253154437939271,3.9007096584595566,3.5417714478098064,3.684054736976766,3.9168961105326736,3.544939648663153,Method4
69,100,50,0.7,3,wide,5,4,4,4,4,4,20,0.799,0.806,3.9874071222487886,4.05771385038308,3.941884186993581,4.024333190965613,3.942386230464793,27,1.0179842923869302,3.9007096584595566,3.5417714478098064,3.684054736976766,3.9168961105326736,3.544939648663153,Method4
69,100,50,0.7,3,wide,5,4,4,4,4,4,20,0.799,0.806,3.980839539198269,4.0462573732064575,3.9561612609227543,4.014909717156188,3.938851997664273,28,1.0167837175898713,3.9007096584595566,3.5417714478098064,3.684054736976766,3.9168961105326736,3.544939648663153,Method4
69,100,50,0.7,3,wide,5,4,4,4,4,4,20,0.799,0.806,3.9854497894484044,3.9343810261279186,4.018577059370873,4.0484380099986454,3.8854368985213714,29,0.8594634314037407,3.9007096584595566,3.5417714478098064,3.684054736976766,3.9168961105326736,3.544939648663153,Method4
69,100,50,0.7,3,wide,5,4,4,4,4,4,20,0.799,0.806,3.988615480327689,3.9367186152317806,3.953842346785088,4.06148464324806,3.811448248944672,30,0.8314561053944025,3.9007096584595566,3.5417714478098064,3.684054736976766,3.9168961105326736,3.544939648663153,Method4
69,100,50,0.7,3,wide,5,4,4,4,4,4,20,0.799,0.806,3.9956887665553285,3.960166676913261,3.9472218031849815,4.0453633154156075,3.798703984183853,31,0.8299708922764362,3.9007096584595566,3.5417714478098064,3.684054736976766,3.9168961105326736,3.544939648663153,Method4
69,100,50,0.7,3,wide,5,4,4,4,4,4,20,0.799,0.806,3.9838819444230973,3.9794309133558166,3.922767874540237,4.036874938175867,3.7882175744566324,32,0.8280288590499535,3.9007096584595566,3.5417714478098064,3.684054736976766,3.9168961105326736,3.544939648663153,Method4
69,100,50,0.7,3,wide,5,4,4,4,4,4,20,0.799,0.806,3.9688704855522827,3.9722226067080015,3.8823281249143338,3.9230453199416906,3.8008239088558837,33,0.8183172832467839,3.9007096584595566,3.5417714478098064,3.684054736976766,3.9168961105326736,3.544939648663153,Method4
69,100,50,0.7,3,wide,5,4,4,4,4,4,20,0.799,0.806,3.8768129252460954,4.0303974568246135,3.9314410542029887,3.9902815343157987,3.8031998471686537,34,0.7965553834177522,3.9007096584595566,3.5417714478098064,3.684054736976766,3.9168961105326736,3.544939648663153,Method4
69,100,50,0.7,3,wide,5,4,4,4,4,4,20,0.799,0.806,3.8912229697394976,3.9918677356160415,3.931836547539503,3.986728102926147,3.7638707321156977,35,0.7843577943269572,3.9007096584595566,3.5417714478098064,3.684054736976766,3.9168961105326736,3.544939648663153,Method4
69,100,50,0.7,3,wide,5,4,4,4,4,4,20,0.799,0.806,3.8857140425219874,3.9359979710939075,3.856854185726918,3.9220713790015087,3.7775930476994652,36,0.7041840651671437,3.9007096584595566,3.5417714478098064,3.684054736976766,3.9168961105326736,3.544939648663153,Method4
69,100,50,0.7,3,wide,5,4,4,4,4,4,20,0.799,0.806,3.790502959628101,3.930438021611049,3.919696664399177,3.9146025758679563,3.779183832761791,37,0.6732823413106752,3.9007096584595566,3.5417714478098064,3.684054736976766,3.9168961105326736,3.544939648663153,Method4
69,100,50,0.7,3,wide,5,4,4,4,4,4,20,0.799,0.806,3.786036811150845,3.9494988768097654,3.911531539517612,3.906525965480668,3.7678042080601504,38,0.6680688520094069,3.9007096584595566,3.5417714478098064,3.684054736976766,3.9168961105326736,3.544939648663153,Method4
69,100,50,0.7,3,wide,5,4,4,4,4,4,20,0.799,0.806,3.782156899858317,3.9482663950337615,3.9129773540200143,3.9071360551540666,3.774112821300822,39,0.6679311946769153,3.9007096584595566,3.5417714478098064,3.684054736976766,3.9168961105326736,3.544939648663153,Method4
69,100,50,0.7,3,wide,5,4,4,4,4,4,20,0.799,0.806,3.7959502022153555,3.9433074538634845,3.902209298192646,3.888151385032908,3.766076789306247,40,0.6662638177560402,3.9007096584595566,3.5417714478098064,3.684054736976766,3.9168961105326736,3.544939648663153,Method4
69,100,50,0.7,3,wide,5,4,4,4,4,4,20,0.799,0.806,3.797760999975552,3.9434202607406728,3.908357276265086,3.8868845600143054,3.764510856243663,41,0.6659830365112467,3.9007096584595566,3.5417714478098064,3.684054736976766,3.9168961105326736,3.544939648663153,Method4
69,100,50,0.7,3,wide,5,4,4,4,4,4,20,0.799,0.806,4.659867389691972,5.049690240767465,4.684780364992542,4.9659524500621295,4.129966895488866,5,21.49936707480756,3.918429408324844,3.7882414411336574,3.660276017793855,3.7762771144102305,3.635662498676794,Method4
69,100,50,0.7,3,wide,5,4,4,4,4,4,20,0.799,0.806,4.659867389691972,5.049690240767465,4.684780364992542,4.9659524500621295,4.129966895488866,6,21.49936707480756,3.918429408324844,3.7882414411336574,3.660276017793855,3.7762771144102305,3.635662498676794,Method4
69,100,50,0.7,3,wide,5,4,4,4,4,4,20,0.799,0.806,4.681426197143202,5.049809000144092,4.680745169558473,4.888045470639641,3.896917527668854,7,21.42271853301719,3.918429408324844,3.7882414411336574,3.660276017793855,3.7762771144102305,3.635662498676794,Method4
69,100,50,0.7,3,wide,5,4,4,4,4,4,20,0.799,0.806,4.251594952698133,4.491390692794255,4.560136488267931,4.976723862870063,3.6483520625478936,8,10.319776513777207,3.918429408324844,3.7882414411336574,3.660276017793855,3.7762771144102305,3.635662498676794,Method4
69,100,50,0.7,3,wide,5,4,4,4,4,4,20,0.799,0.806,4.821832518336903,4.419413673497271,4.383321361468685,4.829723746899689,3.945638547722997,9,6.418131564843365,3.918429408324844,3.7882414411336574,3.660276017793855,3.7762771144102305,3.635662498676794,Method4
69,100,50,0.7,3,wide,5,4,4,4,4,4,20,0.799,0.806,5.1304631625364605,4.336783702378301,4.484929070232426,4.753571806878631,3.7300296115679443,10,5.060574908415147,3.918429408324844,3.7882414411336574,3.660276017793855,3.7762771144102305,3.635662498676794,Method4
69,100,50,0.7,3,wide,5,4,4,4,4,4,20,0.799,0.806,4.9650000126024505,4.309430943749699,4.556458888248172,4.74155788602971,3.704811265565464,11,4.586731859765946,3.918429408324844,3.7882414411336574,3.660276017793855,3.7762771144102305,3.635662498676794,Method4
69,100,50,0.7,3,wide,5,4,4,4,4,4,20,0.799,0.806,4.837390214400299,4.219543067654325,4.448507566381189,4.808541181285433,3.7939352927045684,12,4.010033619889544,3.918429408324844,3.7882414411336574,3.660276017793855,3.7762771144102305,3.635662498676794,Method4
69,100,50,0.7,3,wide,5,4,4,4,4,4,20,0.799,0.806,4.838583825686755,3.9339179972846985,4.47004211056166,4.821392979426953,3.7587760985590264,13,3.9610039995411808,3.918429408324844,3.7882414411336574,3.660276017793855,3.7762771144102305,3.635662498676794,Method4
69,100,50,0.7,3,wide,5,4,4,4,4,4,20,0.799,0.806,4.763550432770545,3.9519785008886568,4.559380237315073,4.71795658948927,3.780640618920641,14,3.5003672692600984,3.918429408324844,3.7882414411336574,3.660276017793855,3.7762771144102305,3.635662498676794,Method4
69,100,50,0.7,3,wide,5,4,4,4,4,4,20,0.799,0.806,4.745762164318544,4.102211589302561,4.45192550976991,4.6605624334444995,3.8566351809750827,15,3.153700925201451,3.918429408324844,3.7882414411336574,3.660276017793855,3.7762771144102305,3.635662498676794,Method4
69,100,50,0.7,3,wide,5,4,4,4,4,4,20,0.799,0.806,4.707886047979496,4.053515717209039,4.418326526225051,4.670677944319398,3.770630824641396,16,2.4334556537205354,3.918429408324844,3.7882414411336574,3.660276017793855,3.7762771144102305,3.635662498676794,Method4
69,100,50,0.7,3,wide,5,4,4,4,4,4,20,0.799,0.806,4.70609510268803,4.037855257831585,4.424519596382618,4.676778306684857,3.730480178343111,17,2.4291557369578456,3.918429408324844,3.7882414411336574,3.660276017793855,3.7762771144102305,3.635662498676794,Method4
69,100,50,0.7,3,wide,5,4,4,4,4,4,20,0.799,0.806,4.6848450597168085,4.0315960129168635,4.395066805180472,4.491336413230611,3.7207377841112708,18,2.396625295554721,3.918429408324844,3.7882414411336574,3.660276017793855,3.7762771144102305,3.635662498676794,Method4
69,100,50,0.7,3,wide,5,4,4,4,4,4,20,0.799,0.806,4.736427597824715,4.084793343388931,4.410220025413782,4.420821982784757,3.8067122753033242,19,2.2009808977760446,3.918429408324844,3.7882414411336574,3.660276017793855,3.7762771144102305,3.635662498676794,Method4
69,100,50,0.7,3,wide,5,4,4,4,4,4,20,0.799,0.806,4.361144400439416,3.9886771161497694,4.411770615585576,4.332452753730389,3.868501211324042,20,2.071333111332746,3.918429408324844,3.7882414411336574,3.660276017793855,3.7762771144102305,3.635662498676794,Method4
69,100,50,0.7,3,wide,5,4,4,4,4,4,20,0.799,0.806,4.329838615003797,3.8961847987256824,4.423625936130312,4.367204639816489,3.8627096423311613,21,2.0455695813621984,3.918429408324844,3.7882414411336574,3.660276017793855,3.7762771144102305,3.635662498676794,Method4
69,100,50,0.7,3,wide,5,4,4,4,4,4,20,0.799,0.806,4.353590709277383,3.8898625437210255,4.443024563458611,4.394343266433731,3.8694832583761554,22,2.033437662616908,3.918429408324844,3.7882414411336574,3.660276017793855,3.7762771144102305,3.635662498676794,Method4
69,100,50,0.7,3,wide,5,4,4,4,4,4,20,0.799,0.806,4.256834341802505,3.848943292142289,4.329699129772682,4.291934572450627,3.732379980228977,23,1.7171654000717802,3.918429408324844,3.7882414411336574,3.660276017793855,3.7762771144102305,3.635662498676794,Method4
69,100,50,0.7,3,wide,5,4,4,4,4,4,20,0.799,0.806,4.299356683762264,3.888687303060718,4.040289028310608,4.299233224588432,3.6881867885156856,24,1.5618720391481875,3.918429408324844,3.7882414411336574,3.660276017793855,3.7762771144102305,3.635662498676794,Method4
69,100,50,0.7,3,wide,5,4,4,4,4,4,20,0.799,0.806,4.41021812790973,3.797858939662622,3.4007453962095937,4.14190244555798,3.7687420744588715,25,1.22681875696236,3.918429408324844,3.7882414411336574,3.660276017793855,3.7762771144102305,3.635662498676794,Method4
69,100,50,0.7,3,wide,5,4,4,4,4,4,20,0.799,0.806,4.446808331890755,3.8251126185558557,3.384780837424082,4.13634267687213,3.789543402998659,26,1.210527850039831,3.918429408324844,3.7882414411336574,3.660276017793855,3.7762771144102305,3.635662498676794,Method4
69,100,50,0.7,3,wide,5,4,4,4,4,4,20,0.799,0.806,4.479616980532488,3.8162404716541,3.3642303477459112,4.133995112009464,3.789240671137031,27,1.207984148222416,3.918429408324844,3.7882414411336574,3.660276017793855,3.7762771144102305,3.635662498676794,Method4
69,100,50,0.7,3,wide,5,4,4,4,4,4,20,0.799,0.806,4.408222145715528,3.670486281096753,3.464051817460222,4.239208381295606,3.7597314446961456,28,1.1514690923942417,3.918429408324844,3.7882414411336574,3.660276017793855,3.7762771144102305,3.635662498676794,Method4
69,100,50,0.7,3,wide,5,4,4,4,4,4,20,0.799,0.806,4.376552764823862,3.6769263529402334,3.4742720405913583,4.199688557414934,3.763609689151068,29,1.141483542544719,3.918429408324844,3.7882414411336574,3.660276017793855,3.7762771144102305,3.635662498676794,Method4
69,100,50,0.7,3,wide,5,4,4,4,4,4,20,0.799,0.806,4.375973217368333,3.708716424774713,3.434167019640954,4.178265526829132,3.7733695270134304,30,1.1157794805601016,3.918429408324844,3.7882414411336574,3.660276017793855,3.7762771144102305,3.635662498676794,Method4
69,100,50,0.7,3,wide,5,4,4,4,4,4,20,0.799,0.806,4.4647395689814555,3.7207289687074137,3.338946455782744,4.254046513373873,3.7836148398080667,31,0.9801771170166258,3.918429408324844,3.7882414411336574,3.660276017793855,3.7762771144102305,3.635662498676794,Method4
69,100,50,0.7,3,wide,5,4,4,4,4,4,20,0.799,0.806,4.482180732222269,3.7098509865478935,3.310001461489781,4.145145353848359,3.765420667260684,32,0.9693181459575925,3.918429408324844,3.7882414411336574,3.660276017793855,3.7762771144102305,3.635662498676794,Method4
69,100,50,0.7,3,wide,5,4,4,4,4,4,20,0.799,0.806,4.483174027089014,3.7096502184467552,3.3107220431511606,4.145122076202386,3.764803412736843,33,0.9692754103453027,3.918429408324844,3.7882414411336574,3.660276017793855,3.7762771144102305,3.635662498676794,Method4
69,100,50,0.7,3,wide,5,4,4,4,4,4,20,0.799,0.806,4.475444352989699,3.755136170357458,3.213913962746864,4.0851522051886295,3.71961610011647,34,0.9174990746815387,3.918429408324844,3.7882414411336574,3.660276017793855,3.7762771144102305,3.635662498676794,Method4
69,100,50,0.7,3,wide,5,4,4,4,4,4,20,0.799,0.806,4.4528447150882835,3.827005854313263,3.208944091633754,4.078677775773882,3.7315411655355706,35,0.8849572094155058,3.918429408324844,3.7882414411336574,3.660276017793855,3.7762771144102305,3.635662498676794,Method4
69,100,50,0.7,3,wide,5,4,4,4,4,4,20,0.799,0.806,4.459602393848412,3.8408757548908796,3.2118360299625395,4.025687701362232,3.7403938429315335,36,0.7895307174461745,3.918429408324844,3.7882414411336574,3.660276017793855,3.7762771144102305,3.635662498676794,Method4
69,100,50,0.7,3,wide,5,4,4,4,4,4,20,0.799,0.806,4.440113003565811,3.846220584554214,3.2249265336336426,4.011061320958866,3.7540717419701983,37,0.7810934211533173,3.918429408324844,3.7882414411336574,3.660276017793855,3.7762771144102305,3.635662498676794,Method4
69,100,50,0.7,3,wide,5,4,4,4,4,4,20,0.799,0.806,4.426144571579389,3.8715433782662307,3.2225778761348405,4.0451521442107605,3.769848539292656,38,0.7758628338367392,3.918429408324844,3.7882414411336574,3.660276017793855,3.7762771144102305,3.635662498676794,Method4
69,100,50,0.7,3,wide,5,4,4,4,4,4,20,0.799,0.806,4.437647362322237,3.8192322239543515,3.2402424209302985,4.068415837151463,3.7796986090017812,39,0.7733350827210679,3.918429408324844,3.7882414411336574,3.660276017793855,3.7762771144102305,3.635662498676794,Method4
69,100,50,0.7,3,wide,5,4,4,4,4,4,20,0.799,0.806,4.530052097442332,3.864401570550313,3.2478635326585867,4.0960830789204214,3.7964455159615333,40,0.7495243732615408,3.918429408324844,3.7882414411336574,3.660276017793855,3.7762771144102305,3.635662498676794,Method4
69,100,50,0.7,3,wide,5,4,4,4,4,4,20,0.799,0.806,4.51478045019773,3.89044041354641,3.280068295835198,4.001175146782472,3.8321670010634565,41,0.7150703066873563,3.918429408324844,3.7882414411336574,3.660276017793855,3.7762771144102305,3.635662498676794,Method4
69,100,50,0.7,3,wide,5,4,4,4,4,4,20,0.799,0.806,4.915365369612059,4.525017763030692,4.510543185159878,3.974285954013621,3.0875723759459532,5,16.34123872997498,3.72373845891372,3.841449090643286,3.780682324432092,3.889142130301283,3.643697831980374,Method4
69,100,50,0.7,3,wide,5,4,4,4,4,4,20,0.799,0.806,4.915365369612059,4.525017763030692,4.510543185159878,3.974285954013621,3.0875723759459532,6,16.34123872997498,3.72373845891372,3.841449090643286,3.780682324432092,3.889142130301283,3.643697831980374,Method4
69,100,50,0.7,3,wide,5,4,4,4,4,4,20,0.799,0.806,4.9196658688631505,4.392049766201358,4.511779942923391,4.063710283356912,2.438077132233538,7,15.954979449717134,3.72373845891372,3.841449090643286,3.780682324432092,3.889142130301283,3.643697831980374,Method4
69,100,50,0.7,3,wide,5,4,4,4,4,4,20,0.799,0.806,4.453762416060249,4.6842852619581645,3.8066136937222006,4.028283182876923,3.872623319878822,8,5.643225581775352,3.72373845891372,3.841449090643286,3.780682324432092,3.889142130301283,3.643697831980374,Method4
69,100,50,0.7,3,wide,5,4,4,4,4,4,20,0.799,0.806,4.108603998047928,4.706352396593103,3.745759675702251,3.964015987714266,3.9270006240696507,9,5.49399977594175,3.72373845891372,3.841449090643286,3.780682324432092,3.889142130301283,3.643697831980374,Method4
69,100,50,0.7,3,wide,5,4,4,4,4,4,20,0.799,0.806,3.987470309662011,4.842816763553946,3.2943699713816446,4.058576993605244,4.017319235739783,10,5.32676300769024,3.72373845891372,3.841449090643286,3.780682324432092,3.889142130301283,3.643697831980374,Method4
69,100,50,0.7,3,wide,5,4,4,4,4,4,20,0.799,0.806,3.9028151266232305,4.863765489446884,3.3019230068921104,4.069286653888955,4.03635645045395,11,5.302904350254687,3.72373845891372,3.841449090643286,3.780682324432092,3.889142130301283,3.643697831980374,Method4
69,100,50,0.7,3,wide,5,4,4,4,4,4,20,0.799,0.806,3.9012274942778613,4.828699901210572,3.2842929787527013,4.090280070553895,3.9337302610217475,12,5.279590387711416,3.72373845891372,3.841449090643286,3.780682324432092,3.889142130301283,3.643697831980374,Method4
69,100,50,0.7,3,wide,5,4,4,4,4,4,20,0.799,0.806,3.894775942803357,4.747016568090898,3.274042187633288,4.092167559215015,3.9399641472156652,13,5.276670093749182,3.72373845891372,3.841449090643286,3.780682324432092,3.889142130301283,3.643697831980374,Method4
69,100,50,0.7,3,wide,5,4,4,4,4,4,20,0.799,0.806,3.56370538572271,4.551041840888446,3.9298473270655316,4.254079588999434,3.724487539246151,14,3.95035549120567,3.72373845891372,3.841449090643286,3.780682324432092,3.889142130301283,3.643697831980374,Method4
69,100,50,0.7,3,wide,5,4,4,4,4,4,20,0.799,0.806,3.8699381124745043,4.647371313954732,4.0335506389828915,4.399613457744303,3.5393051006721836,15,3.239089041172235,3.72373845891372,3.841449090643286,3.780682324432092,3.889142130301283,3.643697831980374,Method4
69,100,50,0.7,3,wide,5,4,4,4,4,4,20,0.799,0.806,3.976076564279278,4.554067426264455,4.153087934989787,4.428835674482248,3.5351619485773007,16,2.89536700626354,3.72373845891372,3.841449090643286,3.780682324432092,3.889142130301283,3.643697831980374,Method4
69,100,50,0.7,3,wide,5,4,4,4,4,4,20,0.799,0.806,4.0008388270728545,4.4010514658327775,4.220543194957993,4.5015999574378744,3.4821664890057886,17,2.746670074596768,3.72373845891372,3.841449090643286,3.780682324432092,3.889142130301283,3.643697831980374,Method4
69,100,50,0.7,3,wide,5,4,4,4,4,4,20,0.799,0.806,4.075458613297157,4.317799329816321,4.100300877806871,4.534227785594143,3.448864252694978,18,2.5198958303635752,3.72373845891372,3.841449090643286,3.780682324432092,3.889142130301283,3.643697831980374,Method4
69,100,50,0.7,3,wide,5,4,4,4,4,4,20,0.799,0.806,4.062292115761141,4.29956748788208,4.100549058542835,4.53586840075161,3.3580094825672693,19,2.50447075333582,3.72373845891372,3.841449090643286,3.780682324432092,3.889142130301283,3.643697831980374,Method4
69,100,50,0.7,3,wide,5,4,4,4,4,4,20,0.799,0.806,3.9971314763439936,4.3410222706566435,3.991784044501157,4.5233434924295715,3.3393797782991888,20,2.3575493247754826,3.72373845891372,3.841449090643286,3.780682324432092,3.889142130301283,3.643697831980374,Method4
69,100,50,0.7,3,wide,5,4,4,4,4,4,20,0.799,0.806,3.9379441226606846,4.192800512815358,3.950742800053798,4.528614363781466,3.3461322956914463,21,2.299744515218977,3.72373845891372,3.841449090643286,3.780682324432092,3.889142130301283,3.643697831980374,Method4
69,100,50,0.7,3,wide,5,4,4,4,4,4,20,0.799,0.806,3.892685196131263,4.141058015119075,4.004280071400967,4.4950296018678815,3.2869029519195743,22,2.180094878049951,3.72373845891372,3.841449090643286,3.780682324432092,3.889142130301283,3.643697831980374,Method4
69,100,50,0.7,3,wide,5,4,4,4,4,4,20,0.799,0.806,3.8934909483727296,4.141172263181255,4.004218023021271,4.494348135767814,3.2846363173424713,23,2.1799935390641387,3.72373845891372,3.841449090643286,3.780682324432092,3.889142130301283,3.643697831980374,Method4
69,100,50,0.7,3,wide,5,4,4,4,4,4,20,0.799,0.806,3.9193877529665264,4.217602605988115,4.010416731083554,4.502152790171309,3.334321787179853,24,2.0901700945819726,3.72373845891372,3.841449090643286,3.780682324432092,3.889142130301283,3.643697831980374,Method4
69,100,50,0.7,3,wide,5,4,4,4,4,4,20,0.799,0.806,3.974381597163798,4.124261139592869,3.928448891851873,4.489551311112215,3.2925977015011703,25,1.8551636139677152,3.72373845891372,3.841449090643286,3.780682324432092,3.889142130301283,3.643697831980374,Method4
69,100,50,0.7,3,wide,5,4,4,4,4,4,20,0.799,0.806,3.967531322298771,4.013520413056827,3.9429973471620414,4.513547656397817,3.2697115834292707,26,1.8172762452919573,3.72373845891372,3.841449090643286,3.780682324432092,3.889142130301283,3.643697831980374,Method4
69,100,50,0.7,3,wide,5,4,4,4,4,4,20,0.799,0.806,3.9799566047223753,4.036263903597129,3.872117269044087,4.52308582103102,3.2824102035903184,27,1.7856943976049284,3.72373845891372,3.841449090643286,3.780682324432092,3.889142130301283,3.643697831980374,Method4
69,100,50,0.7,3,wide,5,4,4,4,4,4,20,0.799,0.806,3.9552750189727455,4.025816091537719,3.8526288387685916,4.508337097273081,3.288021556991336,28,1.7795950594094156,3.72373845891372,3.841449090643286,3.780682324432092,3.889142130301283,3.643697831980374,Method4
69,100,50,0.7,3,wide,5,4,4,4,4,4,20,0.799,0.806,3.9403555727740986,4.100172142713262,3.7601911175085045,4.562575337027864,3.2116901194239458,29,1.7308308166676603,3.72373845891372,3.841449090643286,3.780682324432092,3.889142130301283,3.643697831980374,Method4
69,100,50,0.7,3,wide,5,4,4,4,4,4,20,0.799,0.806,3.9603358838731744,4.086461048932968,3.7123830269351457,4.578489390049171,3.166592855982176,30,1.6302294761247567,3.72373845891372,3.841449090643286,3.780682324432092,3.889142130301283,3.643697831980374,Method4
69,100,50,0.7,3,wide,5,4,4,4,4,4,20,0.799,0.806,3.910233054310816,4.101169589434566,3.620285822530246,4.250229854685224,3.195580977678939,31,1.574990665591696,3.72373845891372,3.841449090643286,3.780682324432092,3.889142130301283,3.643697831980374,Method4
69,100,50,0.7,3,wide,5,4,4,4,4,4,20,0.799,0.806,3.960607008681729,4.119293267966709,3.6687531017341337,4.2688726384651074,3.1986968950972576,32,1.5375077509186226,3.72373845891372,3.841449090643286,3.780682324432092,3.889142130301283,3.643697831980374,Method4
69,100,50,0.7,3,wide,5,4,4,4,4,4,20,0.799,0.806,3.9586260347791713,4.118248874846951,3.6809378354839333,4.263970927990849,3.203395825165551,33,1.5368307038686846,3.72373845891372,3.841449090643286,3.780682324432092,3.889142130301283,3.643697831980374,Method4
69,100,50,0.7,3,wide,5,4,4,4,4,4,20,0.799,0.806,3.9464658421087453,4.18471874157268,3.583167174914355,4.301315863352389,3.2022481422200086,34,1.4974160588205114,3.72373845891372,3.841449090643286,3.780682324432092,3.889142130301283,3.643697831980374,Method4
69,100,50,0.7,3,wide,5,4,4,4,4,4,20,0.799,0.806,4.03687283712096,4.110245418986132,3.6657543767696312,4.401009933893456,3.1632048793786653,35,1.3711253053231327,3.72373845891372,3.841449090643286,3.780682324432092,3.889142130301283,3.643697831980374,Method4
69,100,50,0.7,3,wide,5,4,4,4,4,4,20,0.799,0.806,3.812755190730045,4.03817389554447,3.5480216395817856,4.070421981466953,3.267080549227505,36,1.273394058308023,3.72373845891372,3.841449090643286,3.780682324432092,3.889142130301283,3.643697831980374,Method4
69,100,50,0.7,3,wide,5,4,4,4,4,4,20,0.799,0.806,3.8282217120022644,3.9362247061757354,3.6420960259401967,4.186062734344123,3.3269468306258276,37,1.1792954762637637,3.72373845891372,3.841449090643286,3.780682324432092,3.889142130301283,3.643697831980374,Method4
69,100,50,0.7,3,wide,5,4,4,4,4,4,20,0.799,0.806,3.8271469344762123,3.9400924810070457,3.6389330642850672,4.190606866049096,3.323470152402247,38,1.1788810946584702,3.72373845891372,3.841449090643286,3.780682324432092,3.889142130301283,3.643697831980374,Method4
69,100,50,0.7,3,wide,5,4,4,4,4,4,20,0.799,0.806,3.8847456431359735,3.8951002987659145,3.6635352518267696,4.16586640757377,3.3077223165039826,39,1.1519300755678803,3.72373845891372,3.841449090643286,3.780682324432092,3.889142130301283,3.643697831980374,Method4
69,100,50,0.7,3,wide,5,4,4,4,4,4,20,0.799,0.806,3.9377449343924376,3.990117300274365,3.642955343726302,3.9843425232712173,3.2116935232747497,40,1.1173721442266535,3.72373845891372,3.841449090643286,3.780682324432092,3.889142130301283,3.643697831980374,Method4
69,100,50,0.7,3,wide,5,4,4,4,4,4,20,0.799,0.806,3.9593428685204755,3.9971790548980883,3.6439498828412544,4.001046640033319,3.2370467033979486,41,1.115673422900127,3.72373845891372,3.841449090643286,3.780682324432092,3.889142130301283,3.643697831980374,Method4
69,100,50,0.7,3,wide,5,4,4,4,4,4,20,0.799,0.806,4.165038642314293,4.8080088206217875,4.733628599140836,3.5178895329056745,4.450944653613218,5,16.088331699573388,3.4917379556444423,3.932147548148514,3.7756225352248673,3.525215562974905,3.888623445523907,Method4
69,100,50,0.7,3,wide,5,4,4,4,4,4,20,0.799,0.806,4.165038642314293,4.8080088206217875,4.733628599140836,3.5178895329056745,4.450944653613218,6,16.088331699573388,3.4917379556444423,3.932147548148514,3.7756225352248673,3.525215562974905,3.888623445523907,Method4
69,100,50,0.7,3,wide,5,4,4,4,4,4,20,0.799,0.806,4.254387330528919,4.760554800912916,4.447077732574663,3.853683354976823,4.1786114247352515,7,7.821684835265066,3.4917379556444423,3.932147548148514,3.7756225352248673,3.525215562974905,3.888623445523907,Method4
69,100,50,0.7,3,wide,5,4,4,4,4,4,20,0.799,0.806,4.070824435694598,4.573436242377441,4.42187155433694,3.7855484440751384,4.361718081411638,8,4.984417825167572,3.4917379556444423,3.932147548148514,3.7756225352248673,3.525215562974905,3.888623445523907,Method4
69,100,50,0.7,3,wide,5,4,4,4,4,4,20,0.799,0.806,4.094361110180624,4.562416925847966,4.133047018102815,3.833519459971653,4.338969045684064,9,4.856660224710221,3.4917379556444423,3.932147548148514,3.7756225352248673,3.525215562974905,3.888623445523907,Method4
69,100,50,0.7,3,wide,5,4,4,4,4,4,20,0.799,0.806,4.0897738411150435,4.58631518314664,4.235677542678622,3.840635547287682,4.41597941687603,10,4.560005969605612,3.4917379556444423,3.932147548148514,3.7756225352248673,3.525215562974905,3.888623445523907,Method4
69,100,50,0.7,3,wide,5,4,4,4,4,4,20,0.799,0.806,4.076143444649609,4.588227653380106,4.2176165742156675,3.8237409529554394,3.846886585478212,11,4.286293941229854,3.4917379556444423,3.932147548148514,3.7756225352248673,3.525215562974905,3.888623445523907,Method4
69,100,50,0.7,3,wide,5,4,4,4,4,4,20,0.799,0.806,4.010814901764749,4.60016299068314,4.337947985192112,3.688339277798997,3.722648564745956,12,3.3614041279843243,3.4917379556444423,3.932147548148514,3.7756225352248673,3.525215562974905,3.888623445523907,Method4
69,100,50,0.7,3,wide,5,4,4,4,4,4,20,0.799,0.806,3.9994057062884765,4.569146239685757,4.330190867878905,3.720648182626306,3.716421095318372,13,3.271039012222425,3.4917379556444423,3.932147548148514,3.7756225352248673,3.525215562974905,3.888623445523907,Method4
69,100,50,0.7,3,wide,5,4,4,4,4,4,20,0.799,0.806,4.0205498207754395,4.560310413548867,4.400487200433879,3.735548853214724,3.760802694981117,14,3.059385033001769,3.4917379556444423,3.932147548148514,3.7756225352248673,3.525215562974905,3.888623445523907,Method4
69,100,50,0.7,3,wide,5,4,4,4,4,4,20,0.799,0.806,4.038598425080604,4.5454315466176825,4.406087862615068,3.762710313062715,3.637720310743238,15,3.0458009905443504,3.4917379556444423,3.932147548148514,3.7756225352248673,3.525215562974905,3.888623445523907,Method4
69,100,50,0.7,3,wide,5,4,4,4,4,4,20,0.799,0.806,4.067177797021231,4.099111723617992,4.5023402809564095,3.799036513029961,3.4862366039685684,16,2.8608340833868398,3.4917379556444423,3.932147548148514,3.7756225352248673,3.525215562974905,3.888623445523907,Method4
69,100,50,0.7,3,wide,5,4,4,4,4,4,20,0.799,0.806,4.04564890454058,3.9965904751532633,4.482139142900166,3.8006169722716776,3.5092996448540195,17,2.836311839287711,3.4917379556444423,3.932147548148514,3.7756225352248673,3.525215562974905,3.888623445523907,Method4
69,100,50,0.7,3,wide,5,4,4,4,4,4,20,0.799,0.806,3.938863261110656,3.9848106277780952,4.492230828912326,3.8137125321904057,3.530495958305135,18,2.827602056502213,3.4917379556444423,3.932147548148514,3.7756225352248673,3.525215562974905,3.888623445523907,Method4
69,100,50,0.7,3,wide,5,4,4,4,4,4,20,0.799,0.806,4.044344984595391,4.097093346778902,4.227850027327083,3.9850979218409344,3.6346492700890045,19,2.3095602062924034,3.4917379556444423,3.932147548148514,3.7756225352248673,3.525215562974905,3.888623445523907,Method4
69,100,50,0.7,3,wide,5,4,4,4,4,4,20,0.799,0.806,3.9807176028269318,4.18182169201475,4.313187794345303,4.009627858003276,3.6739922334935566,20,2.222065882249971,3.4917379556444423,3.932147548148514,3.7756225352248673,3.525215562974905,3.888623445523907,Method4
69,100,50,0.7,3,wide,5,4,4,4,4,4,20,0.799,0.806,3.9668645993558402,4.143698820122178,4.316692717483275,4.0208947972438995,3.6205814170508295,21,2.2141831782743626,3.4917379556444423,3.932147548148514,3.7756225352248673,3.525215562974905,3.888623445523907,Method4
69,100,50,0.7,3,wide,5,4,4,4,4,4,20,0.799,0.806,3.871762717355525,4.333436542275065,4.391700436838837,4.11210990167341,3.6238161080117477,22,1.9367852810100163,3.4917379556444423,3.932147548148514,3.7756225352248673,3.525215562974905,3.888623445523907,Method4
69,100,50,0.7,3,wide,5,4,4,4,4,4,20,0.799,0.806,3.7594968877655197,4.31216586893102,4.380955556427175,4.099269905974269,3.581576839181604,23,1.9185468012990232,3.4917379556444423,3.932147548148514,3.7756225352248673,3.525215562974905,3.888623445523907,Method4
69,100,50,0.7,3,wide,5,4,4,4,4,4,20,0.799,0.806,3.7292856554688254,4.274898532361993,4.339815338991317,4.139524537107846,3.520208098518438,24,1.8730588340752707,3.4917379556444423,3.932147548148514,3.7756225352248673,3.525215562974905,3.888623445523907,Method4
69,100,50,0.7,3,wide,5,4,4,4,4,4,20,0.799,0.806,3.7273844363470685,4.278581780856938,4.340547039176054,4.147445339097985,3.5198725817639653,25,1.8726059091679983,3.4917379556444423,3.932147548148514,3.7756225352248673,3.525215562974905,3.888623445523907,Method4
69,100,50,0.7,3,wide,5,4,4,4,4,4,20,0.799,0.806,3.639415248333603,4.333715619242455,4.311028025044943,4.1399456997938895,3.5568718336328256,26,1.62366541253319,3.4917379556444423,3.932147548148514,3.7756225352248673,3.525215562974905,3.888623445523907,Method4
69,100,50,0.7,3,wide,5,4,4,4,4,4,20,0.799,0.806,3.5753864159874498,4.274867719421527,4.142048133532589,4.123656708705751,3.629582934605976,27,1.5348804181148321,3.4917379556444423,3.932147548148514,3.7756225352248673,3.525215562974905,3.888623445523907,Method4
69,100,50,0.7,3,wide,5,4,4,4,4,4,20,0.799,0.806,3.5752768078385566,4.277040459384406,4.140082172192308,4.115479687796177,3.62839429847014,28,1.5348346576844518,3.4917379556444423,3.932147548148514,3.7756225352248673,3.525215562974905,3.888623445523907,Method4
69,100,50,0.7,3,wide,5,4,4,4,4,4,20,0.799,0.806,3.6881014900322273,4.373761052986269,4.04954553652521,3.7576703921017383,3.8238462624140546,29,1.400615638327162,3.4917379556444423,3.932147548148514,3.7756225352248673,3.525215562974905,3.888623445523907,Method4
69,100,50,0.7,3,wide,5,4,4,4,4,4,20,0.799,0.806,3.674528009766478,4.376022528622763,4.0426808978417315,3.761023584736022,3.8205111802925105,30,1.399328848113233,3.4917379556444423,3.932147548148514,3.7756225352248673,3.525215562974905,3.888623445523907,Method4
69,100,50,0.7,3,wide,5,4,4,4,4,4,20,0.799,0.806,3.583089749874862,4.395024280545473,3.9498749099205774,3.810330898785828,3.7811823427946387,31,1.1880367571931092,3.4917379556444423,3.932147548148514,3.7756225352248673,3.525215562974905,3.888623445523907,Method4
69,100,50,0.7,3,wide,5,4,4,4,4,4,20,0.799,0.806,3.5659020636317607,4.354557090852998,4.039973284601842,3.787048636855965,3.7796699774143465,32,1.151701113736111,3.4917379556444423,3.932147548148514,3.7756225352248673,3.525215562974905,3.888623445523907,Method4
69,100,50,0.7,3,wide,5,4,4,4,4,4,20,0.799,0.806,3.500636925160194,4.374234270955607,4.000257073223852,3.71576190064386,3.8149072227768976,33,1.0836391395224816,3.4917379556444423,3.932147548148514,3.7756225352248673,3.525215562974905,3.888623445523907,Method4
69,100,50,0.7,3,wide,5,4,4,4,4,4,20,0.799,0.806,3.481659676794002,4.265588284486602,3.960984039843852,3.7142144463306574,3.7858510460259627,34,1.0564197272896927,3.4917379556444423,3.932147548148514,3.7756225352248673,3.525215562974905,3.888623445523907,Method4
69,100,50,0.7,3,wide,5,4,4,4,4,4,20,0.799,0.806,3.4799388667590887,4.2673953067980825,3.9653908604062935,3.721875385517552,3.7840053643915237,35,1.0555806618087533,3.4917379556444423,3.932147548148514,3.7756225352248673,3.525215562974905,3.888623445523907,Method4
69,100,50,0.7,3,wide,5,4,4,4,4,4,20,0.799,0.806,3.4561539150921954,4.087296865019576,4.1626308292519205,3.6479445859438955,3.9840872483170644,36,0.9177327455905782,3.4917379556444423,3.932147548148514,3.7756225352248673,3.525215562974905,3.888623445523907,Method4
69,100,50,0.7,3,wide,5,4,4,4,4,4,20,0.799,0.806,3.5176297548196467,4.1182941050414525,4.185275326316466,3.6321698936360747,3.988539574257959,37,0.904716637244624,3.4917379556444423,3.932147548148514,3.7756225352248673,3.525215562974905,3.888623445523907,Method4
69,100,50,0.7,3,wide,5,4,4,4,4,4,20,0.799,0.806,3.5265636570319283,4.075291944511504,4.247661954769864,3.6383538684660803,3.9785907238010942,38,0.8912753780212893,3.4917379556444423,3.932147548148514,3.7756225352248673,3.525215562974905,3.888623445523907,Method4
69,100,50,0.7,3,wide,5,4,4,4,4,4,20,0.799,0.806,3.5534322245578767,4.0907363653668725,4.284277619020019,3.631326262636498,4.103151368657202,39,0.882684739826474,3.4917379556444423,3.932147548148514,3.7756225352248673,3.525215562974905,3.888623445523907,Method4
69,100,50,0.7,3,wide,5,4,4,4,4,4,20,0.799,0.806,3.5680697502451277,4.037301578536853,4.275943747710674,3.627290615088709,4.122960840980395,40,0.8757148803915218,3.4917379556444423,3.932147548148514,3.7756225352248673,3.525215562974905,3.888623445523907,Method4
69,100,50,0.7,3,wide,5,4,4,4,4,4,20,0.799,0.806,3.6040975709879035,4.036093500753505,4.316437036817624,3.6404319813452655,4.141327040443411,41,0.8697323985784657,3.4917379556444423,3.932147548148514,3.7756225352248673,3.525215562974905,3.888623445523907,Method4
69,100,50,0.7,3,wide,5,4,4,4,4,4,20,0.799,0.806,4.328838130780887,3.4912991394875084,4.724959891778833,4.321974060329105,3.8794218199299433,5,15.39106031160149,3.6259192916717606,3.735778756512326,3.6231709744987524,3.5659592107990288,3.617608867682024,Method4
69,100,50,0.7,3,wide,5,4,4,4,4,4,20,0.799,0.806,4.328838130780887,3.4912991394875084,4.724959891778833,4.321974060329105,3.8794218199299433,6,15.39106031160149,3.6259192916717606,3.735778756512326,3.6231709744987524,3.5659592107990288,3.617608867682024,Method4
69,100,50,0.7,3,wide,5,4,4,4,4,4,20,0.799,0.806,4.328583570315819,3.4916723152009532,4.716374265674475,4.326011919111074,3.8154305950216694,7,15.38887521364729,3.6259192916717606,3.735778756512326,3.6231709744987524,3.5659592107990288,3.617608867682024,Method4
69,100,50,0.7,3,wide,5,4,4,4,4,4,20,0.799,0.806,4.409853534657988,3.449486115446781,4.689084040624799,4.299173028269606,3.457529167797882,8,15.139408332102395,3.6259192916717606,3.735778756512326,3.6231709744987524,3.5659592107990288,3.617608867682024,Method4
69,100,50,0.7,3,wide,5,4,4,4,4,4,20,0.799,0.806,4.478932422242624,3.73393356580202,4.547346520890103,4.817649394308275,2.9721624146173915,9,5.699726969176021,3.6259192916717606,3.735778756512326,3.6231709744987524,3.5659592107990288,3.617608867682024,Method4
69,100,50,0.7,3,wide,5,4,4,4,4,4,20,0.799,0.806,4.4132736049669985,3.7798644075159658,4.792179567503485,4.74662930242595,3.1480782680210053,10,3.743703229626465,3.6259192916717606,3.735778756512326,3.6231709744987524,3.5659592107990288,3.617608867682024,Method4
69,100,50,0.7,3,wide,5,4,4,4,4,4,20,0.799,0.806,4.466654600293406,3.7927222448214373,4.856075405215839,4.810316174326587,3.189705457765416,11,3.5101795509173677,3.6259192916717606,3.735778756512326,3.6231709744987524,3.5659592107990288,3.617608867682024,Method4
69,100,50,0.7,3,wide,5,4,4,4,4,4,20,0.799,0.806,4.463062228806537,3.820796467486131,4.856446115344388,4.812256759330757,3.192167126646174,12,3.509439411963041,3.6259192916717606,3.735778756512326,3.6231709744987524,3.5659592107990288,3.617608867682024,Method4
69,100,50,0.7,3,wide,5,4,4,4,4,4,20,0.799,0.806,4.465803121113472,3.6628882170895474,4.814163099034116,4.88015052732658,3.2743299235972385,13,3.197645137911634,3.6259192916717606,3.735778756512326,3.6231709744987524,3.5659592107990288,3.617608867682024,Method4
69,100,50,0.7,3,wide,5,4,4,4,4,4,20,0.799,0.806,4.456147972100618,3.602509722618652,4.586196495384659,4.89156491002524,3.2518104009820448,14,3.1566450738447625,3.6259192916717606,3.735778756512326,3.6231709744987524,3.5659592107990288,3.617608867682024,Method4
69,100,50,0.7,3,wide,5,4,4,4,4,4,20,0.799,0.806,4.229684778354461,3.712581144725857,4.643712227488792,4.905227457926406,3.27592553518875,15,3.0768945898245317,3.6259192916717606,3.735778756512326,3.6231709744987524,3.5659592107990288,3.617608867682024,Method4
69,100,50,0.7,3,wide,5,4,4,4,4,4,20,0.799,0.806,4.281075413161424,3.752871693965655,4.448656037181522,4.900042667261986,3.3408782995078576,16,2.746874044999891,3.6259192916717606,3.735778756512326,3.6231709744987524,3.5659592107990288,3.617608867682024,Method4
69,100,50,0.7,3,wide,5,4,4,4,4,4,20,0.799,0.806,4.282633603346547,3.728588498150924,4.4522763950380275,4.89013345747631,3.3449929642407152,17,2.746143574343496,3.6259192916717606,3.735778756512326,3.6231709744987524,3.5659592107990288,3.617608867682024,Method4
69,100,50,0.7,3,wide,5,4,4,4,4,4,20,0.799,0.806,4.373009978818766,3.6162434894982627,4.576405538236097,4.8101852863407055,3.3531836196288105,18,2.2711805511460375,3.6259192916717606,3.735778756512326,3.6231709744987524,3.5659592107990288,3.617608867682024,Method4
69,100,50,0.7,3,wide,5,4,4,4,4,4,20,0.799,0.806,4.3524537566840085,3.7403617977326067,4.5741916358771055,4.822789629073588,3.332995485752517,19,2.0614956816496166,3.6259192916717606,3.735778756512326,3.6231709744987524,3.5659592107990288,3.617608867682024,Method4
69,100,50,0.7,3,wide,5,4,4,4,4,4,20,0.799,0.806,4.311204655004496,3.7033516468190513,4.577215014126104,4.805957551705306,3.318782939755165,20,1.9463373699849709,3.6259192916717606,3.735778756512326,3.6231709744987524,3.5659592107990288,3.617608867682024,Method4
69,100,50,0.7,3,wide,5,4,4,4,4,4,20,0.799,0.806,4.326541258391099,3.669749325911234,4.5095256010405755,4.227261147576748,3.248931782593428,21,1.6023131171792615,3.6259192916717606,3.735778756512326,3.6231709744987524,3.5659592107990288,3.617608867682024,Method4
69,100,50,0.7,3,wide,5,4,4,4,4,4,20,0.799,0.806,4.314875829505137,3.667995922933779,4.519165148593533,4.206783650549917,3.2518903903875014,22,1.6012713555744846,3.6259192916717606,3.735778756512326,3.6231709744987524,3.5659592107990288,3.617608867682024,Method4
69,100,50,0.7,3,wide,5,4,4,4,4,4,20,0.799,0.806,4.331552214959178,3.6723915412831127,4.514958490838315,4.215985254951819,3.227373084363717,23,1.5976892143356538,3.6259192916717606,3.735778756512326,3.6231709744987524,3.5659592107990288,3.617608867682024,Method4
69,100,50,0.7,3,wide,5,4,4,4,4,4,20,0.799,0.806,4.266680820500544,3.695942346276868,4.475162255442946,4.238224658739965,3.184768032781551,24,1.4249172789945237,3.6259192916717606,3.735778756512326,3.6231709744987524,3.5659592107990288,3.617608867682024,Method4
69,100,50,0.7,3,wide,5,4,4,4,4,4,20,0.799,0.806,4.3181172485108785,3.7305864634437853,4.497397727627392,4.208300454758611,3.189283628419039,25,1.3927320363279945,3.6259192916717606,3.735778756512326,3.6231709744987524,3.5659592107990288,3.617608867682024,Method4
69,100,50,0.7,3,wide,5,4,4,4,4,4,20,0.799,0.806,4.281647193715718,3.7355733006383423,4.4803691728860615,4.216908845468635,3.0879825546368913,26,1.3637789386656891,3.6259192916717606,3.735778756512326,3.6231709744987524,3.5659592107990288,3.617608867682024,Method4
69,100,50,0.7,3,wide,5,4,4,4,4,4,20,0.799,0.806,4.28876870856045,3.7449360875975755,4.429441975570682,4.213311159917021,3.1201958876852482,27,1.3446848289453517,3.6259192916717606,3.735778756512326,3.6231709744987524,3.5659592107990288,3.617608867682024,Method4
69,100,50,0.7,3,wide,5,4,4,4,4,4,20,0.799,0.806,4.255572332048497,3.7479289200249766,4.4865960741638995,4.185120176332643,3.184054338268306,28,1.3211471821772263,3.6259192916717606,3.735778756512326,3.6231709744987524,3.5659592107990288,3.617608867682024,Method4
69,100,50,0.7,3,wide,5,4,4,4,4,4,20,0.799,0.806,3.998752846645282,3.7008193079057823,4.416665288672673,4.142060639667109,3.198216244171948,29,1.229978337811583,3.6259192916717606,3.735778756512326,3.6231709744987524,3.5659592107990288,3.617608867682024,Method4
69,100,50,0.7,3,wide,5,4,4,4,4,4,20,0.799,0.806,4.004072365590409,3.616383099397949,4.469755372602956,4.12198305686332,3.158351292400208,30,1.2118077689109248,3.6259192916717606,3.735778756512326,3.6231709744987524,3.5659592107990288,3.617608867682024,Method4
69,100,50,0.7,3,wide,5,4,4,4,4,4,20,0.799,0.806,4.110642332409638,3.6446043048732206,4.2637155152083706,4.07101399737089,3.2930433762114384,31,1.0879957290349942,3.6259192916717606,3.735778756512326,3.6231709744987524,3.5659592107990288,3.617608867682024,Method4
69,100,50,0.7,3,wide,5,4,4,4,4,4,20,0.799,0.806,4.124393088570618,3.653257205483765,4.279314570971795,4.072123356584156,3.3006406318067603,32,1.087184920295727,3.6259192916717606,3.735778756512326,3.6231709744987524,3.5659592107990288,3.617608867682024,Method4
69,100,50,0.7,3,wide,5,4,4,4,4,4,20,0.799,0.806,4.117351306781565,3.6101157508919592,4.281641435505366,4.08880361111751,3.292680561991823,33,1.0805000554344686,3.6259192916717606,3.735778756512326,3.6231709744987524,3.5659592107990288,3.617608867682024,Method4
69,100,50,0.7,3,wide,5,4,4,4,4,4,20,0.799,0.806,4.229807962789928,3.58515483326594,4.305611691374551,3.76591523787152,3.3875973977564944,34,0.9834940020899605,3.6259192916717606,3.735778756512326,3.6231709744987524,3.5659592107990288,3.617608867682024,Method4
69,100,50,0.7,3,wide,5,4,4,4,4,4,20,0.799,0.806,4.222561380935571,3.6233361408122593,4.341010389850443,3.712518666818923,3.3784264701864806,35,0.9757506338137842,3.6259192916717606,3.735778756512326,3.6231709744987524,3.5659592107990288,3.617608867682024,Method4
69,100,50,0.7,3,wide,5,4,4,4,4,4,20,0.799,0.806,4.20685425577899,3.627481754349392,4.379861729896418,3.7319526839635504,3.4398435637411526,36,0.9587539483086652,3.6259192916717606,3.735778756512326,3.6231709744987524,3.5659592107990288,3.617608867682024,Method4
69,100,50,0.7,3,wide,5,4,4,4,4,4,20,0.799,0.806,4.28273732435385,3.589754069834454,4.464307100508095,3.715166869231698,3.4118711498644076,37,0.8770469913222991,3.6259192916717606,3.735778756512326,3.6231709744987524,3.5659592107990288,3.617608867682024,Method4
69,100,50,0.7,3,wide,5,4,4,4,4,4,20,0.799,0.806,4.290747640048964,3.591944014701158,4.463274071712415,3.715707086813987,3.415599910459092,38,0.876977023722205,3.6259192916717606,3.735778756512326,3.6231709744987524,3.5659592107990288,3.617608867682024,Method4
69,100,50,0.7,3,wide,5,4,4,4,4,4,20,0.799,0.806,4.257065036932427,3.556866438611486,4.468201756450088,3.727978558112113,3.4279538332459643,39,0.8701351877047504,3.6259192916717606,3.735778756512326,3.6231709744987524,3.5659592107990288,3.617608867682024,Method4
69,100,50,0.7,3,wide,5,4,4,4,4,4,20,0.799,0.806,4.278508579397948,3.5866165785925803,4.505062560360251,3.6608732790577347,3.4037806700006774,40,0.8464101324307614,3.6259192916717606,3.735778756512326,3.6231709744987524,3.5659592107990288,3.617608867682024,Method4
69,100,50,0.7,3,wide,5,4,4,4,4,4,20,0.799,0.806,4.259508432074535,3.5604232571062275,4.5200997344798495,3.744442009859257,3.2390545069549135,41,0.7650899954810552,3.6259192916717606,3.735778756512326,3.6231709744987524,3.5659592107990288,3.617608867682024,Method4
69,100,50,0.7,3,wide,5,4,4,4,4,4,20,0.799,0.806,5.090687027052682,4.65384614295281,3.896837164320678,4.60441346665031,4.6429876646658546,5,26.741814200475197,3.9136115638855387,3.8670108658913627,3.894941910292855,3.8934064913829634,3.7153239265426508,Method4
69,100,50,0.7,3,wide,5,4,4,4,4,4,20,0.799,0.806,5.090687027052682,4.65384614295281,3.896837164320678,4.60441346665031,4.6429876646658546,6,26.741814200475197,3.9136115638855387,3.8670108658913627,3.894941910292855,3.8934064913829634,3.7153239265426508,Method4
69,100,50,0.7,3,wide,5,4,4,4,4,4,20,0.799,0.806,5.0279348885537765,4.852864463684951,4.603935131853189,4.694994154816568,4.901050116834318,7,8.522409797094696,3.9136115638855387,3.8670108658913627,3.894941910292855,3.8934064913829634,3.7153239265426508,Method4
69,100,50,0.7,3,wide,5,4,4,4,4,4,20,0.799,0.806,4.8468539989439146,5.012473156239286,4.682537652101216,4.596356462727768,4.691303274354934,8,5.925963645748943,3.9136115638855387,3.8670108658913627,3.894941910292855,3.8934064913829634,3.7153239265426508,Method4
69,100,50,0.7,3,wide,5,4,4,4,4,4,20,0.799,0.806,4.853423733938522,5.050385921771865,4.688175770529481,4.594696696873626,4.692403319727623,9,5.923776079780789,3.9136115638855387,3.8670108658913627,3.894941910292855,3.8934064913829634,3.7153239265426508,Method4
69,100,50,0.7,3,wide,5,4,4,4,4,4,20,0.799,0.806,4.949582916832301,4.929363138011857,4.6627328555780165,4.509990974492174,4.126959918995408,10,5.601679342359953,3.9136115638855387,3.8670108658913627,3.894941910292855,3.8934064913829634,3.7153239265426508,Method4
69,100,50,0.7,3,wide,5,4,4,4,4,4,20,0.799,0.806,5.076544050864939,4.646136358554676,4.815977308861622,4.651250255030915,4.526386110392651,11,4.3868992784058065,3.9136115638855387,3.8670108658913627,3.894941910292855,3.8934064913829634,3.7153239265426508,Method4
69,100,50,0.7,3,wide,5,4,4,4,4,4,20,0.799,0.806,4.981498992015666,4.830504363585798,4.856912134882431,4.693364425449867,4.425681708499233,12,3.471828667339946,3.9136115638855387,3.8670108658913627,3.894941910292855,3.8934064913829634,3.7153239265426508,Method4
69,100,50,0.7,3,wide,5,4,4,4,4,4,20,0.799,0.806,4.97661508490328,4.747787231943514,4.872032711487632,4.67083629536696,4.315539291016665,13,2.8894519845115516,3.9136115638855387,3.8670108658913627,3.894941910292855,3.8934064913829634,3.7153239265426508,Method4
69,100,50,0.7,3,wide,5,4,4,4,4,4,20,0.799,0.806,4.937271890131932,4.687628049189606,4.838797269153145,4.611414185876096,4.376641757019606,14,2.6837826793422175,3.9136115638855387,3.8670108658913627,3.894941910292855,3.8934064913829634,3.7153239265426508,Method4
69,100,50,0.7,3,wide,5,4,4,4,4,4,20,0.799,0.806,5.035143664795608,4.637625730143483,4.80077695990644,4.592493796151819,4.197019990757859,15,2.615064460255805,3.9136115638855387,3.8670108658913627,3.894941910292855,3.8934064913829634,3.7153239265426508,Method4
69,100,50,0.7,3,wide,5,4,4,4,4,4,20,0.799,0.806,4.999898533861496,4.620886022529402,4.808884289433371,4.647412614860669,4.181137069084222,16,2.4575796285038343,3.9136115638855387,3.8670108658913627,3.894941910292855,3.8934064913829634,3.7153239265426508,Method4
69,100,50,0.7,3,wide,5,4,4,4,4,4,20,0.799,0.806,4.484807421210994,4.554531963617273,4.727426741071883,4.675417992030065,4.315620221651689,17,2.2829402300895993,3.9136115638855387,3.8670108658913627,3.894941910292855,3.8934064913829634,3.7153239265426508,Method4
69,100,50,0.7,3,wide,5,4,4,4,4,4,20,0.799,0.806,4.423626941043837,4.564535204289067,4.707826256554609,4.660755650744618,4.337056850968235,18,2.220703509900059,3.9136115638855387,3.8670108658913627,3.894941910292855,3.8934064913829634,3.7153239265426508,Method4
69,100,50,0.7,3,wide,5,4,4,4,4,4,20,0.799,0.806,4.373984488874751,4.55655658771812,4.64681225534578,4.576634849268861,4.016970623958696,19,2.069715219186601,3.9136115638855387,3.8670108658913627,3.894941910292855,3.8934064913829634,3.7153239265426508,Method4
69,100,50,0.7,3,wide,5,4,4,4,4,4,20,0.799,0.806,4.329041255945528,4.559858857802998,4.628950955872948,4.597624652760805,3.926000906705164,20,2.0423577292814903,3.9136115638855387,3.8670108658913627,3.894941910292855,3.8934064913829634,3.7153239265426508,Method4
69,100,50,0.7,3,wide,5,4,4,4,4,4,20,0.799,0.806,4.330521968096825,4.5599745699793095,4.628710989833385,4.59662471686399,3.9261648722948568,21,2.042338792462791,3.9136115638855387,3.8670108658913627,3.894941910292855,3.8934064913829634,3.7153239265426508,Method4
69,100,50,0.7,3,wide,5,4,4,4,4,4,20,0.799,0.806,4.348811707577688,4.624811138708843,4.6232087908317565,4.59543374909923,3.9354558912150255,22,2.037928641899277,3.9136115638855387,3.8670108658913627,3.894941910292855,3.8934064913829634,3.7153239265426508,Method4
69,100,50,0.7,3,wide,5,4,4,4,4,4,20,0.799,0.806,4.3075784987531245,4.6420739661218375,4.61983551378871,4.643523857506259,4.0090449605253795,23,1.8970746490093857,3.9136115638855387,3.8670108658913627,3.894941910292855,3.8934064913829634,3.7153239265426508,Method4
69,100,50,0.7,3,wide,5,4,4,4,4,4,20,0.799,0.806,4.281189990223601,4.5228419273249365,4.63555997410823,4.647039232971808,3.977517664685682,24,1.769729321261407,3.9136115638855387,3.8670108658913627,3.894941910292855,3.8934064913829634,3.7153239265426508,Method4
69,100,50,0.7,3,wide,5,4,4,4,4,4,20,0.799,0.806,3.891740138291674,4.4443623907106815,4.605989002813073,4.6753891642673855,4.033557091125628,25,1.4856940956687332,3.9136115638855387,3.8670108658913627,3.894941910292855,3.8934064913829634,3.7153239265426508,Method4
69,100,50,0.7,3,wide,5,4,4,4,4,4,20,0.799,0.806,3.9024591724505053,4.411240389904707,4.593777796393073,4.483937021542677,4.053941828616064,26,1.454436587265904,3.9136115638855387,3.8670108658913627,3.894941910292855,3.8934064913829634,3.7153239265426508,Method4
69,100,50,0.7,3,wide,5,4,4,4,4,4,20,0.799,0.806,3.9489381923314757,4.378393094277687,4.6326465444042855,4.361954330193374,4.060245801616792,27,1.4281594342382662,3.9136115638855387,3.8670108658913627,3.894941910292855,3.8934064913829634,3.7153239265426508,Method4
69,100,50,0.7,3,wide,5,4,4,4,4,4,20,0.799,0.806,3.7565783492598306,4.075703682021924,4.643164133839631,4.3178479680582855,4.080722181375328,28,1.1165542356741682,3.9136115638855387,3.8670108658913627,3.894941910292855,3.8934064913829634,3.7153239265426508,Method4
69,100,50,0.7,3,wide,5,4,4,4,4,4,20,0.799,0.806,3.714617636020452,4.1360656758444705,4.204072976980058,4.353890480142796,4.103741510607302,29,0.8466231558066302,3.9136115638855387,3.8670108658913627,3.894941910292855,3.8934064913829634,3.7153239265426508,Method4
69,100,50,0.7,3,wide,5,4,4,4,4,4,20,0.799,0.806,3.7990544791782073,4.302792160668427,4.21646195576643,4.345625380047524,4.0888809684249425,30,0.7642716992217565,3.9136115638855387,3.8670108658913627,3.894941910292855,3.8934064913829634,3.7153239265426508,Method4
69,100,50,0.7,3,wide,5,4,4,4,4,4,20,0.799,0.806,3.7471476464238624,4.32000583419165,4.185954448049284,4.338277386220817,4.063081205662621,31,0.7366854770274853,3.9136115638855387,3.8670108658913627,3.894941910292855,3.8934064913829634,3.7153239265426508,Method4
69,100,50,0.7,3,wide,5,4,4,4,4,4,20,0.799,0.806,3.7235681088488044,4.298766038581208,4.166427822983709,4.347640962157873,4.031193766412534,32,0.7351262838527528,3.9136115638855387,3.8670108658913627,3.894941910292855,3.8934064913829634,3.7153239265426508,Method4
69,100,50,0.7,3,wide,5,4,4,4,4,4,20,0.799,0.806,3.722064725279483,4.274559454368019,4.171885155968078,4.3384301183978335,4.023858767905935,33,0.7325806697304215,3.9136115638855387,3.8670108658913627,3.894941910292855,3.8934064913829634,3.7153239265426508,Method4
69,100,50,0.7,3,wide,5,4,4,4,4,4,20,0.799,0.806,3.7124793279270056,4.2755398081848535,4.119226199167871,4.33081705077604,4.021820217982928,34,0.7280641801754398,3.9136115638855387,3.8670108658913627,3.894941910292855,3.8934064913829634,3.7153239265426508,Method4
69,100,50,0.7,3,wide,5,4,4,4,4,4,20,0.799,0.806,3.718092002724707,4.353717019099946,3.93665860564315,4.29110095528307,3.970528506545742,35,0.6343530713868916,3.9136115638855387,3.8670108658913627,3.894941910292855,3.8934064913829634,3.7153239265426508,Method4
69,100,50,0.7,3,wide,5,4,4,4,4,4,20,0.799,0.806,3.745000940999171,4.3035586625593,3.9608111020363244,4.280882894873495,3.9471050410718345,36,0.6210868954302843,3.9136115638855387,3.8670108658913627,3.894941910292855,3.8934064913829634,3.7153239265426508,Method4
69,100,50,0.7,3,wide,5,4,4,4,4,4,20,0.799,0.806,3.751353644376452,4.299765079027432,3.9658084067778536,4.271723867846442,3.9543067522037996,37,0.6205551467205619,3.9136115638855387,3.8670108658913627,3.894941910292855,3.8934064913829634,3.7153239265426508,Method4
69,100,50,0.7,3,wide,5,4,4,4,4,4,20,0.799,0.806,3.7543781335178754,4.299598459322485,3.9645500899487107,4.2726214798296365,3.959143727185531,38,0.6203190240177224,3.9136115638855387,3.8670108658913627,3.894941910292855,3.8934064913829634,3.7153239265426508,Method4
69,100,50,0.7,3,wide,5,4,4,4,4,4,20,0.799,0.806,3.7442710848601237,4.281030560328161,3.9603429223749367,4.274601180633898,3.9648876625511473,39,0.6195715732554146,3.9136115638855387,3.8670108658913627,3.894941910292855,3.8934064913829634,3.7153239265426508,Method4
69,100,50,0.7,3,wide,5,4,4,4,4,4,20,0.799,0.806,3.8263479336381643,4.313290280023402,4.0073321239836215,4.183688762667769,4.044013178617794,40,0.6033429725381243,3.9136115638855387,3.8670108658913627,3.894941910292855,3.8934064913829634,3.7153239265426508,Method4
69,100,50,0.7,3,wide,5,4,4,4,4,4,20,0.799,0.806,3.8407752797678754,4.30556986448462,3.9886051200926205,4.21018434378071,4.014618326283524,41,0.5679954402081333,3.9136115638855387,3.8670108658913627,3.894941910292855,3.8934064913829634,3.7153239265426508,Method4
69,100,50,0.7,3,wide,5,4,4,4,4,4,20,0.799,0.806,3.7729134990831796,4.1538608494768035,5.115070415764162,4.497631457706364,4.487167181099469,5,15.717807352606593,3.6800187842616623,3.502391469032573,3.7652034161669916,3.769255680558286,3.7270073814289018,Method4
69,100,50,0.7,3,wide,5,4,4,4,4,4,20,0.799,0.806,3.7729134990831796,4.1538608494768035,5.115070415764162,4.497631457706364,4.487167181099469,6,15.717807352606593,3.6800187842616623,3.502391469032573,3.7652034161669916,3.769255680558286,3.7270073814289018,Method4
69,100,50,0.7,3,wide,5,4,4,4,4,4,20,0.799,0.806,3.757109518235317,4.166334188017771,5.124939428120341,4.649416275606798,4.517856636719458,7,15.696624609748374,3.6800187842616623,3.502391469032573,3.7652034161669916,3.769255680558286,3.7270073814289018,Method4
69,100,50,0.7,3,wide,5,4,4,4,4,4,20,0.799,0.806,3.6401944713901933,4.164818815110107,5.124311833957623,4.642772460743715,4.504678865856996,8,15.685381065464949,3.6800187842616623,3.502391469032573,3.7652034161669916,3.769255680558286,3.7270073814289018,Method4
69,100,50,0.7,3,wide,5,4,4,4,4,4,20,0.799,0.806,3.896120245171905,4.440771356004114,5.253444186665341,4.389468193861973,4.417524893363303,9,5.577868417048864,3.6800187842616623,3.502391469032573,3.7652034161669916,3.769255680558286,3.7270073814289018,Method4
69,100,50,0.7,3,wide,5,4,4,4,4,4,20,0.799,0.806,4.133290277433705,4.509870194478844,5.183707602766293,4.305951866227771,4.349515376679816,10,4.266483396635579,3.6800187842616623,3.502391469032573,3.7652034161669916,3.769255680558286,3.7270073814289018,Method4
69,100,50,0.7,3,wide,5,4,4,4,4,4,20,0.799,0.806,3.9055795665766597,4.619667562928336,5.17762870321278,4.251348228650793,4.360385121149299,11,3.3391830049297266,3.6800187842616623,3.502391469032573,3.7652034161669916,3.769255680558286,3.7270073814289018,Method4
69,100,50,0.7,3,wide,5,4,4,4,4,4,20,0.799,0.806,3.654373308223853,4.5805103960895455,5.2631244049796,4.226178091320904,4.351031143555656,12,3.080659147832688,3.6800187842616623,3.502391469032573,3.7652034161669916,3.769255680558286,3.7270073814289018,Method4
69,100,50,0.7,3,wide,5,4,4,4,4,4,20,0.799,0.806,3.7050300211607117,4.53159036694341,5.177802694749017,4.123455450656328,4.321423524423601,13,2.731388717364255,3.6800187842616623,3.502391469032573,3.7652034161669916,3.769255680558286,3.7270073814289018,Method4
69,100,50,0.7,3,wide,5,4,4,4,4,4,20,0.799,0.806,3.4099887008269065,4.670536954389348,5.211489869144388,4.153138673591811,4.353430044746283,14,2.595718127795654,3.6800187842616623,3.502391469032573,3.7652034161669916,3.769255680558286,3.7270073814289018,Method4
69,100,50,0.7,3,wide,5,4,4,4,4,4,20,0.799,0.806,3.396013677718843,4.653395686255678,5.262350023503631,4.133088443061474,4.391365036875498,15,2.4499148334932657,3.6800187842616623,3.502391469032573,3.7652034161669916,3.769255680558286,3.7270073814289018,Method4
69,100,50,0.7,3,wide,5,4,4,4,4,4,20,0.799,0.806,3.395299190964819,4.649915465727952,5.269355118701623,4.145442282699721,4.392451689722144,16,2.4479014914940858,3.6800187842616623,3.502391469032573,3.7652034161669916,3.769255680558286,3.7270073814289018,Method4
69,100,50,0.7,3,wide,5,4,4,4,4,4,20,0.799,0.806,3.4305621614355934,4.665130829252851,5.237606534725859,4.21893810201603,4.444156847684624,17,2.3411649507590147,3.6800187842616623,3.502391469032573,3.7652034161669916,3.769255680558286,3.7270073814289018,Method4
69,100,50,0.7,3,wide,5,4,4,4,4,4,20,0.799,0.806,3.157763454940878,3.7423077596379377,5.366089856488709,4.147688937534616,4.400297618020832,18,1.7953099151781076,3.6800187842616623,3.502391469032573,3.7652034161669916,3.769255680558286,3.7270073814289018,Method4
69,100,50,0.7,3,wide,5,4,4,4,4,4,20,0.799,0.806,3.1453177837736255,3.655028572253366,5.371532241702852,4.120432536471896,4.399153781404484,19,1.78188770212228,3.6800187842616623,3.502391469032573,3.7652034161669916,3.769255680558286,3.7270073814289018,Method4
69,100,50,0.7,3,wide,5,4,4,4,4,4,20,0.799,0.806,3.3316570078462635,3.581002406066987,5.289972208859552,4.1144086002278755,4.402621598505503,20,1.6123200305227483,3.6800187842616623,3.502391469032573,3.7652034161669916,3.769255680558286,3.7270073814289018,Method4
69,100,50,0.7,3,wide,5,4,4,4,4,4,20,0.799,0.806,3.3163008153297566,3.54031210990405,5.24257831398405,4.099008708924309,4.3909168469593824,21,1.456860990035066,3.6800187842616623,3.502391469032573,3.7652034161669916,3.769255680558286,3.7270073814289018,Method4
69,100,50,0.7,3,wide,5,4,4,4,4,4,20,0.799,0.806,3.351302858770971,3.5459159038741705,5.244576695940605,4.003425645864578,4.3813530037849295,22,1.4289467865928456,3.6800187842616623,3.502391469032573,3.7652034161669916,3.769255680558286,3.7270073814289018,Method4
69,100,50,0.7,3,wide,5,4,4,4,4,4,20,0.799,0.806,3.4500951285833197,3.5356768090729025,5.253877222014669,4.0014005240166854,4.358352921902531,23,1.4104090040539916,3.6800187842616623,3.502391469032573,3.7652034161669916,3.769255680558286,3.7270073814289018,Method4
69,100,50,0.7,3,wide,5,4,4,4,4,4,20,0.799,0.806,3.559603876977993,3.23108185949403,5.107534924558226,3.919757283701435,4.364552670655119,24,1.2721602653640784,3.6800187842616623,3.502391469032573,3.7652034161669916,3.769255680558286,3.7270073814289018,Method4
69,100,50,0.7,3,wide,5,4,4,4,4,4,20,0.799,0.806,3.611683027256569,3.2679482197566396,5.117078202310193,3.9100871624377818,4.354948692112158,25,1.2308124483599356,3.6800187842616623,3.502391469032573,3.7652034161669916,3.769255680558286,3.7270073814289018,Method4
69,100,50,0.7,3,wide,5,4,4,4,4,4,20,0.799,0.806,3.6178314844692716,3.265253718757345,5.113786137301769,3.9131618965007946,4.353705337925245,26,1.2305254848550333,3.6800187842616623,3.502391469032573,3.7652034161669916,3.769255680558286,3.7270073814289018,Method4
69,100,50,0.7,3,wide,5,4,4,4,4,4,20,0.799,0.806,3.6728687699485456,3.314716504974306,5.120783089354691,3.879171446635984,4.306329952065431,27,1.1154253612067742,3.6800187842616623,3.502391469032573,3.7652034161669916,3.769255680558286,3.7270073814289018,Method4
69,100,50,0.7,3,wide,5,4,4,4,4,4,20,0.799,0.806,3.6570258360703054,3.312642991042992,5.116324127533855,3.8865762421970427,4.304957856792238,28,1.1114751207816604,3.6800187842616623,3.502391469032573,3.7652034161669916,3.769255680558286,3.7270073814289018,Method4
69,100,50,0.7,3,wide,5,4,4,4,4,4,20,0.799,0.806,3.6890075472316526,3.3267797659158522,5.095874050672478,3.8954296500470003,4.293559785570691,29,1.0996701090400312,3.6800187842616623,3.502391469032573,3.7652034161669916,3.769255680558286,3.7270073814289018,Method4
69,100,50,0.7,3,wide,5,4,4,4,4,4,20,0.799,0.806,3.7391748150706645,3.3279753737415194,5.107978035072756,3.8820121635563316,4.293518325226584,30,1.0860932574488438,3.6800187842616623,3.502391469032573,3.7652034161669916,3.769255680558286,3.7270073814289018,Method4
69,100,50,0.7,3,wide,5,4,4,4,4,4,20,0.799,0.806,3.7416604735304833,3.2793031284842193,5.10394277810553,3.8853994268881986,4.301275493944231,31,1.0796281806851902,3.6800187842616623,3.502391469032573,3.7652034161669916,3.769255680558286,3.7270073814289018,Method4
69,100,50,0.7,3,wide,5,4,4,4,4,4,20,0.799,0.806,3.6786818584518315,3.336150576847775,4.913347488946006,3.9140164380667497,4.298130306156876,32,1.0416666908978092,3.6800187842616623,3.502391469032573,3.7652034161669916,3.769255680558286,3.7270073814289018,Method4
69,100,50,0.7,3,wide,5,4,4,4,4,4,20,0.799,0.806,3.6851256856874324,3.3129928331635887,4.931040759144279,3.83639665730676,4.32125686899031,33,1.0319082362772998,3.6800187842616623,3.502391469032573,3.7652034161669916,3.769255680558286,3.7270073814289018,Method4
69,100,50,0.7,3,wide,5,4,4,4,4,4,20,0.799,0.806,3.7345477251097425,3.2614056811358947,4.927660068303745,3.8414912120373184,4.0475732919984235,34,0.9855721432077444,3.6800187842616623,3.502391469032573,3.7652034161669916,3.769255680558286,3.7270073814289018,Method4
69,100,50,0.7,3,wide,5,4,4,4,4,4,20,0.799,0.806,3.8004619293741984,3.2468142244865437,4.60252197298767,3.919466656149032,3.9454246758580003,35,0.9024235461281711,3.6800187842616623,3.502391469032573,3.7652034161669916,3.769255680558286,3.7270073814289018,Method4
69,100,50,0.7,3,wide,5,4,4,4,4,4,20,0.799,0.806,3.7919943076723888,3.185554853740602,4.606302663784163,3.8826342175687203,3.924292614435983,36,0.8874247656488059,3.6800187842616623,3.502391469032573,3.7652034161669916,3.769255680558286,3.7270073814289018,Method4
69,100,50,0.7,3,wide,5,4,4,4,4,4,20,0.799,0.806,3.7901706445968184,3.1916259435912404,4.6063799901818845,3.8941570585037617,3.832295468763089,37,0.8777529740897563,3.6800187842616623,3.502391469032573,3.7652034161669916,3.769255680558286,3.7270073814289018,Method4
69,100,50,0.7,3,wide,5,4,4,4,4,4,20,0.799,0.806,3.762393360640694,3.2115360021765325,4.5470347934935464,3.997196697239611,3.8475010111197308,38,0.8602426969415495,3.6800187842616623,3.502391469032573,3.7652034161669916,3.769255680558286,3.7270073814289018,Method4
69,100,50,0.7,3,wide,5,4,4,4,4,4,20,0.799,0.806,3.7639497305066425,3.2107029556356133,4.541409198386341,3.999949445139981,3.8457278034391025,39,0.8601374799270024,3.6800187842616623,3.502391469032573,3.7652034161669916,3.769255680558286,3.7270073814289018,Method4
69,100,50,0.7,3,wide,5,4,4,4,4,4,20,0.799,0.806,3.761238787150598,3.209234608249004,4.542526246265316,4.0009560500256525,3.842487381511471,40,0.8599352332094482,3.6800187842616623,3.502391469032573,3.7652034161669916,3.769255680558286,3.7270073814289018,Method4
69,100,50,0.7,3,wide,5,4,4,4,4,4,20,0.799,0.806,3.744737092409629,3.232461364289178,4.55463799039219,3.9713942729022906,3.8711892511260952,41,0.856530236881069,3.6800187842616623,3.502391469032573,3.7652034161669916,3.769255680558286,3.7270073814289018,Method4
69,100,50,0.7,3,wide,5,4,4,4,4,4,20,0.799,0.806,4.533798124710984,4.734801776882101,4.185121226881596,4.7832351129601145,4.101219561639097,5,18.960036726209903,3.8097082387076293,3.6986442874290844,3.558221081386467,3.924600787556342,3.891401765161057,Method4
69,100,50,0.7,3,wide,5,4,4,4,4,4,20,0.799,0.806,4.533798124710984,4.734801776882101,4.185121226881596,4.7832351129601145,4.101219561639097,6,18.960036726209903,3.8097082387076293,3.6986442874290844,3.558221081386467,3.924600787556342,3.891401765161057,Method4
69,100,50,0.7,3,wide,5,4,4,4,4,4,20,0.799,0.806,4.536926648520067,4.644649539771422,4.257761278442765,4.833761631524211,4.638539397721613,7,6.8402612428332565,3.8097082387076293,3.6986442874290844,3.558221081386467,3.924600787556342,3.891401765161057,Method4
69,100,50,0.7,3,wide,5,4,4,4,4,4,20,0.799,0.806,4.592055033589604,4.676133692800894,4.210996376863567,4.739794851300546,4.046828836919957,8,6.528608283919471,3.8097082387076293,3.6986442874290844,3.558221081386467,3.924600787556342,3.891401765161057,Method4
69,100,50,0.7,3,wide,5,4,4,4,4,4,20,0.799,0.806,4.612075467962284,4.688331613823804,4.168491050806221,4.549067386757468,3.9448404819069327,9,4.881790987039036,3.8097082387076293,3.6986442874290844,3.558221081386467,3.924600787556342,3.891401765161057,Method4
69,100,50,0.7,3,wide,5,4,4,4,4,4,20,0.799,0.806,4.56022363368313,4.250404874465571,4.143669863963495,4.576009346399655,3.953503677449704,10,4.671616713683872,3.8097082387076293,3.6986442874290844,3.558221081386467,3.924600787556342,3.891401765161057,Method4
69,100,50,0.7,3,wide,5,4,4,4,4,4,20,0.799,0.806,4.5548944090553345,4.23641883723498,4.1481920686952005,4.494597952212911,3.9532046085695645,11,4.666255880645461,3.8097082387076293,3.6986442874290844,3.558221081386467,3.924600787556342,3.891401765161057,Method4
69,100,50,0.7,3,wide,5,4,4,4,4,4,20,0.799,0.806,4.078275695294271,4.279107593701971,4.128158148643642,4.529350285345285,3.9294775949290237,12,4.344016729965143,3.8097082387076293,3.6986442874290844,3.558221081386467,3.924600787556342,3.891401765161057,Method4
69,100,50,0.7,3,wide,5,4,4,4,4,4,20,0.799,0.806,3.959816554910447,4.121707813126135,4.130505158618552,4.638853558544321,4.046184005719112,13,3.685716407729596,3.8097082387076293,3.6986442874290844,3.558221081386467,3.924600787556342,3.891401765161057,Method4
69,100,50,0.7,3,wide,5,4,4,4,4,4,20,0.799,0.806,3.9199169573066164,4.063535605288858,3.997364557329685,4.528906743755816,3.924693089750809,14,3.353143999703323,3.8097082387076293,3.6986442874290844,3.558221081386467,3.924600787556342,3.891401765161057,Method4
69,100,50,0.7,3,wide,5,4,4,4,4,4,20,0.799,0.806,3.884720785121674,4.2746158670842975,4.059344719051134,4.344823563167083,3.9926493699971477,15,3.0531577052946104,3.8097082387076293,3.6986442874290844,3.558221081386467,3.924600787556342,3.891401765161057,Method4
69,100,50,0.7,3,wide,5,4,4,4,4,4,20,0.799,0.806,3.902081266826464,4.2401449078675215,4.065724488189124,4.398417817905444,3.978360804979321,16,2.9803410047267977,3.8097082387076293,3.6986442874290844,3.558221081386467,3.924600787556342,3.891401765161057,Method4
69,100,50,0.7,3,wide,5,4,4,4,4,4,20,0.799,0.806,3.818918009071222,4.231715095333645,4.095992868145297,4.212151793251659,4.043583484946851,17,2.870032853935691,3.8097082387076293,3.6986442874290844,3.558221081386467,3.924600787556342,3.891401765161057,Method4
69,100,50,0.7,3,wide,5,4,4,4,4,4,20,0.799,0.806,3.871723735193832,4.339388800614995,4.095470939587723,4.202107815949232,4.002035319995285,18,2.752879130742283,3.8097082387076293,3.6986442874290844,3.558221081386467,3.924600787556342,3.891401765161057,Method4
69,100,50,0.7,3,wide,5,4,4,4,4,4,20,0.799,0.806,3.849560584087541,4.221681210192493,4.116739198310657,4.170926214228002,4.020489060161326,19,2.7151073610481142,3.8097082387076293,3.6986442874290844,3.558221081386467,3.924600787556342,3.891401765161057,Method4
69,100,50,0.7,3,wide,5,4,4,4,4,4,20,0.799,0.806,3.8060035206836695,4.392113522693635,4.070281032262626,4.4133929864972465,4.041929223669304,20,2.3122283493569697,3.8097082387076293,3.6986442874290844,3.558221081386467,3.924600787556342,3.891401765161057,Method4
69,100,50,0.7,3,wide,5,4,4,4,4,4,20,0.799,0.806,3.845780273779386,4.293130066470696,4.159302205095718,4.309680040278282,4.224951902631565,21,1.965369789799009,3.8097082387076293,3.6986442874290844,3.558221081386467,3.924600787556342,3.891401765161057,Method4
69,100,50,0.7,3,wide,5,4,4,4,4,4,20,0.799,0.806,3.842626370206362,4.271451816228606,4.163330590210463,4.319783853653137,4.23391094814133,22,1.961186476945047,3.8097082387076293,3.6986442874290844,3.558221081386467,3.924600787556342,3.891401765161057,Method4
69,100,50,0.7,3,wide,5,4,4,4,4,4,20,0.799,0.806,3.745353957042523,4.083655805442998,3.695047155336172,4.280684694136099,4.328412008512476,23,1.7889221287872472,3.8097082387076293,3.6986442874290844,3.558221081386467,3.924600787556342,3.891401765161057,Method4
69,100,50,0.7,3,wide,5,4,4,4,4,4,20,0.799,0.806,3.742471500144498,4.083920309220519,3.6845427717166057,4.228719382017515,4.334601744773948,24,1.7746632985950275,3.8097082387076293,3.6986442874290844,3.558221081386467,3.924600787556342,3.891401765161057,Method4
69,100,50,0.7,3,wide,5,4,4,4,4,4,20,0.799,0.806,3.801912337893249,3.9449089065646907,3.65219871850555,4.174064929986127,4.320734840323172,25,1.7347939861131234,3.8097082387076293,3.6986442874290844,3.558221081386467,3.924600787556342,3.891401765161057,Method4
69,100,50,0.7,3,wide,5,4,4,4,4,4,20,0.799,0.806,3.7723927989384256,4.12004754330659,3.4294994814239064,4.1652010179264005,4.410149084763621,26,1.620723784567903,3.8097082387076293,3.6986442874290844,3.558221081386467,3.924600787556342,3.891401765161057,Method4
69,100,50,0.7,3,wide,5,4,4,4,4,4,20,0.799,0.806,3.7690485201145494,4.139756811373026,3.4585603757631014,4.171678558930408,4.346238480352739,27,1.5726407411080563,3.8097082387076293,3.6986442874290844,3.558221081386467,3.924600787556342,3.891401765161057,Method4
69,100,50,0.7,3,wide,5,4,4,4,4,4,20,0.799,0.806,3.80162070772359,4.169559319072746,3.4499532854432178,4.063026910934284,4.330314447559795,28,1.4783368929267233,3.8097082387076293,3.6986442874290844,3.558221081386467,3.924600787556342,3.891401765161057,Method4
69,100,50,0.7,3,wide,5,4,4,4,4,4,20,0.799,0.806,3.8067185201599085,4.1691357165656555,3.456937429530295,4.065234342010517,4.3409755189231785,29,1.4778794462914178,3.8097082387076293,3.6986442874290844,3.558221081386467,3.924600787556342,3.891401765161057,Method4
69,100,50,0.7,3,wide,5,4,4,4,4,4,20,0.799,0.806,3.7834475356722344,4.041589492477253,3.449882146113899,4.038307706356979,3.990256192344933,30,1.2789897510045705,3.8097082387076293,3.6986442874290844,3.558221081386467,3.924600787556342,3.891401765161057,Method4
69,100,50,0.7,3,wide,5,4,4,4,4,4,20,0.799,0.806,3.779482769849267,4.040972020533354,3.4503952976324754,4.045566967556254,3.9800909207125654,31,1.2785803291157016,3.8097082387076293,3.6986442874290844,3.558221081386467,3.924600787556342,3.891401765161057,Method4
69,100,50,0.7,3,wide,5,4,4,4,4,4,20,0.799,0.806,3.8888317851967114,4.037143886162787,3.409869977314061,4.228202272589396,3.961428547440184,32,1.1815911873245817,3.8097082387076293,3.6986442874290844,3.558221081386467,3.924600787556342,3.891401765161057,Method4
69,100,50,0.7,3,wide,5,4,4,4,4,4,20,0.799,0.806,3.859031606251583,4.061895719571658,3.3965637233107775,4.248113288267263,3.896341695638739,33,1.1471531533972823,3.8097082387076293,3.6986442874290844,3.558221081386467,3.924600787556342,3.891401765161057,Method4
69,100,50,0.7,3,wide,5,4,4,4,4,4,20,0.799,0.806,3.875724553554521,4.0014387601545405,3.3654534290832516,4.297905586477008,3.8406168471356286,34,1.125359187609156,3.8097082387076293,3.6986442874290844,3.558221081386467,3.924600787556342,3.891401765161057,Method4
69,100,50,0.7,3,wide,5,4,4,4,4,4,20,0.799,0.806,3.661610872771543,3.9008558448758555,3.328635009569894,4.394742018637432,3.821298225518743,35,1.0389965209515772,3.8097082387076293,3.6986442874290844,3.558221081386467,3.924600787556342,3.891401765161057,Method4
69,100,50,0.7,3,wide,5,4,4,4,4,4,20,0.799,0.806,3.668506972916678,3.8721962758688266,3.363110435266054,4.438195353243368,3.77879000031218,36,1.0282539736739196,3.8097082387076293,3.6986442874290844,3.558221081386467,3.924600787556342,3.891401765161057,Method4
69,100,50,0.7,3,wide,5,4,4,4,4,4,20,0.799,0.806,3.567689627827875,3.8590394604861165,3.3079788292760446,4.426703799178765,3.768634846169776,37,0.9819223395810269,3.8097082387076293,3.6986442874290844,3.558221081386467,3.924600787556342,3.891401765161057,Method4
69,100,50,0.7,3,wide,5,4,4,4,4,4,20,0.799,0.806,3.5995418581367598,3.9031918873658804,3.315637570020408,4.2834444883471825,3.846827041765144,38,0.9457163318591776,3.8097082387076293,3.6986442874290844,3.558221081386467,3.924600787556342,3.891401765161057,Method4
69,100,50,0.7,3,wide,5,4,4,4,4,4,20,0.799,0.806,3.6237738455152932,3.910089197728299,3.2980160989285014,4.279209273779351,3.865490002435611,39,0.9430339726567494,3.8097082387076293,3.6986442874290844,3.558221081386467,3.924600787556342,3.891401765161057,Method4
69,100,50,0.7,3,wide,5,4,4,4,4,4,20,0.799,0.806,3.5356394141611363,3.9612178123766424,3.237911245315259,4.424687991605696,3.881012335571854,40,0.892765071532822,3.8097082387076293,3.6986442874290844,3.558221081386467,3.924600787556342,3.891401765161057,Method4
69,100,50,0.7,3,wide,5,4,4,4,4,4,20,0.799,0.806,3.5831019144169893,4.0672723007914096,3.236781836036326,4.399540656815758,3.863599145761281,41,0.8551626124031934,3.8097082387076293,3.6986442874290844,3.558221081386467,3.924600787556342,3.891401765161057,Method4
69,100,50,0.7,3,wide,5,4,4,4,4,4,20,0.799,0.806,4.214825305263466,3.6233654729395464,4.497319566923283,4.0874003249811635,4.401142275592268,5,25.559399742355488,3.5670442599118384,3.4702885395157597,3.799498650483069,3.6372205096087744,3.4987825816805835,Method4
69,100,50,0.7,3,wide,5,4,4,4,4,4,20,0.799,0.806,4.214825305263466,3.6233654729395464,4.497319566923283,4.0874003249811635,4.401142275592268,6,25.559399742355488,3.5670442599118384,3.4702885395157597,3.799498650483069,3.6372205096087744,3.4987825816805835,Method4
69,100,50,0.7,3,wide,5,4,4,4,4,4,20,0.799,0.806,4.442457670932193,4.00165161897598,4.0793782683977104,4.844978985850629,4.074528436256689,7,8.087432591535883,3.5670442599118384,3.4702885395157597,3.799498650483069,3.6372205096087744,3.4987825816805835,Method4
69,100,50,0.7,3,wide,5,4,4,4,4,4,20,0.799,0.806,4.448234390466756,4.002633858865281,4.080045977861633,4.845518575839132,4.075277303520842,8,8.08739015972575,3.5670442599118384,3.4702885395157597,3.799498650483069,3.6372205096087744,3.4987825816805835,Method4
69,100,50,0.7,3,wide,5,4,4,4,4,4,20,0.799,0.806,4.417469176033769,3.9958263913363696,4.078177107495189,4.841302278448827,4.078640385495769,9,8.085182060228366,3.5670442599118384,3.4702885395157597,3.799498650483069,3.6372205096087744,3.4987825816805835,Method4
69,100,50,0.7,3,wide,5,4,4,4,4,4,20,0.799,0.806,4.2698183893004344,4.147722943041122,4.4992466157955615,4.636871454401404,4.25806333472195,10,5.87898098836556,3.5670442599118384,3.4702885395157597,3.799498650483069,3.6372205096087744,3.4987825816805835,Method4
69,100,50,0.7,3,wide,5,4,4,4,4,4,20,0.799,0.806,4.229096957845689,4.2493799846857945,4.467012763646082,4.696320059385164,4.390262772263318,11,4.273089401235643,3.5670442599118384,3.4702885395157597,3.799498650483069,3.6372205096087744,3.4987825816805835,Method4
69,100,50,0.7,3,wide,5,4,4,4,4,4,20,0.799,0.806,4.187768783480286,4.234951644340379,4.44760990174735,4.5618178289268965,4.3822222374204225,12,4.257141258210167,3.5670442599118384,3.4702885395157597,3.799498650483069,3.6372205096087744,3.4987825816805835,Method4
69,100,50,0.7,3,wide,5,4,4,4,4,4,20,0.799,0.806,3.911917678800708,4.114721816920238,4.444765730958777,4.521078972418814,4.405633239634204,13,3.4854896281885885,3.5670442599118384,3.4702885395157597,3.799498650483069,3.6372205096087744,3.4987825816805835,Method4
69,100,50,0.7,3,wide,5,4,4,4,4,4,20,0.799,0.806,3.8751589484033793,4.072079808715021,4.06717695532119,4.441562143593971,4.369735546243856,14,3.4043302465436986,3.5670442599118384,3.4702885395157597,3.799498650483069,3.6372205096087744,3.4987825816805835,Method4
69,100,50,0.7,3,wide,5,4,4,4,4,4,20,0.799,0.806,3.986195085336301,4.093847775497763,4.004463517714563,4.102273420604824,4.407778160465317,15,3.1407910133921377,3.5670442599118384,3.4702885395157597,3.799498650483069,3.6372205096087744,3.4987825816805835,Method4
69,100,50,0.7,3,wide,5,4,4,4,4,4,20,0.799,0.806,3.8715279723601563,4.079711563718127,4.0516841478405725,3.9139553736070285,4.342470607587917,16,2.917446622548049,3.5670442599118384,3.4702885395157597,3.799498650483069,3.6372205096087744,3.4987825816805835,Method4
69,100,50,0.7,3,wide,5,4,4,4,4,4,20,0.799,0.806,3.905545361719797,4.0342472857469,3.90112568701083,3.870325595901965,4.3905760800101135,17,2.6893602051342174,3.5670442599118384,3.4702885395157597,3.799498650483069,3.6372205096087744,3.4987825816805835,Method4
69,100,50,0.7,3,wide,5,4,4,4,4,4,20,0.799,0.806,4.020874230411754,4.110197463018407,4.016996525861257,3.6245730233179203,4.407770988741631,18,2.5645430432444076,3.5670442599118384,3.4702885395157597,3.799498650483069,3.6372205096087744,3.4987825816805835,Method4
69,100,50,0.7,3,wide,5,4,4,4,4,4,20,0.799,0.806,4.015503852545094,4.189453746234924,4.070141846586649,3.6502386483528277,4.2860505963601065,19,2.192733702787605,3.5670442599118384,3.4702885395157597,3.799498650483069,3.6372205096087744,3.4987825816805835,Method4
69,100,50,0.7,3,wide,5,4,4,4,4,4,20,0.799,0.806,3.8462639641499883,4.221767209558512,3.9725314429767016,3.6612818815544474,4.2420282391391115,20,2.0551168732598595,3.5670442599118384,3.4702885395157597,3.799498650483069,3.6372205096087744,3.4987825816805835,Method4
69,100,50,0.7,3,wide,5,4,4,4,4,4,20,0.799,0.806,3.8649366454297205,3.528878639833788,4.084654455111525,3.8907095806553613,4.257053964498178,21,1.7995975120179948,3.5670442599118384,3.4702885395157597,3.799498650483069,3.6372205096087744,3.4987825816805835,Method4
69,100,50,0.7,3,wide,5,4,4,4,4,4,20,0.799,0.806,3.852696481047774,3.527726479724962,4.085604659201332,3.892098792273417,4.2549822575941025,22,1.7988359652597508,3.5670442599118384,3.4702885395157597,3.799498650483069,3.6372205096087744,3.4987825816805835,Method4
69,100,50,0.7,3,wide,5,4,4,4,4,4,20,0.799,0.806,3.9024743506942308,3.541972582816295,4.0802799600933195,3.8783120958971637,4.247554065400024,23,1.7245807991230075,3.5670442599118384,3.4702885395157597,3.799498650483069,3.6372205096087744,3.4987825816805835,Method4
69,100,50,0.7,3,wide,5,4,4,4,4,4,20,0.799,0.806,3.802755346890485,3.4961053471170938,4.077602704933006,3.8337432239848845,4.1717873129213245,24,1.56917899977604,3.5670442599118384,3.4702885395157597,3.799498650483069,3.6372205096087744,3.4987825816805835,Method4
69,100,50,0.7,3,wide,5,4,4,4,4,4,20,0.799,0.806,3.7857556485301935,3.4949658325244157,4.070388894850473,3.833052890876725,4.160705285162794,25,1.5644346467653405,3.5670442599118384,3.4702885395157597,3.799498650483069,3.6372205096087744,3.4987825816805835,Method4
69,100,50,0.7,3,wide,5,4,4,4,4,4,20,0.799,0.806,3.6904356829207363,3.4623900099497082,4.112223672559986,3.832353000333774,4.128866988776562,26,1.5347448445781948,3.5670442599118384,3.4702885395157597,3.799498650483069,3.6372205096087744,3.4987825816805835,Method4
69,100,50,0.7,3,wide,5,4,4,4,4,4,20,0.799,0.806,3.7893719220634483,3.5862325592479642,3.9901504274616424,3.852987338976628,4.142988655962573,27,1.4237748188725772,3.5670442599118384,3.4702885395157597,3.799498650483069,3.6372205096087744,3.4987825816805835,Method4
69,100,50,0.7,3,wide,5,4,4,4,4,4,20,0.799,0.806,3.6742381174501126,3.6208326006493547,3.7459525912458207,3.726308792399915,4.05782752608135,28,1.212033679309171,3.5670442599118384,3.4702885395157597,3.799498650483069,3.6372205096087744,3.4987825816805835,Method4
69,100,50,0.7,3,wide,5,4,4,4,4,4,20,0.799,0.806,3.6692657153220605,3.5835375866893204,3.6394979588521945,3.694678952355821,4.137788892262221,29,1.1587597373063165,3.5670442599118384,3.4702885395157597,3.799498650483069,3.6372205096087744,3.4987825816805835,Method4
69,100,50,0.7,3,wide,5,4,4,4,4,4,20,0.799,0.806,3.716104055325463,3.6780109181170673,3.6466005771969945,3.666311633510155,3.810808506949221,30,1.047314102479743,3.5670442599118384,3.4702885395157597,3.799498650483069,3.6372205096087744,3.4987825816805835,Method4
69,100,50,0.7,3,wide,5,4,4,4,4,4,20,0.799,0.806,3.714373398160035,3.6773428505065264,3.632318272982802,3.676058330117132,3.8031998424247626,31,1.0464282331202466,3.5670442599118384,3.4702885395157597,3.799498650483069,3.6372205096087744,3.4987825816805835,Method4
69,100,50,0.7,3,wide,5,4,4,4,4,4,20,0.799,0.806,3.7446238408834156,3.7614488173137555,3.562581561749649,3.6515941821691555,3.8515803972947222,32,1.000109931861223,3.5670442599118384,3.4702885395157597,3.799498650483069,3.6372205096087744,3.4987825816805835,Method4
69,100,50,0.7,3,wide,5,4,4,4,4,4,20,0.799,0.806,3.749341240343434,3.7634496247623264,3.5707952767098674,3.6555104765520054,3.84702027136287,33,0.999674102477163,3.5670442599118384,3.4702885395157597,3.799498650483069,3.6372205096087744,3.4987825816805835,Method4
69,100,50,0.7,3,wide,5,4,4,4,4,4,20,0.799,0.806,3.740435672612345,3.6041309737879397,3.6285987694669877,3.738836286923225,3.853573530068278,34,0.8978611156222824,3.5670442599118384,3.4702885395157597,3.799498650483069,3.6372205096087744,3.4987825816805835,Method4
69,100,50,0.7,3,wide,5,4,4,4,4,4,20,0.799,0.806,3.7568421129053613,3.5903947137321373,3.6328846979318277,3.7296271523527476,3.8597673713711886,35,0.8956823788485968,3.5670442599118384,3.4702885395157597,3.799498650483069,3.6372205096087744,3.4987825816805835,Method4
69,100,50,0.7,3,wide,5,4,4,4,4,4,20,0.799,0.806,3.6976033833927215,3.5678569238493854,3.6936282364647406,3.7258862128140366,3.713871279308517,36,0.8721635510955779,3.5670442599118384,3.4702885395157597,3.799498650483069,3.6372205096087744,3.4987825816805835,Method4
69,100,50,0.7,3,wide,5,4,4,4,4,4,20,0.799,0.806,3.680998829375743,3.588897849895788,3.636528552823277,3.7314551120705564,3.7051247517980506,37,0.8631803098968024,3.5670442599118384,3.4702885395157597,3.799498650483069,3.6372205096087744,3.4987825816805835,Method4
69,100,50,0.7,3,wide,5,4,4,4,4,4,20,0.799,0.806,3.698857555271592,3.5786549290443217,3.634953791007259,3.74234647135183,3.705107461783905,38,0.8615048764008476,3.5670442599118384,3.4702885395157597,3.799498650483069,3.6372205096087744,3.4987825816805835,Method4
69,100,50,0.7,3,wide,5,4,4,4,4,4,20,0.799,0.806,3.722495099822483,3.5759374081598123,3.6674283687187055,3.723884491104383,3.7227451412917993,39,0.8565549712485635,3.5670442599118384,3.4702885395157597,3.799498650483069,3.6372205096087744,3.4987825816805835,Method4
69,100,50,0.7,3,wide,5,4,4,4,4,4,20,0.799,0.806,3.728606416040338,3.576821227331115,3.658067073015966,3.7235556321242402,3.718700491997052,40,0.8562798598313514,3.5670442599118384,3.4702885395157597,3.799498650483069,3.6372205096087744,3.4987825816805835,Method4
69,100,50,0.7,3,wide,5,4,4,4,4,4,20,0.799,0.806,3.741475000801314,3.492038639360321,3.5831059006469608,3.7143912148948517,3.751320158104869,41,0.8424857304941068,3.5670442599118384,3.4702885395157597,3.799498650483069,3.6372205096087744,3.4987825816805835,Method4
69,100,50,0.7,3,wide,5,4,4,4,4,4,20,0.799,0.806,5.3740976660609014,4.526203010751376,4.690667156469584,4.726739009679878,4.351589201807076,5,19.31058142255662,3.770135259631542,3.8253953693766647,3.674581730942742,3.51172099706409,3.6924903704627106,Method4
69,100,50,0.7,3,wide,5,4,4,4,4,4,20,0.799,0.806,5.3740976660609014,4.526203010751376,4.690667156469584,4.726739009679878,4.351589201807076,6,19.31058142255662,3.770135259631542,3.8253953693766647,3.674581730942742,3.51172099706409,3.6924903704627106,Method4
69,100,50,0.7,3,wide,5,4,4,4,4,4,20,0.799,0.806,4.820611556635514,5.131189258771222,4.589666004793707,4.441792233461994,4.608166970522742,7,5.746175656866223,3.770135259631542,3.8253953693766647,3.674581730942742,3.51172099706409,3.6924903704627106,Method4
69,100,50,0.7,3,wide,5,4,4,4,4,4,20,0.799,0.806,4.479702395764338,4.904103127024734,4.6324993037879425,4.3416433672028285,4.685375433593598,8,4.11371477480886,3.770135259631542,3.8253953693766647,3.674581730942742,3.51172099706409,3.6924903704627106,Method4
69,100,50,0.7,3,wide,5,4,4,4,4,4,20,0.799,0.806,4.372484300417353,4.796628905519049,4.640206679418225,4.422538988089626,4.559730999140854,9,3.612406930360831,3.770135259631542,3.8253953693766647,3.674581730942742,3.51172099706409,3.6924903704627106,Method4
69,100,50,0.7,3,wide,5,4,4,4,4,4,20,0.799,0.806,4.494792684968357,4.868874921314398,4.607664820797552,4.349000648150783,4.506656381516189,10,3.167014278144657,3.770135259631542,3.8253953693766647,3.674581730942742,3.51172099706409,3.6924903704627106,Method4
69,100,50,0.7,3,wide,5,4,4,4,4,4,20,0.799,0.806,4.4675965863050795,4.905127432446529,4.6270938509866495,4.4375294395993254,4.551112838138684,11,2.911073284593579,3.770135259631542,3.8253953693766647,3.674581730942742,3.51172099706409,3.6924903704627106,Method4
69,100,50,0.7,3,wide,5,4,4,4,4,4,20,0.799,0.806,4.486883274073209,4.85405649093152,4.630700605560946,4.411238605732858,4.107648571056837,12,2.791057990772824,3.770135259631542,3.8253953693766647,3.674581730942742,3.51172099706409,3.6924903704627106,Method4
69,100,50,0.7,3,wide,5,4,4,4,4,4,20,0.799,0.806,4.515333864431446,4.898648176684417,4.4171238203519865,4.391599085217364,4.101812307315576,13,2.7383384441629857,3.770135259631542,3.8253953693766647,3.674581730942742,3.51172099706409,3.6924903704627106,Method4
69,100,50,0.7,3,wide,5,4,4,4,4,4,20,0.799,0.806,4.515886914653294,4.875184448404801,4.448229303428906,4.347824670295104,4.073352259029155,14,2.6970569550187458,3.770135259631542,3.8253953693766647,3.674581730942742,3.51172099706409,3.6924903704627106,Method4
69,100,50,0.7,3,wide,5,4,4,4,4,4,20,0.799,0.806,4.5194787122983096,4.869578106267104,4.454762184576792,4.354191379799821,4.092833611954603,15,2.672679407872812,3.770135259631542,3.8253953693766647,3.674581730942742,3.51172099706409,3.6924903704627106,Method4
69,100,50,0.7,3,wide,5,4,4,4,4,4,20,0.799,0.806,4.522370138519091,4.880474973336232,4.44211448976996,4.127265118419568,4.052133216801287,16,2.627988142393671,3.770135259631542,3.8253953693766647,3.674581730942742,3.51172099706409,3.6924903704627106,Method4
69,100,50,0.7,3,wide,5,4,4,4,4,4,20,0.799,0.806,4.532682933071672,4.901849051227917,4.425595564385348,4.174828920490395,3.9185605666739822,17,2.598867758972891,3.770135259631542,3.8253953693766647,3.674581730942742,3.51172099706409,3.6924903704627106,Method4
69,100,50,0.7,3,wide,5,4,4,4,4,4,20,0.799,0.806,4.583162275915204,4.1108106125344825,4.433346387831171,3.896727738124126,3.7162588175035216,18,2.0262813031956473,3.770135259631542,3.8253953693766647,3.674581730942742,3.51172099706409,3.6924903704627106,Method4
69,100,50,0.7,3,wide,5,4,4,4,4,4,20,0.799,0.806,4.630414688337042,4.099685112282752,4.385296840700133,3.894742446786084,3.7369305435287017,19,1.97780377757095,3.770135259631542,3.8253953693766647,3.674581730942742,3.51172099706409,3.6924903704627106,Method4
69,100,50,0.7,3,wide,5,4,4,4,4,4,20,0.799,0.806,4.581092884609,4.1795969357460585,3.991067600189154,4.079819727416501,3.6936524578231134,20,1.748870651785979,3.770135259631542,3.8253953693766647,3.674581730942742,3.51172099706409,3.6924903704627106,Method4
69,100,50,0.7,3,wide,5,4,4,4,4,4,20,0.799,0.806,4.5535673304131565,4.13538039661629,3.9894048080381608,4.0694843470043,3.7151259281635935,21,1.7411499728892827,3.770135259631542,3.8253953693766647,3.674581730942742,3.51172099706409,3.6924903704627106,Method4
69,100,50,0.7,3,wide,5,4,4,4,4,4,20,0.799,0.806,4.570681039090384,4.242862769708974,4.033128334083972,4.069461867771815,3.6450777480384953,22,1.6665654169315465,3.770135259631542,3.8253953693766647,3.674581730942742,3.51172099706409,3.6924903704627106,Method4
69,100,50,0.7,3,wide,5,4,4,4,4,4,20,0.799,0.806,4.509276708051329,4.183741695405803,4.167094571567515,3.7943149522984805,3.538819506644137,23,1.4852153194868374,3.770135259631542,3.8253953693766647,3.674581730942742,3.51172099706409,3.6924903704627106,Method4
69,100,50,0.7,3,wide,5,4,4,4,4,4,20,0.799,0.806,4.52832418899976,4.179344090184043,4.152043938349736,3.7813970838719966,3.526374956414027,24,1.4793235632016994,3.770135259631542,3.8253953693766647,3.674581730942742,3.51172099706409,3.6924903704627106,Method4
69,100,50,0.7,3,wide,5,4,4,4,4,4,20,0.799,0.806,4.526936219739945,4.183675483029331,4.147689865513615,3.7802879063224153,3.529717559979348,25,1.4791213112661632,3.770135259631542,3.8253953693766647,3.674581730942742,3.51172099706409,3.6924903704627106,Method4
69,100,50,0.7,3,wide,5,4,4,4,4,4,20,0.799,0.806,4.566620113323407,4.167076856995978,4.159686538722396,3.9058543242803365,3.655447773890837,26,1.3647055445364495,3.770135259631542,3.8253953693766647,3.674581730942742,3.51172099706409,3.6924903704627106,Method4
69,100,50,0.7,3,wide,5,4,4,4,4,4,20,0.799,0.806,4.483768084400628,4.16161901841495,4.174168480890528,3.8263471231274573,3.6280216899295983,27,1.2406006236882026,3.770135259631542,3.8253953693766647,3.674581730942742,3.51172099706409,3.6924903704627106,Method4
69,100,50,0.7,3,wide,5,4,4,4,4,4,20,0.799,0.806,4.312933797556736,4.142243850584076,4.161071425962445,3.830813090897051,3.638649119458366,28,1.2243438633896015,3.770135259631542,3.8253953693766647,3.674581730942742,3.51172099706409,3.6924903704627106,Method4
69,100,50,0.7,3,wide,5,4,4,4,4,4,20,0.799,0.806,4.270809856220413,4.013918899553939,4.310352850665182,3.7984057373015085,3.8819318978588626,29,1.0169573453103862,3.770135259631542,3.8253953693766647,3.674581730942742,3.51172099706409,3.6924903704627106,Method4
69,100,50,0.7,3,wide,5,4,4,4,4,4,20,0.799,0.806,4.260166472811956,4.009570661604739,4.296208394967372,3.8335020395206465,3.892113153217002,30,1.0156048488727654,3.770135259631542,3.8253953693766647,3.674581730942742,3.51172099706409,3.6924903704627106,Method4
69,100,50,0.7,3,wide,5,4,4,4,4,4,20,0.799,0.806,4.319649868744099,4.015231094765559,4.237372476966905,3.891545814508696,3.941081798947999,31,0.9424799977607459,3.770135259631542,3.8253953693766647,3.674581730942742,3.51172099706409,3.6924903704627106,Method4
69,100,50,0.7,3,wide,5,4,4,4,4,4,20,0.799,0.806,4.319807129199434,4.015333588149812,4.238068334265561,3.8919867381351434,3.9407257885974647,32,0.9424785912214927,3.770135259631542,3.8253953693766647,3.674581730942742,3.51172099706409,3.6924903704627106,Method4
69,100,50,0.7,3,wide,5,4,4,4,4,4,20,0.799,0.806,4.354327222556637,3.9177943665761634,4.197846688882417,3.844560315627595,3.917833166333552,33,0.8993391286207033,3.770135259631542,3.8253953693766647,3.674581730942742,3.51172099706409,3.6924903704627106,Method4
69,100,50,0.7,3,wide,5,4,4,4,4,4,20,0.799,0.806,4.386217002149939,3.931694624945405,4.173606330072401,3.832408543425349,3.8800849275700706,34,0.8942219657584044,3.770135259631542,3.8253953693766647,3.674581730942742,3.51172099706409,3.6924903704627106,Method4
69,100,50,0.7,3,wide,5,4,4,4,4,4,20,0.799,0.806,4.376608612599682,3.9377290709433987,4.183010345314342,3.823585952426527,3.902970047922229,35,0.892867271338116,3.770135259631542,3.8253953693766647,3.674581730942742,3.51172099706409,3.6924903704627106,Method4
69,100,50,0.7,3,wide,5,4,4,4,4,4,20,0.799,0.806,4.300772985942584,3.9211148706584145,4.141796307413629,3.788043664386998,3.6851117366647452,36,0.8480748908887051,3.770135259631542,3.8253953693766647,3.674581730942742,3.51172099706409,3.6924903704627106,Method4
69,100,50,0.7,3,wide,5,4,4,4,4,4,20,0.799,0.806,4.275412652557389,3.9030053982101043,4.170698154010268,3.857445838247652,3.6676103243642095,37,0.8279162524099517,3.770135259631542,3.8253953693766647,3.674581730942742,3.51172099706409,3.6924903704627106,Method4
69,100,50,0.7,3,wide,5,4,4,4,4,4,20,0.799,0.806,4.3224046086077905,3.896574589363007,4.238673646340153,3.8236033278488515,3.618813579639601,38,0.8203252360133567,3.770135259631542,3.8253953693766647,3.674581730942742,3.51172099706409,3.6924903704627106,Method4
69,100,50,0.7,3,wide,5,4,4,4,4,4,20,0.799,0.806,4.319295650207049,3.8817461667662125,4.248641973515143,3.8186509832385225,3.6130325072386498,39,0.8197197221652783,3.770135259631542,3.8253953693766647,3.674581730942742,3.51172099706409,3.6924903704627106,Method4
69,100,50,0.7,3,wide,5,4,4,4,4,4,20,0.799,0.806,4.323203803993116,3.8820335733101485,4.250312397820783,3.8279829763846815,3.6247735144231097,40,0.8188389216557714,3.770135259631542,3.8253953693766647,3.674581730942742,3.51172099706409,3.6924903704627106,Method4
69,100,50,0.7,3,wide,5,4,4,4,4,4,20,0.799,0.806,4.331294710967841,3.8928551282188226,4.254516492419193,3.8546114901173087,3.664683426443872,41,0.8047749144045576,3.770135259631542,3.8253953693766647,3.674581730942742,3.51172099706409,3.6924903704627106,Method4
69,100,50,0.7,3,wide,5,4,4,4,4,4,20,0.799,0.806,4.542125583423298,4.778895621193016,3.3588924614618176,3.8093773734120924,4.296276807706934,5,18.102904163649175,3.6053274391551193,3.816063606365864,3.887715612089608,3.931080066873177,3.8266316243418474,Method4
69,100,50,0.7,3,wide,5,4,4,4,4,4,20,0.799,0.806,4.542125583423298,4.778895621193016,3.3588924614618176,3.8093773734120924,4.296276807706934,6,18.102904163649175,3.6053274391551193,3.816063606365864,3.887715612089608,3.931080066873177,3.8266316243418474,Method4
69,100,50,0.7,3,wide,5,4,4,4,4,4,20,0.799,0.806,4.42119405017177,3.8939254506438097,3.4281820923176083,3.9637938461155575,4.3698812072059,7,17.463479257264748,3.6053274391551193,3.816063606365864,3.887715612089608,3.931080066873177,3.8266316243418474,Method4
69,100,50,0.7,3,wide,5,4,4,4,4,4,20,0.799,0.806,4.455761312599057,3.7140374355174677,3.4362877837410535,3.9734822028567085,4.308362953554472,8,17.38859518630888,3.6053274391551193,3.816063606365864,3.887715612089608,3.931080066873177,3.8266316243418474,Method4
69,100,50,0.7,3,wide,5,4,4,4,4,4,20,0.799,0.806,4.594233333400807,3.915217597706809,3.7185633869738384,4.196392520864014,4.33190757689917,9,7.50219472071919,3.6053274391551193,3.816063606365864,3.887715612089608,3.931080066873177,3.8266316243418474,Method4
69,100,50,0.7,3,wide,5,4,4,4,4,4,20,0.799,0.806,4.377544020377854,3.8665265256019823,3.8956137654445913,4.4599737698142405,4.61689970506664,10,5.541583524873544,3.6053274391551193,3.816063606365864,3.887715612089608,3.931080066873177,3.8266316243418474,Method4
69,100,50,0.7,3,wide,5,4,4,4,4,4,20,0.799,0.806,4.380605758857169,3.87450420443105,3.9162881987207188,4.4602775100289085,4.617829012131537,11,5.541104844047964,3.6053274391551193,3.816063606365864,3.887715612089608,3.931080066873177,3.8266316243418474,Method4
69,100,50,0.7,3,wide,5,4,4,4,4,4,20,0.799,0.806,4.125151217087399,3.9464837980379093,3.8969277844635295,4.468084784667316,4.5877148756145525,12,5.483452101664713,3.6053274391551193,3.816063606365864,3.887715612089608,3.931080066873177,3.8266316243418474,Method4
69,100,50,0.7,3,wide,5,4,4,4,4,4,20,0.799,0.806,3.8175964589374307,3.7082907012589263,3.669943518949872,4.44308373046113,4.654628189421044,13,4.59887411238588,3.6053274391551193,3.816063606365864,3.887715612089608,3.931080066873177,3.8266316243418474,Method4
69,100,50,0.7,3,wide,5,4,4,4,4,4,20,0.799,0.806,3.883025283168083,3.8329327254350787,3.7974854414730648,4.425213696408689,4.567953726442717,14,3.8720691332847297,3.6053274391551193,3.816063606365864,3.887715612089608,3.931080066873177,3.8266316243418474,Method4
69,100,50,0.7,3,wide,5,4,4,4,4,4,20,0.799,0.806,4.163214385622768,3.9077206726464135,3.6633738888085623,3.7185238827469735,4.630749618740844,15,3.423657422530394,3.6053274391551193,3.816063606365864,3.887715612089608,3.931080066873177,3.8266316243418474,Method4
69,100,50,0.7,3,wide,5,4,4,4,4,4,20,0.799,0.806,4.183570599342816,3.804940081445913,3.7320749450952846,3.7896100693356747,4.7276613778104215,16,3.1918499314359003,3.6053274391551193,3.816063606365864,3.887715612089608,3.931080066873177,3.8266316243418474,Method4
69,100,50,0.7,3,wide,5,4,4,4,4,4,20,0.799,0.806,4.157943889699858,3.840572845973052,3.757884557879354,3.7307885385251343,4.667545675995258,17,3.1194837376557234,3.6053274391551193,3.816063606365864,3.887715612089608,3.931080066873177,3.8266316243418474,Method4
69,100,50,0.7,3,wide,5,4,4,4,4,4,20,0.799,0.806,3.837586604660065,3.8291261009803663,3.7876992442267072,3.843876160707908,4.677621962168181,18,3.032582183820109,3.6053274391551193,3.816063606365864,3.887715612089608,3.931080066873177,3.8266316243418474,Method4
69,100,50,0.7,3,wide,5,4,4,4,4,4,20,0.799,0.806,3.8097525648143393,3.983920516879694,3.7540525002352334,3.7685670386088495,4.7062844419638585,19,2.7289437268207752,3.6053274391551193,3.816063606365864,3.887715612089608,3.931080066873177,3.8266316243418474,Method4
69,100,50,0.7,3,wide,5,4,4,4,4,4,20,0.799,0.806,3.7653684288037024,3.9268291990255526,3.8893328649375,3.6647878220926637,4.731739591260864,20,2.292622188038734,3.6053274391551193,3.816063606365864,3.887715612089608,3.931080066873177,3.8266316243418474,Method4
69,100,50,0.7,3,wide,5,4,4,4,4,4,20,0.799,0.806,3.6271015235861004,3.8865706266651165,3.8488259751546012,3.6728965618214358,4.351633007258522,21,2.166000058974574,3.6053274391551193,3.816063606365864,3.887715612089608,3.931080066873177,3.8266316243418474,Method4
69,100,50,0.7,3,wide,5,4,4,4,4,4,20,0.799,0.806,3.6698060937818537,3.861229578660732,3.6962139906458225,3.743204766476801,4.360002817314672,22,2.126247885642305,3.6053274391551193,3.816063606365864,3.887715612089608,3.931080066873177,3.8266316243418474,Method4
69,100,50,0.7,3,wide,5,4,4,4,4,4,20,0.799,0.806,3.5806966776756277,3.8833359272602013,3.7651461755265236,3.4046452213195475,4.466719135523573,23,1.9715183237087701,3.6053274391551193,3.816063606365864,3.887715612089608,3.931080066873177,3.8266316243418474,Method4
69,100,50,0.7,3,wide,5,4,4,4,4,4,20,0.799,0.806,3.597140241863429,3.883791500290364,3.8507296022849378,3.399602817182299,4.439698658575932,24,1.946279937449854,3.6053274391551193,3.816063606365864,3.887715612089608,3.931080066873177,3.8266316243418474,Method4
69,100,50,0.7,3,wide,5,4,4,4,4,4,20,0.799,0.806,3.6024211117283382,3.8863829245839843,3.8630188961045193,3.391673770020611,4.422776274561499,25,1.9375448959159283,3.6053274391551193,3.816063606365864,3.887715612089608,3.931080066873177,3.8266316243418474,Method4
69,100,50,0.7,3,wide,5,4,4,4,4,4,20,0.799,0.806,3.603031424907376,3.886943652791598,3.8621588209240936,3.392192767689271,4.423400674853963,26,1.9375103416168913,3.6053274391551193,3.816063606365864,3.887715612089608,3.931080066873177,3.8266316243418474,Method4
69,100,50,0.7,3,wide,5,4,4,4,4,4,20,0.799,0.806,3.3156602299753537,3.894191849921284,3.7439284268123014,3.392303646805382,4.418317834535702,27,1.7561529403353966,3.6053274391551193,3.816063606365864,3.887715612089608,3.931080066873177,3.8266316243418474,Method4
69,100,50,0.7,3,wide,5,4,4,4,4,4,20,0.799,0.806,3.470593998277278,3.956219879678653,3.7306410528953995,3.481546090981862,4.435015840225262,28,1.6651627417386046,3.6053274391551193,3.816063606365864,3.887715612089608,3.931080066873177,3.8266316243418474,Method4
69,100,50,0.7,3,wide,5,4,4,4,4,4,20,0.799,0.806,3.209612360242026,4.056736797701593,3.8703103830087793,3.50488512800934,4.374892685727713,29,1.4300380657205813,3.6053274391551193,3.816063606365864,3.887715612089608,3.931080066873177,3.8266316243418474,Method4
69,100,50,0.7,3,wide,5,4,4,4,4,4,20,0.799,0.806,3.244298710578136,4.0332031646356334,3.8816031438848806,3.4416305687372937,4.376517493836768,30,1.410496243560064,3.6053274391551193,3.816063606365864,3.887715612089608,3.931080066873177,3.8266316243418474,Method4
69,100,50,0.7,3,wide,5,4,4,4,4,4,20,0.799,0.806,3.2632705554147194,4.0180226820609075,3.8456705702555745,3.485840068022832,4.406789294012084,31,1.3946504492011205,3.6053274391551193,3.816063606365864,3.887715612089608,3.931080066873177,3.8266316243418474,Method4
69,100,50,0.7,3,wide,5,4,4,4,4,4,20,0.799,0.806,3.2477943195421823,3.954485169913751,3.9306568250444007,3.4797877370816654,4.168305859519231,32,1.318352793135105,3.6053274391551193,3.816063606365864,3.887715612089608,3.931080066873177,3.8266316243418474,Method4
69,100,50,0.7,3,wide,5,4,4,4,4,4,20,0.799,0.806,3.237796910199803,3.950137585030256,3.92176662624403,3.4699132702165825,4.16119243042149,33,1.3145482793745897,3.6053274391551193,3.816063606365864,3.887715612089608,3.931080066873177,3.8266316243418474,Method4
69,100,50,0.7,3,wide,5,4,4,4,4,4,20,0.799,0.806,3.237374642888731,3.9939327577816957,3.9232379775936113,3.4458114409121925,4.177243954709034,34,1.311130239799122,3.6053274391551193,3.816063606365864,3.887715612089608,3.931080066873177,3.8266316243418474,Method4
69,100,50,0.7,3,wide,5,4,4,4,4,4,20,0.799,0.806,3.3310616390426815,3.942238366826213,3.9172122630034685,3.302529372607151,3.9305954736376636,35,1.2202464259936798,3.6053274391551193,3.816063606365864,3.887715612089608,3.931080066873177,3.8266316243418474,Method4
69,100,50,0.7,3,wide,5,4,4,4,4,4,20,0.799,0.806,3.2732108882532445,3.92156017050237,4.015450587614462,3.3001841109925323,3.739897073977114,36,1.1363653991331752,3.6053274391551193,3.816063606365864,3.887715612089608,3.931080066873177,3.8266316243418474,Method4
69,100,50,0.7,3,wide,5,4,4,4,4,4,20,0.799,0.806,3.3384542331684464,3.9556259055974317,4.103778433256795,3.268796567850612,3.6681238885676635,37,1.098278534136843,3.6053274391551193,3.816063606365864,3.887715612089608,3.931080066873177,3.8266316243418474,Method4
69,100,50,0.7,3,wide,5,4,4,4,4,4,20,0.799,0.806,3.440239954916003,3.8854466820539635,4.062685080592247,3.319866853955498,3.8551091687631254,38,1.0714022049804828,3.6053274391551193,3.816063606365864,3.887715612089608,3.931080066873177,3.8266316243418474,Method4
69,100,50,0.7,3,wide,5,4,4,4,4,4,20,0.799,0.806,3.448477376574002,3.954373771536634,4.108277154568182,3.404932604381357,3.9223303354197965,39,1.0573626086315118,3.6053274391551193,3.816063606365864,3.887715612089608,3.931080066873177,3.8266316243418474,Method4
69,100,50,0.7,3,wide,5,4,4,4,4,4,20,0.799,0.806,3.389822556384507,4.020688569145826,4.142084910451753,3.399664962545811,3.8952748696352133,40,1.0494066438671528,3.6053274391551193,3.816063606365864,3.887715612089608,3.931080066873177,3.8266316243418474,Method4
69,100,50,0.7,3,wide,5,4,4,4,4,4,20,0.799,0.806,3.385642914677235,4.025412109680337,4.136089052727267,3.4059652579985586,3.8883786567938223,41,1.0478688823040136,3.6053274391551193,3.816063606365864,3.887715612089608,3.931080066873177,3.8266316243418474,Method4
69,100,50,0.7,3,wide,5,4,4,4,4,4,20,0.799,0.806,4.502136854671955,4.723726450586419,3.8896166711356264,3.8200815198993627,4.37972245951003,5,18.18756169207155,3.8387744102409904,3.874263825545058,3.758894790579754,3.830812346104515,3.8859603246605796,Method4
69,100,50,0.7,3,wide,5,4,4,4,4,4,20,0.799,0.806,4.502136854671955,4.723726450586419,3.8896166711356264,3.8200815198993627,4.37972245951003,6,18.18756169207155,3.8387744102409904,3.874263825545058,3.758894790579754,3.830812346104515,3.8859603246605796,Method4
69,100,50,0.7,3,wide,5,4,4,4,4,4,20,0.799,0.806,4.473460013425584,4.739103273514259,4.0137632925923725,3.9107700870579256,3.624707854585177,7,17.8000577603797,3.8387744102409904,3.874263825545058,3.758894790579754,3.830812346104515,3.8859603246605796,Method4
69,100,50,0.7,3,wide,5,4,4,4,4,4,20,0.799,0.806,4.672930610049392,4.789324211274012,4.200366313761844,4.0704600468700525,4.118741130730904,8,6.368277416814826,3.8387744102409904,3.874263825545058,3.758894790579754,3.830812346104515,3.8859603246605796,Method4
69,100,50,0.7,3,wide,5,4,4,4,4,4,20,0.799,0.806,4.365693367026172,3.599624713943653,4.311167317313625,4.114476132654948,3.9776872849485962,9,5.33092025599372,3.8387744102409904,3.874263825545058,3.758894790579754,3.830812346104515,3.8859603246605796,Method4
69,100,50,0.7,3,wide,5,4,4,4,4,4,20,0.799,0.806,4.289633191000016,3.494920515369869,4.283943282866244,3.671299541446701,4.007010807507851,10,5.139354152484718,3.8387744102409904,3.874263825545058,3.758894790579754,3.830812346104515,3.8859603246605796,Method4
69,100,50,0.7,3,wide,5,4,4,4,4,4,20,0.799,0.806,4.2976562201563,3.5143161504521645,4.286216618165375,3.764946095094016,4.011432089579773,11,5.123639217615543,3.8387744102409904,3.874263825545058,3.758894790579754,3.830812346104515,3.8859603246605796,Method4
69,100,50,0.7,3,wide,5,4,4,4,4,4,20,0.799,0.806,4.257427543498926,3.4783882602400076,4.326131171956369,3.878211172963414,4.300597626534233,12,3.007758557064835,3.8387744102409904,3.874263825545058,3.758894790579754,3.830812346104515,3.8859603246605796,Method4
69,100,50,0.7,3,wide,5,4,4,4,4,4,20,0.799,0.806,4.275872034652925,3.49870629039249,4.175128571214215,3.8840957594658088,4.314708366756526,13,2.975561378829436,3.8387744102409904,3.874263825545058,3.758894790579754,3.830812346104515,3.8859603246605796,Method4
69,100,50,0.7,3,wide,5,4,4,4,4,4,20,0.799,0.806,4.279528435434624,3.5716131852349693,4.104952149484793,4.04358450285396,4.2873743919536595,14,2.7089483400530052,3.8387744102409904,3.874263825545058,3.758894790579754,3.830812346104515,3.8859603246605796,Method4
69,100,50,0.7,3,wide,5,4,4,4,4,4,20,0.799,0.806,4.268729724630847,3.6329826697288765,4.088989433433061,4.194856720514842,4.074999945745702,15,2.57663702630617,3.8387744102409904,3.874263825545058,3.758894790579754,3.830812346104515,3.8859603246605796,Method4
69,100,50,0.7,3,wide,5,4,4,4,4,4,20,0.799,0.806,4.093614173987955,3.661244148569433,4.104489562625419,4.190173073212739,4.086570936908231,16,2.540124965749784,3.8387744102409904,3.874263825545058,3.758894790579754,3.830812346104515,3.8859603246605796,Method4
69,100,50,0.7,3,wide,5,4,4,4,4,4,20,0.799,0.806,4.1438647647561115,3.649564333522901,4.085268532623075,4.169509355527739,4.079650275299589,17,2.5317766460225983,3.8387744102409904,3.874263825545058,3.758894790579754,3.830812346104515,3.8859603246605796,Method4
69,100,50,0.7,3,wide,5,4,4,4,4,4,20,0.799,0.806,4.1652173979512055,3.682041575677835,4.057505358409344,4.227248379692231,3.9963894575407033,18,2.501233938994274,3.8387744102409904,3.874263825545058,3.758894790579754,3.830812346104515,3.8859603246605796,Method4
69,100,50,0.7,3,wide,5,4,4,4,4,4,20,0.799,0.806,4.0255822323420185,3.5921676291739266,4.02676087973069,4.193685774540618,4.068608697706548,19,2.1805880005616283,3.8387744102409904,3.874263825545058,3.758894790579754,3.830812346104515,3.8859603246605796,Method4
69,100,50,0.7,3,wide,5,4,4,4,4,4,20,0.799,0.806,4.004917875092407,3.848575749566283,3.9596724221978743,4.146569347897652,4.0865452437211776,20,1.820783779934724,3.8387744102409904,3.874263825545058,3.758894790579754,3.830812346104515,3.8859603246605796,Method4
69,100,50,0.7,3,wide,5,4,4,4,4,4,20,0.799,0.806,3.981614426667631,3.745597453101432,3.9539080140507323,4.117517821752394,4.041990114734591,21,1.6509635200092947,3.8387744102409904,3.874263825545058,3.758894790579754,3.830812346104515,3.8859603246605796,Method4
69,100,50,0.7,3,wide,5,4,4,4,4,4,20,0.799,0.806,3.985964728755217,3.7339888442507423,3.9511767430126983,4.10909619702709,4.034314939736309,22,1.649986033677484,3.8387744102409904,3.874263825545058,3.758894790579754,3.830812346104515,3.8859603246605796,Method4
69,100,50,0.7,3,wide,5,4,4,4,4,4,20,0.799,0.806,4.029210833018703,3.8102424707008415,3.9742353045917636,4.167439923191698,3.983669392432719,23,1.5876624093800047,3.8387744102409904,3.874263825545058,3.758894790579754,3.830812346104515,3.8859603246605796,Method4
69,100,50,0.7,3,wide,5,4,4,4,4,4,20,0.799,0.806,4.109870140632664,3.737388351900245,3.9770716228737126,4.164226530964456,4.028957068622964,24,1.5129948386601941,3.8387744102409904,3.874263825545058,3.758894790579754,3.830812346104515,3.8859603246605796,Method4
69,100,50,0.7,3,wide,5,4,4,4,4,4,20,0.799,0.806,4.0638389720056995,3.5233599523106744,4.015248546968298,4.157892959495439,4.061524418696206,25,1.4404045798801806,3.8387744102409904,3.874263825545058,3.758894790579754,3.830812346104515,3.8859603246605796,Method4
69,100,50,0.7,3,wide,5,4,4,4,4,4,20,0.799,0.806,4.05038933833751,3.542633579652221,4.033242793206086,4.180357219723027,4.062062580278831,26,1.4363519920836763,3.8387744102409904,3.874263825545058,3.758894790579754,3.830812346104515,3.8859603246605796,Method4
69,100,50,0.7,3,wide,5,4,4,4,4,4,20,0.799,0.806,4.019484815555692,3.523384185442729,4.034094707891426,4.188525639614983,3.8591628301154457,27,1.0668483939287974,3.8387744102409904,3.874263825545058,3.758894790579754,3.830812346104515,3.8859603246605796,Method4
69,100,50,0.7,3,wide,5,4,4,4,4,4,20,0.799,0.806,4.076694152283278,3.6328914260149276,4.072419976571684,4.192509431044295,3.849810592006084,28,0.9781544779215008,3.8387744102409904,3.874263825545058,3.758894790579754,3.830812346104515,3.8859603246605796,Method4
69,100,50,0.7,3,wide,5,4,4,4,4,4,20,0.799,0.806,4.041497279309511,3.7008331488858808,4.065192859005134,4.1217797163335135,3.8060175256283544,29,0.8123630449172846,3.8387744102409904,3.874263825545058,3.758894790579754,3.830812346104515,3.8859603246605796,Method4
69,100,50,0.7,3,wide,5,4,4,4,4,4,20,0.799,0.806,4.03510992303406,3.719828794133348,4.076901201672912,4.128522690611345,3.796596162937965,30,0.810078637459518,3.8387744102409904,3.874263825545058,3.758894790579754,3.830812346104515,3.8859603246605796,Method4
69,100,50,0.7,3,wide,5,4,4,4,4,4,20,0.799,0.806,4.034305263964617,3.7850951898744,3.9219579957211717,4.080140488815102,3.81592663934778,31,0.7828016437135161,3.8387744102409904,3.874263825545058,3.758894790579754,3.830812346104515,3.8859603246605796,Method4
69,100,50,0.7,3,wide,5,4,4,4,4,4,20,0.799,0.806,4.078122243902525,3.9166823271779134,3.990590599163309,4.012478041447896,3.9116209681686134,32,0.7441237034875215,3.8387744102409904,3.874263825545058,3.758894790579754,3.830812346104515,3.8859603246605796,Method4
69,100,50,0.7,3,wide,5,4,4,4,4,4,20,0.799,0.806,4.120966119476518,4.010511928841749,3.929058200275296,4.032518174421236,3.904617149888264,33,0.7244443822101584,3.8387744102409904,3.874263825545058,3.758894790579754,3.830812346104515,3.8859603246605796,Method4
69,100,50,0.7,3,wide,5,4,4,4,4,4,20,0.799,0.806,4.121156587016419,4.045494888414928,3.9227234323768663,4.024691641499039,3.910770466555551,34,0.7212014481890221,3.8387744102409904,3.874263825545058,3.758894790579754,3.830812346104515,3.8859603246605796,Method4
69,100,50,0.7,3,wide,5,4,4,4,4,4,20,0.799,0.806,4.114622123200307,4.029019434857669,3.9085407406762007,4.012846576075172,3.903519201975248,35,0.7148331646969431,3.8387744102409904,3.874263825545058,3.758894790579754,3.830812346104515,3.8859603246605796,Method4
69,100,50,0.7,3,wide,5,4,4,4,4,4,20,0.799,0.806,4.037823212180078,4.043689803008101,3.8905993585909022,4.020752029425255,3.8936399223406295,36,0.692284405997932,3.8387744102409904,3.874263825545058,3.758894790579754,3.830812346104515,3.8859603246605796,Method4
69,100,50,0.7,3,wide,5,4,4,4,4,4,20,0.799,0.806,4.0332528692736815,4.1415629907724085,3.7849397299759655,4.116464494911598,3.824886058460223,37,0.5884081975192522,3.8387744102409904,3.874263825545058,3.758894790579754,3.830812346104515,3.8859603246605796,Method4
69,100,50,0.7,3,wide,5,4,4,4,4,4,20,0.799,0.806,4.028588804689986,4.136981007794978,3.7843505495695293,4.124956787915149,3.825669643813753,38,0.5881437977652849,3.8387744102409904,3.874263825545058,3.758894790579754,3.830812346104515,3.8859603246605796,Method4
69,100,50,0.7,3,wide,5,4,4,4,4,4,20,0.799,0.806,4.026420385803423,4.13167130192742,3.7879146065571727,4.127872071518097,3.824324015845351,39,0.5878240088533971,3.8387744102409904,3.874263825545058,3.758894790579754,3.830812346104515,3.8859603246605796,Method4
69,100,50,0.7,3,wide,5,4,4,4,4,4,20,0.799,0.806,4.022676203121571,4.126337724716389,3.8059392816863276,4.138719028714734,3.830285902596607,40,0.5871219192358619,3.8387744102409904,3.874263825545058,3.758894790579754,3.830812346104515,3.8859603246605796,Method4
69,100,50,0.7,3,wide,5,4,4,4,4,4,20,0.799,0.806,4.066495955828173,4.15509242929011,3.7764910894083483,4.071026597370576,3.756112510242267,41,0.5620872632558719,3.8387744102409904,3.874263825545058,3.758894790579754,3.830812346104515,3.8859603246605796,Method4
69,100,50,0.7,3,wide,5,4,4,4,4,4,20,0.799,0.806,5.142249570081276,4.535495206034443,4.349650779591815,3.578270738113358,3.339565362510214,5,15.882319112692993,3.88947406127808,3.682928569333788,3.809953198216574,3.8091471209840497,3.7572275526768895,Method4
69,100,50,0.7,3,wide,5,4,4,4,4,4,20,0.799,0.806,5.142249570081276,4.535495206034443,4.349650779591815,3.578270738113358,3.339565362510214,6,15.882319112692993,3.88947406127808,3.682928569333788,3.809953198216574,3.8091471209840497,3.7572275526768895,Method4
69,100,50,0.7,3,wide,5,4,4,4,4,4,20,0.799,0.806,5.0803836793520825,4.52640352582973,4.372442949556801,3.0987787293276967,3.268685111391477,7,15.68825471051995,3.88947406127808,3.682928569333788,3.809953198216574,3.8091471209840497,3.7572275526768895,Method4
69,100,50,0.7,3,wide,5,4,4,4,4,4,20,0.799,0.806,5.076499633235207,4.534483949463438,4.402654053996464,2.9960676317771635,3.284434353972187,8,15.572900422214229,3.88947406127808,3.682928569333788,3.809953198216574,3.8091471209840497,3.7572275526768895,Method4
69,100,50,0.7,3,wide,5,4,4,4,4,4,20,0.799,0.806,4.794401975280798,4.2927534553424875,4.255037784728238,4.114960791183117,4.172305741855342,9,5.604153240860511,3.88947406127808,3.682928569333788,3.809953198216574,3.8091471209840497,3.7572275526768895,Method4
69,100,50,0.7,3,wide,5,4,4,4,4,4,20,0.799,0.806,4.70880253056071,4.180961247906093,4.114757575335467,4.184922121664558,3.8452485095740205,10,3.765422585637467,3.88947406127808,3.682928569333788,3.809953198216574,3.8091471209840497,3.7572275526768895,Method4
69,100,50,0.7,3,wide,5,4,4,4,4,4,20,0.799,0.806,4.71057461654403,3.9231232848399067,4.077118751564504,4.1713386212104435,3.8380745291309335,11,3.7163361727724555,3.88947406127808,3.682928569333788,3.809953198216574,3.8091471209840497,3.7572275526768895,Method4
69,100,50,0.7,3,wide,5,4,4,4,4,4,20,0.799,0.806,4.864060028684302,3.675103263708267,4.030557492387405,4.064039972748258,3.750992071156436,12,3.2983389161376215,3.88947406127808,3.682928569333788,3.809953198216574,3.8091471209840497,3.7572275526768895,Method4
69,100,50,0.7,3,wide,5,4,4,4,4,4,20,0.799,0.806,4.818030216298855,3.412594285413196,4.0372447355204635,4.089843160328282,3.7988492949722605,13,3.1617340360678985,3.88947406127808,3.682928569333788,3.809953198216574,3.8091471209840497,3.7572275526768895,Method4
69,100,50,0.7,3,wide,5,4,4,4,4,4,20,0.799,0.806,4.293877611372186,3.3930470443090446,4.028812736300857,4.231227898369127,3.859468990790975,14,2.974357203224103,3.88947406127808,3.682928569333788,3.809953198216574,3.8091471209840497,3.7572275526768895,Method4
69,100,50,0.7,3,wide,5,4,4,4,4,4,20,0.799,0.806,4.349477580701366,3.4157778357537185,3.6738046351575275,4.124640509634589,3.879768706891505,15,2.847900021824709,3.88947406127808,3.682928569333788,3.809953198216574,3.8091471209840497,3.7572275526768895,Method4
69,100,50,0.7,3,wide,5,4,4,4,4,4,20,0.799,0.806,4.269515569912331,3.3005310356513116,3.6838830125847015,4.18676206294679,3.5845750023611087,16,2.733932049540324,3.88947406127808,3.682928569333788,3.809953198216574,3.8091471209840497,3.7572275526768895,Method4
69,100,50,0.7,3,wide,5,4,4,4,4,4,20,0.799,0.806,4.184837649292015,3.5062847477337997,3.8900376718569665,4.236515334264087,3.570957333448398,17,2.4108270760614148,3.88947406127808,3.682928569333788,3.809953198216574,3.8091471209840497,3.7572275526768895,Method4
69,100,50,0.7,3,wide,5,4,4,4,4,4,20,0.799,0.806,4.1241630603026165,3.4608626984640787,3.882093800916283,4.320355408424512,3.7108169102384396,18,2.2131562775397713,3.88947406127808,3.682928569333788,3.809953198216574,3.8091471209840497,3.7572275526768895,Method4
69,100,50,0.7,3,wide,5,4,4,4,4,4,20,0.799,0.806,4.194599617377314,3.432169947773908,3.6513378452297354,4.351127940556145,3.7299164706885115,19,2.1160933938682094,3.88947406127808,3.682928569333788,3.809953198216574,3.8091471209840497,3.7572275526768895,Method4
69,100,50,0.7,3,wide,5,4,4,4,4,4,20,0.799,0.806,3.8285279255148836,3.7526633336412893,3.7707286580335837,4.25030534810476,3.9042908940789216,20,1.7270554299645986,3.88947406127808,3.682928569333788,3.809953198216574,3.8091471209840497,3.7572275526768895,Method4
69,100,50,0.7,3,wide,5,4,4,4,4,4,20,0.799,0.806,3.803728318525072,3.764625886704434,3.7612197422200127,4.180386973072351,3.788522408583884,21,1.700426867790424,3.88947406127808,3.682928569333788,3.809953198216574,3.8091471209840497,3.7572275526768895,Method4
69,100,50,0.7,3,wide,5,4,4,4,4,4,20,0.799,0.806,3.7984927382061104,3.710568381514665,3.7621697911768455,4.179686880874194,3.8065502389241996,22,1.693394609717085,3.88947406127808,3.682928569333788,3.809953198216574,3.8091471209840497,3.7572275526768895,Method4
69,100,50,0.7,3,wide,5,4,4,4,4,4,20,0.799,0.806,3.8764933097075263,3.716491683428045,3.735337673377013,4.111116956852555,3.814874957807536,23,1.6581499803811832,3.88947406127808,3.682928569333788,3.809953198216574,3.8091471209840497,3.7572275526768895,Method4
69,100,50,0.7,3,wide,5,4,4,4,4,4,20,0.799,0.806,3.9091708826935916,3.8869026936771527,3.559933264602215,4.0278138462567314,3.8196873501486883,24,1.2534033932813258,3.88947406127808,3.682928569333788,3.809953198216574,3.8091471209840497,3.7572275526768895,Method4
69,100,50,0.7,3,wide,5,4,4,4,4,4,20,0.799,0.806,3.8595688679356757,3.8984095367670846,3.555337964843318,4.03256594934729,3.7764242065264737,25,1.2464462984411815,3.88947406127808,3.682928569333788,3.809953198216574,3.8091471209840497,3.7572275526768895,Method4
69,100,50,0.7,3,wide,5,4,4,4,4,4,20,0.799,0.806,3.8567443651594946,3.843558828839232,3.6584593403289456,3.985374527701482,3.784091150839631,26,1.191278885547272,3.88947406127808,3.682928569333788,3.809953198216574,3.8091471209840497,3.7572275526768895,Method4
69,100,50,0.7,3,wide,5,4,4,4,4,4,20,0.799,0.806,3.8854318666310546,3.833812194158343,3.68866848636701,3.9714135985241787,3.7635209186918837,27,1.1240996983089784,3.88947406127808,3.682928569333788,3.809953198216574,3.8091471209840497,3.7572275526768895,Method4
69,100,50,0.7,3,wide,5,4,4,4,4,4,20,0.799,0.806,3.7669756833425616,3.7532153270174513,3.789599607684477,3.9556954112134353,3.707501712764594,28,1.0632239030772634,3.88947406127808,3.682928569333788,3.809953198216574,3.8091471209840497,3.7572275526768895,Method4
69,100,50,0.7,3,wide,5,4,4,4,4,4,20,0.799,0.806,3.758209327005158,3.745914066700288,3.7839606389669833,3.974417285942547,3.7080402708271,29,1.051567909116798,3.88947406127808,3.682928569333788,3.809953198216574,3.8091471209840497,3.7572275526768895,Method4
69,100,50,0.7,3,wide,5,4,4,4,4,4,20,0.799,0.806,3.756094554454637,3.7754038988210445,3.800846578710107,3.973889300246399,3.7019830339198863,30,1.0455867873534084,3.88947406127808,3.682928569333788,3.809953198216574,3.8091471209840497,3.7572275526768895,Method4
69,100,50,0.7,3,wide,5,4,4,4,4,4,20,0.799,0.806,3.7898048525036945,3.8156152687350278,3.793462126141917,4.011428049926286,3.6304319465398414,31,1.0099707704630299,3.88947406127808,3.682928569333788,3.809953198216574,3.8091471209840497,3.7572275526768895,Method4
69,100,50,0.7,3,wide,5,4,4,4,4,4,20,0.799,0.806,3.7845425339725067,3.8859243828639034,3.735769404652378,4.003244025974753,3.5311506484553186,32,0.8495408227251308,3.88947406127808,3.682928569333788,3.809953198216574,3.8091471209840497,3.7572275526768895,Method4
69,100,50,0.7,3,wide,5,4,4,4,4,4,20,0.799,0.806,3.8051626122540085,3.9099545354979806,3.7179782124073895,3.9080752962894314,3.50023705046297,33,0.7955412535536436,3.88947406127808,3.682928569333788,3.809953198216574,3.8091471209840497,3.7572275526768895,Method4
69,100,50,0.7,3,wide,5,4,4,4,4,4,20,0.799,0.806,3.8068632910519935,3.9128582861827588,3.7164059971437853,3.898652510775581,3.4961880913872614,34,0.7927762448238005,3.88947406127808,3.682928569333788,3.809953198216574,3.8091471209840497,3.7572275526768895,Method4
69,100,50,0.7,3,wide,5,4,4,4,4,4,20,0.799,0.806,3.819228970427701,3.8717998773410773,3.9107042341542115,4.00511170945344,3.5671013204001905,35,0.6896523114578378,3.88947406127808,3.682928569333788,3.809953198216574,3.8091471209840497,3.7572275526768895,Method4
69,100,50,0.7,3,wide,5,4,4,4,4,4,20,0.799,0.806,3.7953633573114707,3.8513229330813017,3.934701108097386,3.978673110843456,3.5608483751767555,36,0.6777583563761658,3.88947406127808,3.682928569333788,3.809953198216574,3.8091471209840497,3.7572275526768895,Method4
69,100,50,0.7,3,wide,5,4,4,4,4,4,20,0.799,0.806,3.785487018687949,3.8799615603170574,3.892121803164984,3.9116603584085707,3.543008096006668,37,0.6677904485413164,3.88947406127808,3.682928569333788,3.809953198216574,3.8091471209840497,3.7572275526768895,Method4
69,100,50,0.7,3,wide,5,4,4,4,4,4,20,0.799,0.806,3.8023464910811544,3.9227147672091176,3.877411116139533,3.8640544727630877,3.5693765188332547,38,0.640571088557643,3.88947406127808,3.682928569333788,3.809953198216574,3.8091471209840497,3.7572275526768895,Method4
69,100,50,0.7,3,wide,5,4,4,4,4,4,20,0.799,0.806,3.8065124740347915,3.891704893422948,3.841873506563632,3.87336634802525,3.5689368692169894,39,0.6382027942857401,3.88947406127808,3.682928569333788,3.809953198216574,3.8091471209840497,3.7572275526768895,Method4
69,100,50,0.7,3,wide,5,4,4,4,4,4,20,0.799,0.806,3.8099806712968878,3.8977154899605253,3.8458585739056015,3.871543216236472,3.561202925157725,40,0.6379202502729936,3.88947406127808,3.682928569333788,3.809953198216574,3.8091471209840497,3.7572275526768895,Method4
69,100,50,0.7,3,wide,5,4,4,4,4,4,20,0.799,0.806,3.9044076548328093,3.919053384946931,3.8419519152517076,3.8441513454350495,3.550098057006678,41,0.6274920000517364,3.88947406127808,3.682928569333788,3.809953198216574,3.8091471209840497,3.7572275526768895,Method4
69,100,50,0.7,3,wide,5,4,4,4,4,4,20,0.799,0.806,4.484843195489571,4.4367276682852665,3.7607831995489014,4.20699051141112,4.508086280364571,5,12.266351292218012,3.6786714747841978,3.7378266830083566,3.8497596682137347,3.497830775118097,3.7602048330181623,Method4
69,100,50,0.7,3,wide,5,4,4,4,4,4,20,0.799,0.806,4.484843195489571,4.4367276682852665,3.7607831995489014,4.20699051141112,4.508086280364571,6,12.266351292218012,3.6786714747841978,3.7378266830083566,3.8497596682137347,3.497830775118097,3.7602048330181623,Method4
69,100,50,0.7,3,wide,5,4,4,4,4,4,20,0.799,0.806,4.445092411147597,4.137954537435259,4.407386855520296,4.2467220517937765,4.296124673556052,7,5.740928536376441,3.6786714747841978,3.7378266830083566,3.8497596682137347,3.497830775118097,3.7602048330181623,Method4
69,100,50,0.7,3,wide,5,4,4,4,4,4,20,0.799,0.806,4.4710925614402734,4.173465495767538,4.524863430207514,3.5446528452960235,4.242471419962316,8,5.275881771384453,3.6786714747841978,3.7378266830083566,3.8497596682137347,3.497830775118097,3.7602048330181623,Method4
69,100,50,0.7,3,wide,5,4,4,4,4,4,20,0.799,0.806,4.439443186219142,4.205428176667773,4.229378654322439,3.6134678483332805,4.251378110045658,9,5.186516773463056,3.6786714747841978,3.7378266830083566,3.8497596682137347,3.497830775118097,3.7602048330181623,Method4
69,100,50,0.7,3,wide,5,4,4,4,4,4,20,0.799,0.806,4.476506220250112,4.290763208692826,4.141116692807831,3.636477578526956,4.062430592793602,10,3.5408809337223777,3.6786714747841978,3.7378266830083566,3.8497596682137347,3.497830775118097,3.7602048330181623,Method4
69,100,50,0.7,3,wide,5,4,4,4,4,4,20,0.799,0.806,4.634956477702334,4.361875401390374,3.852017103911458,3.621626516474551,4.006830010969388,11,3.2345225361069967,3.6786714747841978,3.7378266830083566,3.8497596682137347,3.497830775118097,3.7602048330181623,Method4
69,100,50,0.7,3,wide,5,4,4,4,4,4,20,0.799,0.806,4.624051319407592,4.324136201270769,3.8487962485264013,3.6817273920289515,4.002184669658557,12,3.2190150532642754,3.6786714747841978,3.7378266830083566,3.8497596682137347,3.497830775118097,3.7602048330181623,Method4
69,100,50,0.7,3,wide,5,4,4,4,4,4,20,0.799,0.806,4.60434975122674,4.255255242504579,3.7053517956317523,3.6203567611994396,4.17385923158211,13,2.6846844482572783,3.6786714747841978,3.7378266830083566,3.8497596682137347,3.497830775118097,3.7602048330181623,Method4
69,100,50,0.7,3,wide,5,4,4,4,4,4,20,0.799,0.806,4.5977460342849135,4.261527084890024,3.6689405588064004,3.6268890154562716,4.173640510870982,14,2.370044684585775,3.6786714747841978,3.7378266830083566,3.8497596682137347,3.497830775118097,3.7602048330181623,Method4
69,100,50,0.7,3,wide,5,4,4,4,4,4,20,0.799,0.806,4.591238971458078,4.2374572105248145,3.6932206108458474,3.5472316163467372,4.206379998673205,15,2.327501960363935,3.6786714747841978,3.7378266830083566,3.8497596682137347,3.497830775118097,3.7602048330181623,Method4
69,100,50,0.7,3,wide,5,4,4,4,4,4,20,0.799,0.806,4.589626885091156,4.2251631841921355,3.681786658219545,3.532811736506008,4.2009404620204185,16,2.3174815099978354,3.6786714747841978,3.7378266830083566,3.8497596682137347,3.497830775118097,3.7602048330181623,Method4
69,100,50,0.7,3,wide,5,4,4,4,4,4,20,0.799,0.806,4.198945912085926,4.226343584515169,3.6772354945378427,3.507191633062229,4.278863026541359,17,2.1325463208672994,3.6786714747841978,3.7378266830083566,3.8497596682137347,3.497830775118097,3.7602048330181623,Method4
69,100,50,0.7,3,wide,5,4,4,4,4,4,20,0.799,0.806,4.183984123916113,4.284515957065271,3.687300550218229,3.4486694502043798,3.924514413881405,18,2.0245475941566977,3.6786714747841978,3.7378266830083566,3.8497596682137347,3.497830775118097,3.7602048330181623,Method4
69,100,50,0.7,3,wide,5,4,4,4,4,4,20,0.799,0.806,4.225702561365669,4.298889065276682,3.6781611047491136,3.4284567507550965,3.87774341348932,19,2.0104508811422646,3.6786714747841978,3.7378266830083566,3.8497596682137347,3.497830775118097,3.7602048330181623,Method4
69,100,50,0.7,3,wide,5,4,4,4,4,4,20,0.799,0.806,3.9661936773382256,4.279525818031825,3.6817639741526644,3.4310729051436857,3.9258229099043795,20,1.8957276719874159,3.6786714747841978,3.7378266830083566,3.8497596682137347,3.497830775118097,3.7602048330181623,Method4
69,100,50,0.7,3,wide,5,4,4,4,4,4,20,0.799,0.806,3.9296046717454014,4.309163449381721,3.6092269816195763,3.410359608991539,3.9241924115638973,21,1.8670364932154357,3.6786714747841978,3.7378266830083566,3.8497596682137347,3.497830775118097,3.7602048330181623,Method4
69,100,50,0.7,3,wide,5,4,4,4,4,4,20,0.799,0.806,3.930742470959271,4.280903064987932,3.610147555489506,3.4105343309515663,3.920511670103426,22,1.866406407287442,3.6786714747841978,3.7378266830083566,3.8497596682137347,3.497830775118097,3.7602048330181623,Method4
69,100,50,0.7,3,wide,5,4,4,4,4,4,20,0.799,0.806,3.9503676959803418,4.125536979914596,3.6262185738933415,3.40856772581568,3.8934183115315153,23,1.7927570101128731,3.6786714747841978,3.7378266830083566,3.8497596682137347,3.497830775118097,3.7602048330181623,Method4
69,100,50,0.7,3,wide,5,4,4,4,4,4,20,0.799,0.806,3.7545046070358277,4.068438431898664,3.7898698936432385,3.4527057220759665,3.9329457405222747,24,1.5345268072164568,3.6786714747841978,3.7378266830083566,3.8497596682137347,3.497830775118097,3.7602048330181623,Method4
69,100,50,0.7,3,wide,5,4,4,4,4,4,20,0.799,0.806,3.780940436170083,4.199250426586298,3.8949391784495067,3.644557060052663,4.063440230750165,25,1.2037641308151728,3.6786714747841978,3.7378266830083566,3.8497596682137347,3.497830775118097,3.7602048330181623,Method4
69,100,50,0.7,3,wide,5,4,4,4,4,4,20,0.799,0.806,3.7043727067590577,4.294468418715064,3.841297502561626,3.6132187890199656,4.066389884159602,26,1.1076027515090934,3.6786714747841978,3.7378266830083566,3.8497596682137347,3.497830775118097,3.7602048330181623,Method4
69,100,50,0.7,3,wide,5,4,4,4,4,4,20,0.799,0.806,3.705957935953384,4.295198475618723,3.8432484028552896,3.6108009153978253,4.067293585142653,27,1.107531134052255,3.6786714747841978,3.7378266830083566,3.8497596682137347,3.497830775118097,3.7602048330181623,Method4
69,100,50,0.7,3,wide,5,4,4,4,4,4,20,0.799,0.806,3.6734205254361902,4.233723575874284,3.7990349087907958,3.583488030984254,4.091414225140646,28,0.9954556883404982,3.6786714747841978,3.7378266830083566,3.8497596682137347,3.497830775118097,3.7602048330181623,Method4
69,100,50,0.7,3,wide,5,4,4,4,4,4,20,0.799,0.806,3.7786742438333323,4.259861395537236,3.8947222562094552,3.474135863796974,3.997820483708498,29,0.9257239245794383,3.6786714747841978,3.7378266830083566,3.8497596682137347,3.497830775118097,3.7602048330181623,Method4
69,100,50,0.7,3,wide,5,4,4,4,4,4,20,0.799,0.806,3.7598549622797126,4.261699285540556,3.838480436962078,3.4692745494128423,3.982849565668523,30,0.9157910152703074,3.6786714747841978,3.7378266830083566,3.8497596682137347,3.497830775118097,3.7602048330181623,Method4
69,100,50,0.7,3,wide,5,4,4,4,4,4,20,0.799,0.806,3.7616847036644216,4.268691863089163,3.799633024115428,3.464963689290505,3.9725213812507314,31,0.8998273085917751,3.6786714747841978,3.7378266830083566,3.8497596682137347,3.497830775118097,3.7602048330181623,Method4
69,100,50,0.7,3,wide,5,4,4,4,4,4,20,0.799,0.806,3.7656036987066814,4.245746499919054,3.811628727553934,3.460843642074307,3.9967725591129724,32,0.874593771155746,3.6786714747841978,3.7378266830083566,3.8497596682137347,3.497830775118097,3.7602048330181623,Method4
69,100,50,0.7,3,wide,5,4,4,4,4,4,20,0.799,0.806,3.8009790744530827,4.2126497460689105,3.8395579458136,3.464551954231287,3.9627547262450635,33,0.8581816173191459,3.6786714747841978,3.7378266830083566,3.8497596682137347,3.497830775118097,3.7602048330181623,Method4
69,100,50,0.7,3,wide,5,4,4,4,4,4,20,0.799,0.806,3.7760277264310975,4.180828489417631,3.8696648028947838,3.478460680131032,3.9921968012339795,34,0.8347400227379672,3.6786714747841978,3.7378266830083566,3.8497596682137347,3.497830775118097,3.7602048330181623,Method4
69,100,50,0.7,3,wide,5,4,4,4,4,4,20,0.799,0.806,3.743937073278138,4.135630442102598,3.8380144025469245,3.4986788031140086,4.005019793667451,35,0.8214256685063186,3.6786714747841978,3.7378266830083566,3.8497596682137347,3.497830775118097,3.7602048330181623,Method4
69,100,50,0.7,3,wide,5,4,4,4,4,4,20,0.799,0.806,3.7653246267104596,4.1337805090698385,3.8589321269612853,3.514985031298578,3.999651354400052,36,0.8168993920315604,3.6786714747841978,3.7378266830083566,3.8497596682137347,3.497830775118097,3.7602048330181623,Method4
69,100,50,0.7,3,wide,5,4,4,4,4,4,20,0.799,0.806,3.790305893680933,4.139567833038734,3.8360908813000085,3.503067135775669,3.994002443487489,37,0.8120093716039124,3.6786714747841978,3.7378266830083566,3.8497596682137347,3.497830775118097,3.7602048330181623,Method4
69,100,50,0.7,3,wide,5,4,4,4,4,4,20,0.799,0.806,3.8040350070428137,4.139921455126604,3.865361252226664,3.511720804626209,4.012602817612088,38,0.8086459915843172,3.6786714747841978,3.7378266830083566,3.8497596682137347,3.497830775118097,3.7602048330181623,Method4
69,100,50,0.7,3,wide,5,4,4,4,4,4,20,0.799,0.806,3.786497519486335,4.135982762724213,3.8512440630231572,3.500932362730256,4.022295020756203,39,0.8010920847714846,3.6786714747841978,3.7378266830083566,3.8497596682137347,3.497830775118097,3.7602048330181623,Method4
69,100,50,0.7,3,wide,5,4,4,4,4,4,20,0.799,0.806,3.787140470445383,4.136470283081994,3.8500184053165576,3.501624596043946,4.023860307127924,40,0.801078522160758,3.6786714747841978,3.7378266830083566,3.8497596682137347,3.497830775118097,3.7602048330181623,Method4
69,100,50,0.7,3,wide,5,4,4,4,4,4,20,0.799,0.806,3.6173225228704626,4.0232412497879455,3.8385651571053865,3.626662903569693,4.099266680125092,41,0.7371270561797459,3.6786714747841978,3.7378266830083566,3.8497596682137347,3.497830775118097,3.7602048330181623,Method4
69,100,50,0.7,3,wide,5,4,4,4,4,4,20,0.799,0.806,5.035017842703591,4.191278126885331,3.9713247655860844,4.229594565605713,4.5158928387890525,5,19.508289358328366,3.5356234509539117,3.9111159214072653,3.8011609976346348,3.466309829924063,3.8598359519491234,Method4
69,100,50,0.7,3,wide,5,4,4,4,4,4,20,0.799,0.806,5.035017842703591,4.191278126885331,3.9713247655860844,4.229594565605713,4.5158928387890525,6,19.508289358328366,3.5356234509539117,3.9111159214072653,3.8011609976346348,3.466309829924063,3.8598359519491234,Method4
69,100,50,0.7,3,wide,5,4,4,4,4,4,20,0.799,0.806,5.045842804004377,4.175675582862851,3.9346123292930186,4.22712560749229,4.773646995049001,7,19.443838327740096,3.5356234509539117,3.9111159214072653,3.8011609976346348,3.466309829924063,3.8598359519491234,Method4
69,100,50,0.7,3,wide,5,4,4,4,4,4,20,0.799,0.806,4.618105326850673,4.324803254725104,4.413027936328331,4.388745274907116,4.592001269584689,8,5.831252875781963,3.5356234509539117,3.9111159214072653,3.8011609976346348,3.466309829924063,3.8598359519491234,Method4
69,100,50,0.7,3,wide,5,4,4,4,4,4,20,0.799,0.806,4.564151071722414,4.393879237735162,4.274967866732088,4.012424108536463,4.419148277534867,9,3.4656665098668347,3.5356234509539117,3.9111159214072653,3.8011609976346348,3.466309829924063,3.8598359519491234,Method4
69,100,50,0.7,3,wide,5,4,4,4,4,4,20,0.799,0.806,4.557186659843756,4.307932710619372,4.283074261213006,4.027015059636132,4.417298815263927,10,3.459862420877006,3.5356234509539117,3.9111159214072653,3.8011609976346348,3.466309829924063,3.8598359519491234,Method4
69,100,50,0.7,3,wide,5,4,4,4,4,4,20,0.799,0.806,4.564165340593755,4.35275011119423,4.245950736263362,3.880361282405764,4.329324085908733,11,3.11006423750183,3.5356234509539117,3.9111159214072653,3.8011609976346348,3.466309829924063,3.8598359519491234,Method4
69,100,50,0.7,3,wide,5,4,4,4,4,4,20,0.799,0.806,3.922006628196363,4.356784446841461,4.289679617702013,3.830151283232573,4.150915235726909,12,2.8159286406347226,3.5356234509539117,3.9111159214072653,3.8011609976346348,3.466309829924063,3.8598359519491234,Method4
69,100,50,0.7,3,wide,5,4,4,4,4,4,20,0.799,0.806,4.01447729927558,4.351504045562256,4.139644401592765,3.874854527145408,4.221259421919424,13,2.4672467980429595,3.5356234509539117,3.9111159214072653,3.8011609976346348,3.466309829924063,3.8598359519491234,Method4
69,100,50,0.7,3,wide,5,4,4,4,4,4,20,0.799,0.806,4.050634921278129,4.307349592382791,4.121488310433395,3.8626956722045347,4.238964707413015,14,2.2044577247079156,3.5356234509539117,3.9111159214072653,3.8011609976346348,3.466309829924063,3.8598359519491234,Method4
69,100,50,0.7,3,wide,5,4,4,4,4,4,20,0.799,0.806,4.056989534852958,4.3120908765156285,4.114950845844851,3.856640895931593,4.234855342167869,15,2.203485647995455,3.5356234509539117,3.9111159214072653,3.8011609976346348,3.466309829924063,3.8598359519491234,Method4
69,100,50,0.7,3,wide,5,4,4,4,4,4,20,0.799,0.806,4.063120925756396,4.456940529247894,4.15035737608751,3.8958739996220073,4.214499531365845,16,1.9851365936861287,3.5356234509539117,3.9111159214072653,3.8011609976346348,3.466309829924063,3.8598359519491234,Method4
69,100,50,0.7,3,wide,5,4,4,4,4,4,20,0.799,0.806,4.0052295245213605,4.315464585521612,3.7799215554250014,3.8676690545678842,4.2801509557877315,17,1.8681253769782626,3.5356234509539117,3.9111159214072653,3.8011609976346348,3.466309829924063,3.8598359519491234,Method4
69,100,50,0.7,3,wide,5,4,4,4,4,4,20,0.799,0.806,3.9674923780527096,4.4019832482711925,3.927372130305006,3.786305715842177,4.168003023422527,18,1.640805291998972,3.5356234509539117,3.9111159214072653,3.8011609976346348,3.466309829924063,3.8598359519491234,Method4
69,100,50,0.7,3,wide,5,4,4,4,4,4,20,0.799,0.806,3.9673398459790308,4.396395629867149,3.9226071809903496,3.7842308662053203,4.165671926721323,19,1.6402541507421438,3.5356234509539117,3.9111159214072653,3.8011609976346348,3.466309829924063,3.8598359519491234,Method4
69,100,50,0.7,3,wide,5,4,4,4,4,4,20,0.799,0.806,3.9304075730156525,4.411214882879483,3.8744638825239237,3.7816234828265642,4.176581809710044,20,1.6325749829299439,3.5356234509539117,3.9111159214072653,3.8011609976346348,3.466309829924063,3.8598359519491234,Method4
69,100,50,0.7,3,wide,5,4,4,4,4,4,20,0.799,0.806,3.9164084787113906,4.399583152260873,3.874869182225945,3.769509300838477,4.095279491656548,21,1.473721706400606,3.5356234509539117,3.9111159214072653,3.8011609976346348,3.466309829924063,3.8598359519491234,Method4
69,100,50,0.7,3,wide,5,4,4,4,4,4,20,0.799,0.806,3.973370715418665,4.358426378334867,3.860833957713371,3.837065148671938,4.160095238688687,22,1.3796532662479044,3.5356234509539117,3.9111159214072653,3.8011609976346348,3.466309829924063,3.8598359519491234,Method4
69,100,50,0.7,3,wide,5,4,4,4,4,4,20,0.799,0.806,3.6704333110556595,4.383927703587098,3.91741485756186,3.845028914145554,4.154673696484358,23,1.243663457678207,3.5356234509539117,3.9111159214072653,3.8011609976346348,3.466309829924063,3.8598359519491234,Method4
69,100,50,0.7,3,wide,5,4,4,4,4,4,20,0.799,0.806,3.7133424374619746,4.321982661699615,4.049419504354333,3.8381102151258943,4.0304411512359,24,1.0187462443618363,3.5356234509539117,3.9111159214072653,3.8011609976346348,3.466309829924063,3.8598359519491234,Method4
69,100,50,0.7,3,wide,5,4,4,4,4,4,20,0.799,0.806,3.6428313097571703,4.328346225939939,4.1014057469513805,3.6294686487513346,4.005956931695103,25,0.9935918777034551,3.5356234509539117,3.9111159214072653,3.8011609976346348,3.466309829924063,3.8598359519491234,Method4
69,100,50,0.7,3,wide,5,4,4,4,4,4,20,0.799,0.806,3.4763031391753874,4.311626822334836,4.123758052322793,3.5543585069726378,4.006632190966991,26,0.8990103762747841,3.5356234509539117,3.9111159214072653,3.8011609976346348,3.466309829924063,3.8598359519491234,Method4
69,100,50,0.7,3,wide,5,4,4,4,4,4,20,0.799,0.806,3.4623862087704538,4.311874451115865,4.1157616399695325,3.576499044588375,3.997837453884767,27,0.896821935777095,3.5356234509539117,3.9111159214072653,3.8011609976346348,3.466309829924063,3.8598359519491234,Method4
69,100,50,0.7,3,wide,5,4,4,4,4,4,20,0.799,0.806,3.4635894507079388,4.311135452022496,4.067179919396394,3.5617381741714813,4.0165197500213905,28,0.8901373694080116,3.5356234509539117,3.9111159214072653,3.8011609976346348,3.466309829924063,3.8598359519491234,Method4
69,100,50,0.7,3,wide,5,4,4,4,4,4,20,0.799,0.806,3.467932673552802,4.197917920710237,3.989427730755815,3.577232683290935,4.09429823908851,29,0.850275942430349,3.5356234509539117,3.9111159214072653,3.8011609976346348,3.466309829924063,3.8598359519491234,Method4
69,100,50,0.7,3,wide,5,4,4,4,4,4,20,0.799,0.806,3.470116771789532,4.203541726172573,3.989345920080364,3.5692610207084514,4.090937225351863,30,0.8500783481320129,3.5356234509539117,3.9111159214072653,3.8011609976346348,3.466309829924063,3.8598359519491234,Method4
69,100,50,0.7,3,wide,5,4,4,4,4,4,20,0.799,0.806,3.4471865821667333,4.167573629798737,3.952464275212013,3.578499082556368,4.090636189365615,31,0.8421600439487628,3.5356234509539117,3.9111159214072653,3.8011609976346348,3.466309829924063,3.8598359519491234,Method4
69,100,50,0.7,3,wide,5,4,4,4,4,4,20,0.799,0.806,3.4023648195470453,4.081879258382014,3.9076323280105876,3.58515298933616,4.111379409860529,32,0.8229936297004974,3.5356234509539117,3.9111159214072653,3.8011609976346348,3.466309829924063,3.8598359519491234,Method4
69,100,50,0.7,3,wide,5,4,4,4,4,4,20,0.799,0.806,3.4043839491157177,4.006067223185341,3.947231861227648,3.5836147170291635,4.0788677195816145,33,0.718185841372163,3.5356234509539117,3.9111159214072653,3.8011609976346348,3.466309829924063,3.8598359519491234,Method4
69,100,50,0.7,3,wide,5,4,4,4,4,4,20,0.799,0.806,3.3815305647031835,4.064945478774429,3.97094705686373,3.555928750213574,4.051359581600175,34,0.7111970718108105,3.5356234509539117,3.9111159214072653,3.8011609976346348,3.466309829924063,3.8598359519491234,Method4
69,100,50,0.7,3,wide,5,4,4,4,4,4,20,0.799,0.806,3.425355097311293,4.086877219725304,4.005285077744228,3.57565919453327,4.089270566368401,35,0.6882419985510514,3.5356234509539117,3.9111159214072653,3.8011609976346348,3.466309829924063,3.8598359519491234,Method4
69,100,50,0.7,3,wide,5,4,4,4,4,4,20,0.799,0.806,3.4387945117413556,4.074159457419871,3.992449453098061,3.5599084336957474,4.050543931477368,36,0.6810168902026333,3.5356234509539117,3.9111159214072653,3.8011609976346348,3.466309829924063,3.8598359519491234,Method4
69,100,50,0.7,3,wide,5,4,4,4,4,4,20,0.799,0.806,3.4479780478781534,4.010962010746883,3.877457950246478,3.5382727607967683,4.071699384553942,37,0.6193397193180415,3.5356234509539117,3.9111159214072653,3.8011609976346348,3.466309829924063,3.8598359519491234,Method4
69,100,50,0.7,3,wide,5,4,4,4,4,4,20,0.799,0.806,3.4429309215005395,4.017401393062692,3.8726339322944536,3.5379262273038496,4.0689890617667865,38,0.6186031998780871,3.5356234509539117,3.9111159214072653,3.8011609976346348,3.466309829924063,3.8598359519491234,Method4
69,100,50,0.7,3,wide,5,4,4,4,4,4,20,0.799,0.806,3.4419825354292843,4.01556210962943,3.8721456092730753,3.537859523573061,4.069466068382711,39,0.6185452357343314,3.5356234509539117,3.9111159214072653,3.8011609976346348,3.466309829924063,3.8598359519491234,Method4
69,100,50,0.7,3,wide,5,4,4,4,4,4,20,0.799,0.806,3.4431272969884903,3.9756501352586224,3.8241447311553096,3.6284581343489437,3.921354650871701,40,0.583752291293483,3.5356234509539117,3.9111159214072653,3.8011609976346348,3.466309829924063,3.8598359519491234,Method4
69,100,50,0.7,3,wide,5,4,4,4,4,4,20,0.799,0.806,3.4711706107542546,3.9898027230554307,3.81785540813825,3.633362214112347,3.9147600358995636,41,0.5780055429581503,3.5356234509539117,3.9111159214072653,3.8011609976346348,3.466309829924063,3.8598359519491234,Method4
69,100,50,0.7,3,wide,5,4,4,4,4,4,20,0.799,0.806,4.768378880891151,3.652834356923979,4.8340606671109985,3.48664689765836,4.874306947215343,5,14.050477460722968,3.5163409247797053,3.5027058933048494,3.7674597170358783,3.6822349748911427,3.6445072962777787,Method4
69,100,50,0.7,3,wide,5,4,4,4,4,4,20,0.799,0.806,4.768378880891151,3.652834356923979,4.8340606671109985,3.48664689765836,4.874306947215343,6,14.050477460722968,3.5163409247797053,3.5027058933048494,3.7674597170358783,3.6822349748911427,3.6445072962777787,Method4
69,100,50,0.7,3,wide,5,4,4,4,4,4,20,0.799,0.806,4.513347456106632,3.8667214611001093,4.642006286275044,4.089038463855423,4.427448038764322,7,6.378010643075789,3.5163409247797053,3.5027058933048494,3.7674597170358783,3.6822349748911427,3.6445072962777787,Method4
69,100,50,0.7,3,wide,5,4,4,4,4,4,20,0.799,0.806,4.515846432576947,3.8429330117168963,4.78542045957786,4.082297048182984,4.42197649737858,8,6.356103082793899,3.5163409247797053,3.5027058933048494,3.7674597170358783,3.6822349748911427,3.6445072962777787,Method4
69,100,50,0.7,3,wide,5,4,4,4,4,4,20,0.799,0.806,4.269250208490097,4.029856961820355,4.509525950753009,4.0051238375081955,4.285995497286931,9,4.4246046046974925,3.5163409247797053,3.5027058933048494,3.7674597170358783,3.6822349748911427,3.6445072962777787,Method4
69,100,50,0.7,3,wide,5,4,4,4,4,4,20,0.799,0.806,4.244408806311411,4.013821000277256,4.491395876691102,4.030134546393278,4.142202879439193,10,4.412066213638351,3.5163409247797053,3.5027058933048494,3.7674597170358783,3.6822349748911427,3.6445072962777787,Method4
69,100,50,0.7,3,wide,5,4,4,4,4,4,20,0.799,0.806,4.244502098951598,4.0144240765485835,4.482291340568712,4.028520127792913,4.145427911253679,11,4.411779111621192,3.5163409247797053,3.5027058933048494,3.7674597170358783,3.6822349748911427,3.6445072962777787,Method4
69,100,50,0.7,3,wide,5,4,4,4,4,4,20,0.799,0.806,4.228760037673861,4.140957346646032,4.5083534248795205,4.047260676431395,4.150438647614574,12,4.398316427266715,3.5163409247797053,3.5027058933048494,3.7674597170358783,3.6822349748911427,3.6445072962777787,Method4
69,100,50,0.7,3,wide,5,4,4,4,4,4,20,0.799,0.806,4.177969862794147,3.9570978925869045,4.514818897368204,4.039083534301195,4.143181884209614,13,4.313557581660595,3.5163409247797053,3.5027058933048494,3.7674597170358783,3.6822349748911427,3.6445072962777787,Method4
69,100,50,0.7,3,wide,5,4,4,4,4,4,20,0.799,0.806,4.337894231950861,3.8806088556761464,4.4785803603607395,4.126025505321596,4.041188311452538,14,3.6290983474367344,3.5163409247797053,3.5027058933048494,3.7674597170358783,3.6822349748911427,3.6445072962777787,Method4
69,100,50,0.7,3,wide,5,4,4,4,4,4,20,0.799,0.806,4.269442365100966,3.7147091956253413,4.49326443029862,4.12831545747788,3.720166082540947,15,3.0629312799828017,3.5163409247797053,3.5027058933048494,3.7674597170358783,3.6822349748911427,3.6445072962777787,Method4
69,100,50,0.7,3,wide,5,4,4,4,4,4,20,0.799,0.806,4.251737961570564,3.6464225233774856,4.402492362005501,4.197922373691454,3.772267818410614,16,2.4733219977346255,3.5163409247797053,3.5027058933048494,3.7674597170358783,3.6822349748911427,3.6445072962777787,Method4
69,100,50,0.7,3,wide,5,4,4,4,4,4,20,0.799,0.806,4.236992270547807,3.75247332477256,4.400525359740509,3.843748579701913,3.6113413491334554,17,2.3270096106913374,3.5163409247797053,3.5027058933048494,3.7674597170358783,3.6822349748911427,3.6445072962777787,Method4
69,100,50,0.7,3,wide,5,4,4,4,4,4,20,0.799,0.806,4.25058985837334,3.746508602055831,4.3921673674052935,3.8316404839037577,3.5361912297732117,18,2.308071532122528,3.5163409247797053,3.5027058933048494,3.7674597170358783,3.6822349748911427,3.6445072962777787,Method4
69,100,50,0.7,3,wide,5,4,4,4,4,4,20,0.799,0.806,4.177754908214108,3.6143761842304887,4.21085089542992,3.8790764078944417,3.5164724470644972,19,1.9496696990324385,3.5163409247797053,3.5027058933048494,3.7674597170358783,3.6822349748911427,3.6445072962777787,Method4
69,100,50,0.7,3,wide,5,4,4,4,4,4,20,0.799,0.806,4.214717116516037,3.6026392878732723,4.203502502564032,3.907092851066644,3.4777864942557923,20,1.9272792003352974,3.5163409247797053,3.5027058933048494,3.7674597170358783,3.6822349748911427,3.6445072962777787,Method4
69,100,50,0.7,3,wide,5,4,4,4,4,4,20,0.799,0.806,4.2350891187653215,3.602222353400711,4.1959937497149005,3.940010649251497,3.376212681206811,21,1.895358300442143,3.5163409247797053,3.5027058933048494,3.7674597170358783,3.6822349748911427,3.6445072962777787,Method4
69,100,50,0.7,3,wide,5,4,4,4,4,4,20,0.799,0.806,4.319822920028092,3.4144822894144142,4.257774697444559,4.035965377161585,3.2514908208471995,22,1.685495734747962,3.5163409247797053,3.5027058933048494,3.7674597170358783,3.6822349748911427,3.6445072962777787,Method4
69,100,50,0.7,3,wide,5,4,4,4,4,4,20,0.799,0.806,4.285419955685716,3.512448667159417,4.295896861272908,4.046271959789372,3.253448608624873,23,1.5565784253676702,3.5163409247797053,3.5027058933048494,3.7674597170358783,3.6822349748911427,3.6445072962777787,Method4
69,100,50,0.7,3,wide,5,4,4,4,4,4,20,0.799,0.806,4.24335441412592,3.4569175317190726,4.303881851800363,4.034473143482146,3.20799701805831,24,1.484179888432604,3.5163409247797053,3.5027058933048494,3.7674597170358783,3.6822349748911427,3.6445072962777787,Method4
69,100,50,0.7,3,wide,5,4,4,4,4,4,20,0.799,0.806,3.8488903318706025,3.3970607690992267,4.34525467936384,4.039466481850871,3.1724172007064686,25,1.3979509435608888,3.5163409247797053,3.5027058933048494,3.7674597170358783,3.6822349748911427,3.6445072962777787,Method4
69,100,50,0.7,3,wide,5,4,4,4,4,4,20,0.799,0.806,3.84924344116906,3.3949700259525857,4.351298964734642,4.0412861085632406,3.168741801933843,26,1.3978346830269266,3.5163409247797053,3.5027058933048494,3.7674597170358783,3.6822349748911427,3.6445072962777787,Method4
69,100,50,0.7,3,wide,5,4,4,4,4,4,20,0.799,0.806,3.8378062714706953,3.367321855540789,4.340986429277601,4.042524065141967,3.1600209727068997,27,1.3946528738478252,3.5163409247797053,3.5027058933048494,3.7674597170358783,3.6822349748911427,3.6445072962777787,Method4
69,100,50,0.7,3,wide,5,4,4,4,4,4,20,0.799,0.806,3.8741180123247148,3.324418985977625,4.325960103017628,4.084331977034653,3.214054687514288,28,1.309447088344699,3.5163409247797053,3.5027058933048494,3.7674597170358783,3.6822349748911427,3.6445072962777787,Method4
69,100,50,0.7,3,wide,5,4,4,4,4,4,20,0.799,0.806,3.9165064115383927,3.358102422069151,4.1741008480224515,3.83112330774961,3.2990581434110253,29,1.1300191673254758,3.5163409247797053,3.5027058933048494,3.7674597170358783,3.6822349748911427,3.6445072962777787,Method4
69,100,50,0.7,3,wide,5,4,4,4,4,4,20,0.799,0.806,3.90703429424484,3.359853475673647,4.1758194200278265,3.827309477957886,3.302675033030705,30,1.1299126559412394,3.5163409247797053,3.5027058933048494,3.7674597170358783,3.6822349748911427,3.6445072962777787,Method4
69,100,50,0.7,3,wide,5,4,4,4,4,4,20,0.799,0.806,3.749583023110608,3.4316818585687106,4.346802065377542,3.6794963854160287,3.5751810132093045,31,0.7970117519842229,3.5163409247797053,3.5027058933048494,3.7674597170358783,3.6822349748911427,3.6445072962777787,Method4
69,100,50,0.7,3,wide,5,4,4,4,4,4,20,0.799,0.806,3.724160771274566,3.4103310618916822,4.341282108645762,3.663431440847347,3.604487333891836,32,0.7866247151153255,3.5163409247797053,3.5027058933048494,3.7674597170358783,3.6822349748911427,3.6445072962777787,Method4
69,100,50,0.7,3,wide,5,4,4,4,4,4,20,0.799,0.806,3.7217443613714782,3.351764748255999,4.331069858460569,3.680421876524008,3.663197307982217,33,0.7188138273378278,3.5163409247797053,3.5027058933048494,3.7674597170358783,3.6822349748911427,3.6445072962777787,Method4
69,100,50,0.7,3,wide,5,4,4,4,4,4,20,0.799,0.806,3.7152828343392663,3.3472353388885288,4.331918806274117,3.660850786305681,3.6598679163919816,34,0.7178954460331148,3.5163409247797053,3.5027058933048494,3.7674597170358783,3.6822349748911427,3.6445072962777787,Method4
69,100,50,0.7,3,wide,5,4,4,4,4,4,20,0.799,0.806,3.7361002712569187,3.330472677153052,4.311983877004852,3.6858192347151464,3.6886521762112627,35,0.7045173654440331,3.5163409247797053,3.5027058933048494,3.7674597170358783,3.6822349748911427,3.6445072962777787,Method4
69,100,50,0.7,3,wide,5,4,4,4,4,4,20,0.799,0.806,3.556403975145815,3.2903263922238004,4.205996102732063,3.6432599966870507,3.597236602003044,36,0.5405012114401706,3.5163409247797053,3.5027058933048494,3.7674597170358783,3.6822349748911427,3.6445072962777787,Method4
69,100,50,0.7,3,wide,5,4,4,4,4,4,20,0.799,0.806,3.670122142350573,3.189597184455431,4.115448915628835,3.608536285467442,3.6127520827944597,37,0.4581514119915347,3.5163409247797053,3.5027058933048494,3.7674597170358783,3.6822349748911427,3.6445072962777787,Method4
69,100,50,0.7,3,wide,5,4,4,4,4,4,20,0.799,0.806,3.65763240116998,3.1022345506386504,4.117838148624648,3.628442320804499,3.5647768999388063,38,0.4477700651441152,3.5163409247797053,3.5027058933048494,3.7674597170358783,3.6822349748911427,3.6445072962777787,Method4
69,100,50,0.7,3,wide,5,4,4,4,4,4,20,0.799,0.806,3.642484563372499,3.1147497811903295,4.130485204854415,3.5842555588122544,3.5624006012369653,39,0.43563447390231935,3.5163409247797053,3.5027058933048494,3.7674597170358783,3.6822349748911427,3.6445072962777787,Method4
69,100,50,0.7,3,wide,5,4,4,4,4,4,20,0.799,0.806,3.6650033072989943,3.09780460843465,4.136374269237636,3.6008269188611197,3.5630794113521516,40,0.43323855846472026,3.5163409247797053,3.5027058933048494,3.7674597170358783,3.6822349748911427,3.6445072962777787,Method4
69,100,50,0.7,3,wide,5,4,4,4,4,4,20,0.799,0.806,3.7082310898443622,3.103178869830523,4.1805620162440835,3.624950305517471,3.535048567479293,41,0.4202490350578575,3.5163409247797053,3.5027058933048494,3.7674597170358783,3.6822349748911427,3.6445072962777787,Method4
69,100,50,0.7,3,wide,5,4,4,4,4,4,20,0.799,0.806,4.039392876646527,4.932091617468621,5.492245114515273,4.764117408496686,4.431998710818524,5,18.128528601178637,3.465644273286749,3.574485509173235,3.721010217986397,3.9278268790127995,3.6973468221457715,Method4
69,100,50,0.7,3,wide,5,4,4,4,4,4,20,0.799,0.806,4.039392876646527,4.932091617468621,5.492245114515273,4.764117408496686,4.431998710818524,6,18.128528601178637,3.465644273286749,3.574485509173235,3.721010217986397,3.9278268790127995,3.6973468221457715,Method4
69,100,50,0.7,3,wide,5,4,4,4,4,4,20,0.799,0.806,4.302720457725847,4.290504757414847,4.9196490892925935,4.654699257876371,4.313208946749803,7,8.398953533651165,3.465644273286749,3.574485509173235,3.721010217986397,3.9278268790127995,3.6973468221457715,Method4
69,100,50,0.7,3,wide,5,4,4,4,4,4,20,0.799,0.806,4.400079892288859,4.339112677106819,4.815130274572323,4.8115152540107236,4.30715737626701,8,6.028215155412088,3.465644273286749,3.574485509173235,3.721010217986397,3.9278268790127995,3.6973468221457715,Method4
69,100,50,0.7,3,wide,5,4,4,4,4,4,20,0.799,0.806,4.2356830521571185,4.106427815389632,4.5972903054351635,4.781489316597193,4.196604309176085,9,5.074806937164193,3.465644273286749,3.574485509173235,3.721010217986397,3.9278268790127995,3.6973468221457715,Method4
69,100,50,0.7,3,wide,5,4,4,4,4,4,20,0.799,0.806,4.2309298758201965,4.122151250937173,4.546164855835184,4.883365751525656,4.175151339581005,10,4.614897400315598,3.465644273286749,3.574485509173235,3.721010217986397,3.9278268790127995,3.6973468221457715,Method4
69,100,50,0.7,3,wide,5,4,4,4,4,4,20,0.799,0.806,4.234347158531932,4.096949711253227,4.613180962158214,4.862812885004665,4.363920101468407,11,4.570134606635999,3.465644273286749,3.574485509173235,3.721010217986397,3.9278268790127995,3.6973468221457715,Method4
69,100,50,0.7,3,wide,5,4,4,4,4,4,20,0.799,0.806,4.149368471663972,4.1488826246193,4.80220796238422,4.098031080863177,4.0466297378268345,12,4.072967670726309,3.465644273286749,3.574485509173235,3.721010217986397,3.9278268790127995,3.6973468221457715,Method4
69,100,50,0.7,3,wide,5,4,4,4,4,4,20,0.799,0.806,4.0801602504237655,3.966758446624162,4.600672923776345,4.306552934434027,4.0449624718913615,13,3.390708259354981,3.465644273286749,3.574485509173235,3.721010217986397,3.9278268790127995,3.6973468221457715,Method4
69,100,50,0.7,3,wide,5,4,4,4,4,4,20,0.799,0.806,3.165491433565771,3.930945716987872,4.4404743748200834,4.39170868639131,4.137247152230603,14,2.78980750158779,3.465644273286749,3.574485509173235,3.721010217986397,3.9278268790127995,3.6973468221457715,Method4
69,100,50,0.7,3,wide,5,4,4,4,4,4,20,0.799,0.806,3.101360210339989,4.016363974458005,4.438626434868784,4.397510559152456,3.8459405296823626,15,2.606159223076762,3.465644273286749,3.574485509173235,3.721010217986397,3.9278268790127995,3.6973468221457715,Method4
69,100,50,0.7,3,wide,5,4,4,4,4,4,20,0.799,0.806,3.205047591284294,4.080663647388442,4.4546785288667605,4.083347091546785,3.7256469500694664,16,2.4047521274559465,3.465644273286749,3.574485509173235,3.721010217986397,3.9278268790127995,3.6973468221457715,Method4
69,100,50,0.7,3,wide,5,4,4,4,4,4,20,0.799,0.806,3.0325136071148076,4.154918003316322,4.440401250989842,3.736740707121842,3.6939247680538525,17,2.185414778520433,3.465644273286749,3.574485509173235,3.721010217986397,3.9278268790127995,3.6973468221457715,Method4
69,100,50,0.7,3,wide,5,4,4,4,4,4,20,0.799,0.806,3.028367896071871,4.162609628750185,4.506464560377847,3.741721767866682,3.7314094689147,18,2.1186343596864594,3.465644273286749,3.574485509173235,3.721010217986397,3.9278268790127995,3.6973468221457715,Method4
69,100,50,0.7,3,wide,5,4,4,4,4,4,20,0.799,0.806,3.0257083378302667,4.230856486554771,4.536796209801361,3.7626142885566534,3.9186969620323477,19,1.9146764447290352,3.465644273286749,3.574485509173235,3.721010217986397,3.9278268790127995,3.6973468221457715,Method4
69,100,50,0.7,3,wide,5,4,4,4,4,4,20,0.799,0.806,3.0503027486189294,4.246705915247189,4.513743551110759,3.814343569927385,3.914397407302299,20,1.8911784504817197,3.465644273286749,3.574485509173235,3.721010217986397,3.9278268790127995,3.6973468221457715,Method4
69,100,50,0.7,3,wide,5,4,4,4,4,4,20,0.799,0.806,2.9344794198638398,4.215674953289966,4.522176061412242,3.8372740674826966,3.890888334952648,21,1.824597287042616,3.465644273286749,3.574485509173235,3.721010217986397,3.9278268790127995,3.6973468221457715,Method4
69,100,50,0.7,3,wide,5,4,4,4,4,4,20,0.799,0.806,2.941084562349879,4.198417825407063,4.521218898085304,3.856297086192097,3.8927031386528754,22,1.8151555892022464,3.465644273286749,3.574485509173235,3.721010217986397,3.9278268790127995,3.6973468221457715,Method4
69,100,50,0.7,3,wide,5,4,4,4,4,4,20,0.799,0.806,2.9212583171114312,4.2012759435778815,4.511179127259289,3.850422005563214,3.8543566271233094,23,1.8119376526523132,3.465644273286749,3.574485509173235,3.721010217986397,3.9278268790127995,3.6973468221457715,Method4
69,100,50,0.7,3,wide,5,4,4,4,4,4,20,0.799,0.806,2.9078202776574695,4.14265129623107,4.0450402709679265,3.955631653474761,3.8322686546229696,24,1.6958398178243548,3.465644273286749,3.574485509173235,3.721010217986397,3.9278268790127995,3.6973468221457715,Method4
69,100,50,0.7,3,wide,5,4,4,4,4,4,20,0.799,0.806,2.88745461484085,4.145194820806711,4.066486178827124,3.8966270825965204,3.78849810085048,25,1.6420141190513344,3.465644273286749,3.574485509173235,3.721010217986397,3.9278268790127995,3.6973468221457715,Method4
69,100,50,0.7,3,wide,5,4,4,4,4,4,20,0.799,0.806,2.943413581337971,3.558126589480097,4.037098537183586,3.9294890066824006,3.8467653976970517,26,1.4033819037249475,3.465644273286749,3.574485509173235,3.721010217986397,3.9278268790127995,3.6973468221457715,Method4
69,100,50,0.7,3,wide,5,4,4,4,4,4,20,0.799,0.806,2.9737292263809936,3.4159035056292404,4.047671128091754,3.8276040786927266,3.881131780831421,27,1.2772305751674948,3.465644273286749,3.574485509173235,3.721010217986397,3.9278268790127995,3.6973468221457715,Method4
69,100,50,0.7,3,wide,5,4,4,4,4,4,20,0.799,0.806,2.947670430444309,3.330966358072515,4.043310657708412,3.824993329410681,3.870692717874757,28,1.2666160168442744,3.465644273286749,3.574485509173235,3.721010217986397,3.9278268790127995,3.6973468221457715,Method4
69,100,50,0.7,3,wide,5,4,4,4,4,4,20,0.799,0.806,3.0315958205088225,3.3626147621762263,3.995877665559342,3.8058132476597426,3.838264751898371,29,1.218789849865564,3.465644273286749,3.574485509173235,3.721010217986397,3.9278268790127995,3.6973468221457715,Method4
69,100,50,0.7,3,wide,5,4,4,4,4,4,20,0.799,0.806,3.027773290702803,3.3636597020718666,4.012754742855836,3.8197124371007534,3.8377994430698497,30,1.2168223788628,3.465644273286749,3.574485509173235,3.721010217986397,3.9278268790127995,3.6973468221457715,Method4
69,100,50,0.7,3,wide,5,4,4,4,4,4,20,0.799,0.806,3.0814966651008953,3.44244660906599,3.988231863203086,3.7996125525837363,3.756267074573684,31,1.1365923722108529,3.465644273286749,3.574485509173235,3.721010217986397,3.9278268790127995,3.6973468221457715,Method4
69,100,50,0.7,3,wide,5,4,4,4,4,4,20,0.799,0.806,3.0985894075753615,3.424850274082675,4.0657136755241465,3.7602746483286573,3.8013409766100708,32,1.0990471022169606,3.465644273286749,3.574485509173235,3.721010217986397,3.9278268790127995,3.6973468221457715,Method4
69,100,50,0.7,3,wide,5,4,4,4,4,4,20,0.799,0.806,3.2446801548631843,3.600222341219845,4.059410794354422,3.7637764005735965,3.7142610909294214,33,1.0050892399919877,3.465644273286749,3.574485509173235,3.721010217986397,3.9278268790127995,3.6973468221457715,Method4
69,100,50,0.7,3,wide,5,4,4,4,4,4,20,0.799,0.806,3.1750868427070307,3.55086412427925,4.064589120714984,3.7748934742689495,3.5955321014914574,34,0.9357177545812854,3.465644273286749,3.574485509173235,3.721010217986397,3.9278268790127995,3.6973468221457715,Method4
69,100,50,0.7,3,wide,5,4,4,4,4,4,20,0.799,0.806,3.2368939526321148,3.577030279958838,4.0538858409200325,3.79538260703986,3.621695617554066,35,0.9136886253561587,3.465644273286749,3.574485509173235,3.721010217986397,3.9278268790127995,3.6973468221457715,Method4
69,100,50,0.7,3,wide,5,4,4,4,4,4,20,0.799,0.806,3.234944422759014,3.5753648954282733,4.0507503677562715,3.7939408362789275,3.621204385418851,36,0.913615988059944,3.465644273286749,3.574485509173235,3.721010217986397,3.9278268790127995,3.6973468221457715,Method4
69,100,50,0.7,3,wide,5,4,4,4,4,4,20,0.799,0.806,3.435584422896548,3.530661297938384,3.6453495958034003,3.936133749741306,3.679269082342013,37,0.7568952283685051,3.465644273286749,3.574485509173235,3.721010217986397,3.9278268790127995,3.6973468221457715,Method4
69,100,50,0.7,3,wide,5,4,4,4,4,4,20,0.799,0.806,3.4405406176651505,3.5377024772035464,3.645698315409688,3.926998642191855,3.6770782651951217,38,0.7566824604959529,3.465644273286749,3.574485509173235,3.721010217986397,3.9278268790127995,3.6973468221457715,Method4
69,100,50,0.7,3,wide,5,4,4,4,4,4,20,0.799,0.806,3.4252877920331835,3.530402652896734,3.6180914577554573,3.926545971253503,3.661574757419603,39,0.7529121717122349,3.465644273286749,3.574485509173235,3.721010217986397,3.9278268790127995,3.6973468221457715,Method4
69,100,50,0.7,3,wide,5,4,4,4,4,4,20,0.799,0.806,3.4318383230731873,3.550319390229409,3.6571305309937667,3.923968406770493,3.6148427454768988,40,0.7472476312357176,3.465644273286749,3.574485509173235,3.721010217986397,3.9278268790127995,3.6973468221457715,Method4
69,100,50,0.7,3,wide,5,4,4,4,4,4,20,0.799,0.806,3.4310649167048854,3.5462559160205576,3.660115331759711,3.923856818014876,3.6170964418364857,41,0.7471551479765705,3.465644273286749,3.574485509173235,3.721010217986397,3.9278268790127995,3.6973468221457715,Method4
69,100,50,0.7,3,wide,5,4,4,4,4,4,20,0.799,0.806,3.7086356304998644,5.021446078522999,4.397627555233857,3.8724993953757094,4.536792849785655,5,22.009408971536566,3.8391286164077023,3.6323729260029958,3.892956562641135,3.8410010600163007,3.57399258163123,Method4
69,100,50,0.7,3,wide,5,4,4,4,4,4,20,0.799,0.806,3.7086356304998644,5.021446078522999,4.397627555233857,3.8724993953757094,4.536792849785655,6,22.009408971536566,3.8391286164077023,3.6323729260029958,3.892956562641135,3.8410010600163007,3.57399258163123,Method4
69,100,50,0.7,3,wide,5,4,4,4,4,4,20,0.799,0.806,3.448841832021616,5.023509438345095,4.41585754678287,3.8577766689103647,4.555233539890378,7,21.93318017563642,3.8391286164077023,3.6323729260029958,3.892956562641135,3.8410010600163007,3.57399258163123,Method4
69,100,50,0.7,3,wide,5,4,4,4,4,4,20,0.799,0.806,3.820908416836001,4.600320389857611,4.372914632008034,3.7383691705612745,4.5508438601452115,8,10.556021704506637,3.8391286164077023,3.6323729260029958,3.892956562641135,3.8410010600163007,3.57399258163123,Method4
69,100,50,0.7,3,wide,5,4,4,4,4,4,20,0.799,0.806,3.735311033299944,4.647530599401964,3.9664590663095307,3.834429959131262,4.427009777276682,9,6.891609929242226,3.8391286164077023,3.6323729260029958,3.892956562641135,3.8410010600163007,3.57399258163123,Method4
69,100,50,0.7,3,wide,5,4,4,4,4,4,20,0.799,0.806,3.7464362543385326,4.609495527338793,3.947440663029868,3.860775930414975,4.108521013159682,10,6.81712042986961,3.8391286164077023,3.6323729260029958,3.892956562641135,3.8410010600163007,3.57399258163123,Method4
69,100,50,0.7,3,wide,5,4,4,4,4,4,20,0.799,0.806,4.07154784793584,4.901810057015901,4.218387774448959,3.7511881779190985,3.962278501957147,11,5.555549010947436,3.8391286164077023,3.6323729260029958,3.892956562641135,3.8410010600163007,3.57399258163123,Method4
69,100,50,0.7,3,wide,5,4,4,4,4,4,20,0.799,0.806,4.17448395120425,4.898070758359556,4.210692709851346,3.7426507143256758,3.9591592022920756,12,5.542605913785394,3.8391286164077023,3.6323729260029958,3.892956562641135,3.8410010600163007,3.57399258163123,Method4
69,100,50,0.7,3,wide,5,4,4,4,4,4,20,0.799,0.806,3.876285989824252,4.8550318754045225,4.0844354838932055,3.7463781163674867,3.8970795424296525,13,4.314230583613653,3.8391286164077023,3.6323729260029958,3.892956562641135,3.8410010600163007,3.57399258163123,Method4
69,100,50,0.7,3,wide,5,4,4,4,4,4,20,0.799,0.806,3.9596340195238473,4.548387537082655,4.10238131032819,3.879390071703521,3.8191261229647844,14,2.976182618711952,3.8391286164077023,3.6323729260029958,3.892956562641135,3.8410010600163007,3.57399258163123,Method4
69,100,50,0.7,3,wide,5,4,4,4,4,4,20,0.799,0.806,4.1513943433083735,4.596586050379755,3.681522174973517,3.9417826559852114,3.765604981722818,15,2.769162644839661,3.8391286164077023,3.6323729260029958,3.892956562641135,3.8410010600163007,3.57399258163123,Method4
69,100,50,0.7,3,wide,5,4,4,4,4,4,20,0.799,0.806,4.122132568487695,4.603375859815538,3.6486861762912275,3.91782520310749,3.8254665770772793,16,2.5873101692642115,3.8391286164077023,3.6323729260029958,3.892956562641135,3.8410010600163007,3.57399258163123,Method4
69,100,50,0.7,3,wide,5,4,4,4,4,4,20,0.799,0.806,4.169265660829053,4.645564655629739,3.688488567525523,3.882071497247964,3.7869549482483933,17,2.5306455084210286,3.8391286164077023,3.6323729260029958,3.892956562641135,3.8410010600163007,3.57399258163123,Method4
69,100,50,0.7,3,wide,5,4,4,4,4,4,20,0.799,0.806,4.176954161404481,4.646808123690489,3.7157709838064927,3.882174514216545,3.7946339161793916,18,2.528783127039807,3.8391286164077023,3.6323729260029958,3.892956562641135,3.8410010600163007,3.57399258163123,Method4
69,100,50,0.7,3,wide,5,4,4,4,4,4,20,0.799,0.806,4.115026225407259,4.660491785583942,3.819439965486817,3.845277710126153,3.6984703443669673,19,2.4289068043138116,3.8391286164077023,3.6323729260029958,3.892956562641135,3.8410010600163007,3.57399258163123,Method4
69,100,50,0.7,3,wide,5,4,4,4,4,4,20,0.799,0.806,4.0780495251432685,4.620696769281276,3.8600033534619413,3.816751641716493,3.713709368126613,20,2.405333922119675,3.8391286164077023,3.6323729260029958,3.892956562641135,3.8410010600163007,3.57399258163123,Method4
69,100,50,0.7,3,wide,5,4,4,4,4,4,20,0.799,0.806,4.082957663811977,4.614851521799285,3.870902719887887,3.815650292067866,3.68167630054519,21,2.402467786570155,3.8391286164077023,3.6323729260029958,3.892956562641135,3.8410010600163007,3.57399258163123,Method4
69,100,50,0.7,3,wide,5,4,4,4,4,4,20,0.799,0.806,3.895727574105423,4.664742765910485,3.858472806093128,3.9132647152208575,3.657992943285716,22,2.0926378235791043,3.8391286164077023,3.6323729260029958,3.892956562641135,3.8410010600163007,3.57399258163123,Method4
69,100,50,0.7,3,wide,5,4,4,4,4,4,20,0.799,0.806,3.8850343487276784,4.668667763798784,3.8765280414227083,3.8998546229319113,3.6485010611305158,23,2.0816773102077275,3.8391286164077023,3.6323729260029958,3.892956562641135,3.8410010600163007,3.57399258163123,Method4
69,100,50,0.7,3,wide,5,4,4,4,4,4,20,0.799,0.806,3.880872739814426,4.67108644270393,3.8537652503250204,3.895777709166815,3.6397531631805093,24,2.080165837779569,3.8391286164077023,3.6323729260029958,3.892956562641135,3.8410010600163007,3.57399258163123,Method4
69,100,50,0.7,3,wide,5,4,4,4,4,4,20,0.799,0.806,3.897034170310205,4.671816886851646,3.8479811342872825,3.8959488996530682,3.6422606845460646,25,2.075476605776557,3.8391286164077023,3.6323729260029958,3.892956562641135,3.8410010600163007,3.57399258163123,Method4
69,100,50,0.7,3,wide,5,4,4,4,4,4,20,0.799,0.806,3.9498745704177773,4.708679304289308,3.864698495452051,3.654545887125787,3.584341724655592,26,2.0404703162143445,3.8391286164077023,3.6323729260029958,3.892956562641135,3.8410010600163007,3.57399258163123,Method4
69,100,50,0.7,3,wide,5,4,4,4,4,4,20,0.799,0.806,3.926338639013936,4.681314615987033,3.885395305898558,3.7340540265280517,3.641494954532533,27,2.0157734210631033,3.8391286164077023,3.6323729260029958,3.892956562641135,3.8410010600163007,3.57399258163123,Method4
69,100,50,0.7,3,wide,5,4,4,4,4,4,20,0.799,0.806,3.9503397507637925,4.682584453095466,3.8660594239211226,3.578782574213272,3.651402599004167,28,1.980668067922086,3.8391286164077023,3.6323729260029958,3.892956562641135,3.8410010600163007,3.57399258163123,Method4
69,100,50,0.7,3,wide,5,4,4,4,4,4,20,0.799,0.806,3.9582951647058087,4.677052951406935,3.8690794306222753,3.573667128243386,3.6247192722096995,29,1.9416619789216936,3.8391286164077023,3.6323729260029958,3.892956562641135,3.8410010600163007,3.57399258163123,Method4
69,100,50,0.7,3,wide,5,4,4,4,4,4,20,0.799,0.806,3.8892073444471116,4.74710949602005,3.840870450999732,3.5686147224185425,3.372199466438295,30,1.797979524446454,3.8391286164077023,3.6323729260029958,3.892956562641135,3.8410010600163007,3.57399258163123,Method4
69,100,50,0.7,3,wide,5,4,4,4,4,4,20,0.799,0.806,3.930005126876454,4.698931039443585,3.9158433934766985,3.4362777423073174,3.3450447766344897,31,1.7706170414102573,3.8391286164077023,3.6323729260029958,3.892956562641135,3.8410010600163007,3.57399258163123,Method4
69,100,50,0.7,3,wide,5,4,4,4,4,4,20,0.799,0.806,3.879357963865281,4.289648001265997,3.880547497906858,3.334404952438434,3.4992932446368274,32,1.632670598158056,3.8391286164077023,3.6323729260029958,3.892956562641135,3.8410010600163007,3.57399258163123,Method4
69,100,50,0.7,3,wide,5,4,4,4,4,4,20,0.799,0.806,3.8788849317269625,4.2913807086345646,3.8781130663510104,3.3381553922534057,3.4990735023687782,33,1.6326299826486683,3.8391286164077023,3.6323729260029958,3.892956562641135,3.8410010600163007,3.57399258163123,Method4
69,100,50,0.7,3,wide,5,4,4,4,4,4,20,0.799,0.806,3.837472733992041,4.284678714197298,3.897753056411447,3.330750600309793,3.4791663525362035,34,1.618567655043212,3.8391286164077023,3.6323729260029958,3.892956562641135,3.8410010600163007,3.57399258163123,Method4
69,100,50,0.7,3,wide,5,4,4,4,4,4,20,0.799,0.806,3.837520796998374,4.267999591865745,3.930943170460618,3.260951867553354,3.379552461830243,35,1.569764786024383,3.8391286164077023,3.6323729260029958,3.892956562641135,3.8410010600163007,3.57399258163123,Method4
69,100,50,0.7,3,wide,5,4,4,4,4,4,20,0.799,0.806,3.821598754627592,4.258491520325244,3.922115981477743,3.2994931832476215,3.333648602410181,36,1.5497543867861325,3.8391286164077023,3.6323729260029958,3.892956562641135,3.8410010600163007,3.57399258163123,Method4
69,100,50,0.7,3,wide,5,4,4,4,4,4,20,0.799,0.806,3.7123485615100975,4.2272053494583535,4.033740620229189,3.4005112649730376,3.4459871185428486,37,1.3817892439830788,3.8391286164077023,3.6323729260029958,3.892956562641135,3.8410010600163007,3.57399258163123,Method4
69,100,50,0.7,3,wide,5,4,4,4,4,4,20,0.799,0.806,3.6558601782433175,4.06644384239769,4.053551988941543,3.527941865365115,3.483081984196075,38,1.2433244128494865,3.8391286164077023,3.6323729260029958,3.892956562641135,3.8410010600163007,3.57399258163123,Method4
69,100,50,0.7,3,wide,5,4,4,4,4,4,20,0.799,0.806,3.6799830594477827,4.0673299368818565,4.083616211487393,3.489393234203984,3.462833983941244,39,1.2388469544929168,3.8391286164077023,3.6323729260029958,3.892956562641135,3.8410010600163007,3.57399258163123,Method4
69,100,50,0.7,3,wide,5,4,4,4,4,4,20,0.799,0.806,3.771020228841768,3.7811373451937196,4.232677187712511,3.471757451373672,3.299779167888262,40,1.0976609960626462,3.8391286164077023,3.6323729260029958,3.892956562641135,3.8410010600163007,3.57399258163123,Method4
69,100,50,0.7,3,wide,5,4,4,4,4,4,20,0.799,0.806,3.7697636746335887,3.7347347575760765,4.288647527205222,3.442507821726916,3.317380817761228,41,1.0727036191022365,3.8391286164077023,3.6323729260029958,3.892956562641135,3.8410010600163007,3.57399258163123,Method4
69,100,50,0.7,3,wide,5,4,4,4,4,4,20,0.799,0.806,4.360260027454195,3.8401533704384287,4.7133883940724575,5.203796921447251,4.822424879685582,5,13.697472392237735,3.7056974784105625,3.5077907351642676,3.602951691290313,3.7656739467136893,3.7453611707286587,Method4
69,100,50,0.7,3,wide,5,4,4,4,4,4,20,0.799,0.806,4.360260027454195,3.8401533704384287,4.7133883940724575,5.203796921447251,4.822424879685582,6,13.697472392237735,3.7056974784105625,3.5077907351642676,3.602951691290313,3.7656739467136893,3.7453611707286587,Method4
69,100,50,0.7,3,wide,5,4,4,4,4,4,20,0.799,0.806,4.268533549851051,4.269893788509943,4.320496595643601,4.944529233642222,4.330803000729538,7,4.920908759646446,3.7056974784105625,3.5077907351642676,3.602951691290313,3.7656739467136893,3.7453611707286587,Method4
69,100,50,0.7,3,wide,5,4,4,4,4,4,20,0.799,0.806,4.0840131806711595,4.079402261778383,4.384495867407259,4.901788204647461,4.541798836185075,8,3.1874248569691983,3.7056974784105625,3.5077907351642676,3.602951691290313,3.7656739467136893,3.7453611707286587,Method4
69,100,50,0.7,3,wide,5,4,4,4,4,4,20,0.799,0.806,4.079830188928293,4.098209039987197,4.399987132329226,4.856202607757858,4.551106285814767,9,3.138629070648863,3.7056974784105625,3.5077907351642676,3.602951691290313,3.7656739467136893,3.7453611707286587,Method4
69,100,50,0.7,3,wide,5,4,4,4,4,4,20,0.799,0.806,3.9673980006682816,4.103041259543517,4.478345734491522,4.857407626488832,4.681639528144614,10,2.7144127210791322,3.7056974784105625,3.5077907351642676,3.602951691290313,3.7656739467136893,3.7453611707286587,Method4
69,100,50,0.7,3,wide,5,4,4,4,4,4,20,0.799,0.806,3.752496834926283,4.109607761198256,4.470790490889501,4.8184674337571565,4.657079921052139,11,2.6702511611790665,3.7056974784105625,3.5077907351642676,3.602951691290313,3.7656739467136893,3.7453611707286587,Method4
69,100,50,0.7,3,wide,5,4,4,4,4,4,20,0.799,0.806,3.7534166962645252,4.142785316935099,4.5295040183055555,4.79658748561595,4.670702951786911,12,2.54870093243701,3.7056974784105625,3.5077907351642676,3.602951691290313,3.7656739467136893,3.7453611707286587,Method4
69,100,50,0.7,3,wide,5,4,4,4,4,4,20,0.799,0.806,3.90066375251902,4.115957691432761,4.567836498058389,4.768579697651595,4.620416822477817,13,2.372227756017757,3.7056974784105625,3.5077907351642676,3.602951691290313,3.7656739467136893,3.7453611707286587,Method4
69,100,50,0.7,3,wide,5,4,4,4,4,4,20,0.799,0.806,3.92972082379055,4.1273819385602195,4.573137814350913,4.74789476219691,4.790061736527004,14,2.3513394380484325,3.7056974784105625,3.5077907351642676,3.602951691290313,3.7656739467136893,3.7453611707286587,Method4
69,100,50,0.7,3,wide,5,4,4,4,4,4,20,0.799,0.806,3.803866245774216,3.7774166523352974,4.49936029467093,4.675175251543562,4.765906267136442,15,2.1991788389812803,3.7056974784105625,3.5077907351642676,3.602951691290313,3.7656739467136893,3.7453611707286587,Method4
69,100,50,0.7,3,wide,5,4,4,4,4,4,20,0.799,0.806,3.8295189338281,3.7391922309097216,4.012121191162513,4.678043640627719,4.745351164783149,16,1.9956785828975543,3.7056974784105625,3.5077907351642676,3.602951691290313,3.7656739467136893,3.7453611707286587,Method4
69,100,50,0.7,3,wide,5,4,4,4,4,4,20,0.799,0.806,3.810839235975408,3.7417311041813432,3.969906785438022,4.68943072633582,4.617097324679285,17,1.9815239620040659,3.7056974784105625,3.5077907351642676,3.602951691290313,3.7656739467136893,3.7453611707286587,Method4
69,100,50,0.7,3,wide,5,4,4,4,4,4,20,0.799,0.806,3.775415404770449,3.4650053390490245,3.9705519095282256,4.695090417873592,4.402005000050227,18,1.7963364993204345,3.7056974784105625,3.5077907351642676,3.602951691290313,3.7656739467136893,3.7453611707286587,Method4
69,100,50,0.7,3,wide,5,4,4,4,4,4,20,0.799,0.806,3.8378740428981217,3.12871279908148,4.026409057923759,4.7194631093267905,4.186561225745163,19,1.5562841320694085,3.7056974784105625,3.5077907351642676,3.602951691290313,3.7656739467136893,3.7453611707286587,Method4
69,100,50,0.7,3,wide,5,4,4,4,4,4,20,0.799,0.806,3.8824311468660273,3.064507647909385,4.053072524218996,4.731837444149977,4.145436920086527,20,1.523005926660917,3.7056974784105625,3.5077907351642676,3.602951691290313,3.7656739467136893,3.7453611707286587,Method4
69,100,50,0.7,3,wide,5,4,4,4,4,4,20,0.799,0.806,3.8720135461309604,3.076168469689594,4.029614301744728,4.7228052757937355,4.133822281617264,21,1.5190312300271251,3.7056974784105625,3.5077907351642676,3.602951691290313,3.7656739467136893,3.7453611707286587,Method4
69,100,50,0.7,3,wide,5,4,4,4,4,4,20,0.799,0.806,3.794315072602131,3.1694594079144234,4.01570535662296,4.675416414889581,4.089399442641671,22,1.414930857579849,3.7056974784105625,3.5077907351642676,3.602951691290313,3.7656739467136893,3.7453611707286587,Method4
69,100,50,0.7,3,wide,5,4,4,4,4,4,20,0.799,0.806,3.807317036143405,3.180865004904225,3.931547157477696,4.686255142990425,4.117553974842499,23,1.3756161194048786,3.7056974784105625,3.5077907351642676,3.602951691290313,3.7656739467136893,3.7453611707286587,Method4
69,100,50,0.7,3,wide,5,4,4,4,4,4,20,0.799,0.806,3.687674892791166,3.1901632740841,3.8217867555010923,4.586259713433383,4.15716109960509,24,1.1545599697976388,3.7056974784105625,3.5077907351642676,3.602951691290313,3.7656739467136893,3.7453611707286587,Method4
69,100,50,0.7,3,wide,5,4,4,4,4,4,20,0.799,0.806,3.6444535972420113,3.1593287889750625,3.8330733371517165,4.609077856258373,4.181390889187424,25,1.122384496238695,3.7056974784105625,3.5077907351642676,3.602951691290313,3.7656739467136893,3.7453611707286587,Method4
69,100,50,0.7,3,wide,5,4,4,4,4,4,20,0.799,0.806,3.639864469037484,3.159644267234926,3.830074601687507,4.606995209694891,4.180380499037998,26,1.1222946864806194,3.7056974784105625,3.5077907351642676,3.602951691290313,3.7656739467136893,3.7453611707286587,Method4
69,100,50,0.7,3,wide,5,4,4,4,4,4,20,0.799,0.806,3.6850056803933344,3.1854485389960168,3.8684357279822716,4.620576948303895,4.189773319669905,27,1.0944132479326478,3.7056974784105625,3.5077907351642676,3.602951691290313,3.7656739467136893,3.7453611707286587,Method4
69,100,50,0.7,3,wide,5,4,4,4,4,4,20,0.799,0.806,3.67044134120112,3.2022860298944438,3.7973140061735835,4.609868505746315,4.123536153403699,28,1.0842299402644406,3.7056974784105625,3.5077907351642676,3.602951691290313,3.7656739467136893,3.7453611707286587,Method4
69,100,50,0.7,3,wide,5,4,4,4,4,4,20,0.799,0.806,3.731789083786371,3.297833562325782,3.62096874217099,4.633466639550112,4.1456342739313445,29,0.988059773646223,3.7056974784105625,3.5077907351642676,3.602951691290313,3.7656739467136893,3.7453611707286587,Method4
69,100,50,0.7,3,wide,5,4,4,4,4,4,20,0.799,0.806,3.798275676228035,3.2798931119654857,3.648466617759358,4.6359401358585695,4.046302925640668,30,0.9486152137690073,3.7056974784105625,3.5077907351642676,3.602951691290313,3.7656739467136893,3.7453611707286587,Method4
69,100,50,0.7,3,wide,5,4,4,4,4,4,20,0.799,0.806,3.791012704322005,3.2798630788805205,3.645266675867015,4.630839713995629,4.0295767373492195,31,0.9478516999885027,3.7056974784105625,3.5077907351642676,3.602951691290313,3.7656739467136893,3.7453611707286587,Method4
69,100,50,0.7,3,wide,5,4,4,4,4,4,20,0.799,0.806,3.742135930203902,3.3069499552435326,3.6680810515271998,4.643893201083607,3.8992516319513335,32,0.9161237503297092,3.7056974784105625,3.5077907351642676,3.602951691290313,3.7656739467136893,3.7453611707286587,Method4
69,100,50,0.7,3,wide,5,4,4,4,4,4,20,0.799,0.806,3.758285035998968,3.3082146392027965,3.667622588850819,4.642347175404414,3.9094647608497386,33,0.9158875518966376,3.7056974784105625,3.5077907351642676,3.602951691290313,3.7656739467136893,3.7453611707286587,Method4
69,100,50,0.7,3,wide,5,4,4,4,4,4,20,0.799,0.806,3.7497428443530656,3.324665752682179,3.6721714074404725,4.624963640886269,3.9825971628339714,34,0.9084530955640805,3.7056974784105625,3.5077907351642676,3.602951691290313,3.7656739467136893,3.7453611707286587,Method4
69,100,50,0.7,3,wide,5,4,4,4,4,4,20,0.799,0.806,3.8542484120528386,3.2934007732137816,3.7144569980974542,4.122442708265339,3.9326695212307383,35,0.8008044138739081,3.7056974784105625,3.5077907351642676,3.602951691290313,3.7656739467136893,3.7453611707286587,Method4
69,100,50,0.7,3,wide,5,4,4,4,4,4,20,0.799,0.806,3.7989055995554466,3.2856205373626657,3.6458986223038226,3.9530542924555405,3.9653806859708647,36,0.7686898684282859,3.7056974784105625,3.5077907351642676,3.602951691290313,3.7656739467136893,3.7453611707286587,Method4
69,100,50,0.7,3,wide,5,4,4,4,4,4,20,0.799,0.806,3.7693238016087527,3.267255141339091,3.6460463437499553,3.9602433709853653,3.917092094375137,37,0.7514032639665069,3.7056974784105625,3.5077907351642676,3.602951691290313,3.7656739467136893,3.7453611707286587,Method4
69,100,50,0.7,3,wide,5,4,4,4,4,4,20,0.799,0.806,3.7540727839020693,3.2538416009919797,3.607749928735848,3.972626154137943,3.9039364464370805,38,0.7261255253468282,3.7056974784105625,3.5077907351642676,3.602951691290313,3.7656739467136893,3.7453611707286587,Method4
69,100,50,0.7,3,wide,5,4,4,4,4,4,20,0.799,0.806,3.7449944934751396,3.2722672481816724,3.598451499516708,3.98257222849364,3.9132509435946217,39,0.7234154016058959,3.7056974784105625,3.5077907351642676,3.602951691290313,3.7656739467136893,3.7453611707286587,Method4
69,100,50,0.7,3,wide,5,4,4,4,4,4,20,0.799,0.806,3.7517347181345317,3.25723168031141,3.553225166189123,3.9928957742386224,3.946079222841152,40,0.7154660287272038,3.7056974784105625,3.5077907351642676,3.602951691290313,3.7656739467136893,3.7453611707286587,Method4
69,100,50,0.7,3,wide,5,4,4,4,4,4,20,0.799,0.806,3.8000997549638273,3.2134509076176005,3.530279017329826,3.9855163343911975,3.8535066925464387,41,0.7011271281995823,3.7056974784105625,3.5077907351642676,3.602951691290313,3.7656739467136893,3.7453611707286587,Method4
69,100,50,0.7,3,wide,5,4,4,4,4,4,20,0.799,0.806,4.956237336101068,3.8586153029093366,5.138401471945164,4.691322468752018,4.971452001561355,5,19.39726008032963,3.837476800817459,3.703917892187288,3.9074820122573772,3.5696798999589543,3.690991567543204,Method4
69,100,50,0.7,3,wide,5,4,4,4,4,4,20,0.799,0.806,4.956237336101068,3.8586153029093366,5.138401471945164,4.691322468752018,4.971452001561355,6,19.39726008032963,3.837476800817459,3.703917892187288,3.9074820122573772,3.5696798999589543,3.690991567543204,Method4
69,100,50,0.7,3,wide,5,4,4,4,4,4,20,0.799,0.806,4.953674032464535,3.8616798329638398,5.138056819394673,4.690407829798381,5.074351236929877,7,19.39008355374034,3.837476800817459,3.703917892187288,3.9074820122573772,3.5696798999589543,3.690991567543204,Method4
69,100,50,0.7,3,wide,5,4,4,4,4,4,20,0.799,0.806,5.115680079088472,3.895390942967545,5.213195878368901,4.0918564427624755,4.742297029534684,8,7.107522185513442,3.837476800817459,3.703917892187288,3.9074820122573772,3.5696798999589543,3.690991567543204,Method4
69,100,50,0.7,3,wide,5,4,4,4,4,4,20,0.799,0.806,5.031975632845217,3.813343761533743,5.034843627738122,4.270106866871375,4.424043921515872,9,4.702786094376204,3.837476800817459,3.703917892187288,3.9074820122573772,3.5696798999589543,3.690991567543204,Method4
69,100,50,0.7,3,wide,5,4,4,4,4,4,20,0.799,0.806,4.890635206661864,3.776084452901764,5.02873217113943,4.286845961296787,4.1886498524161375,10,4.19654964002707,3.837476800817459,3.703917892187288,3.9074820122573772,3.5696798999589543,3.690991567543204,Method4
69,100,50,0.7,3,wide,5,4,4,4,4,4,20,0.799,0.806,4.739541957120821,3.9171802598055687,4.9691713918575715,4.335797050522174,4.222197779111519,11,3.7512539735189514,3.837476800817459,3.703917892187288,3.9074820122573772,3.5696798999589543,3.690991567543204,Method4
69,100,50,0.7,3,wide,5,4,4,4,4,4,20,0.799,0.806,4.75377950477919,3.4319376705484936,4.957730869638221,4.427772983748435,4.25439742083352,12,3.5483491957252764,3.837476800817459,3.703917892187288,3.9074820122573772,3.5696798999589543,3.690991567543204,Method4
69,100,50,0.7,3,wide,5,4,4,4,4,4,20,0.799,0.806,4.70708752245563,3.395814725797999,4.97052902383746,4.4056155971632345,4.076476468915989,13,3.396380810180856,3.837476800817459,3.703917892187288,3.9074820122573772,3.5696798999589543,3.690991567543204,Method4
69,100,50,0.7,3,wide,5,4,4,4,4,4,20,0.799,0.806,4.673908973586297,3.582245935701884,5.001403191379762,4.314024121558862,3.8748717871858487,14,3.2336845070025038,3.837476800817459,3.703917892187288,3.9074820122573772,3.5696798999589543,3.690991567543204,Method4
69,100,50,0.7,3,wide,5,4,4,4,4,4,20,0.799,0.806,4.577478211519451,3.634086031194473,5.015906496884353,3.8421327269103003,3.7768033469676188,15,3.034145616111368,3.837476800817459,3.703917892187288,3.9074820122573772,3.5696798999589543,3.690991567543204,Method4
69,100,50,0.7,3,wide,5,4,4,4,4,4,20,0.799,0.806,4.550871348671638,3.4236750226367483,5.0337434635805955,3.8229449354245517,3.8249265194209494,16,2.9722827209825,3.837476800817459,3.703917892187288,3.9074820122573772,3.5696798999589543,3.690991567543204,Method4
69,100,50,0.7,3,wide,5,4,4,4,4,4,20,0.799,0.806,4.559338026737469,3.424000717067214,4.750536005331058,3.828535213004389,3.938331411219523,17,2.911835383665201,3.837476800817459,3.703917892187288,3.9074820122573772,3.5696798999589543,3.690991567543204,Method4
69,100,50,0.7,3,wide,5,4,4,4,4,4,20,0.799,0.806,4.477979433710138,3.43985840294086,4.812597954208143,3.7487301222862017,3.731446863124371,18,2.7430044702545318,3.837476800817459,3.703917892187288,3.9074820122573772,3.5696798999589543,3.690991567543204,Method4
69,100,50,0.7,3,wide,5,4,4,4,4,4,20,0.799,0.806,4.485304073950454,3.4037822563153908,4.699638672901532,3.667580513646099,3.772340261234602,19,2.502314330395422,3.837476800817459,3.703917892187288,3.9074820122573772,3.5696798999589543,3.690991567543204,Method4
69,100,50,0.7,3,wide,5,4,4,4,4,4,20,0.799,0.806,4.355114671219715,3.2095309016125797,4.7553047248472575,3.6780336283255206,3.5858189296051655,20,2.155471178065444,3.837476800817459,3.703917892187288,3.9074820122573772,3.5696798999589543,3.690991567543204,Method4
69,100,50,0.7,3,wide,5,4,4,4,4,4,20,0.799,0.806,4.356094853226961,3.321954872229912,4.769483946254091,3.6708818595408377,3.50895753087584,21,1.9196535171467013,3.837476800817459,3.703917892187288,3.9074820122573772,3.5696798999589543,3.690991567543204,Method4
69,100,50,0.7,3,wide,5,4,4,4,4,4,20,0.799,0.806,4.393205063694992,3.391757508133846,4.77557157920249,3.751440934663409,3.5079533610228153,22,1.7988431606698856,3.837476800817459,3.703917892187288,3.9074820122573772,3.5696798999589543,3.690991567543204,Method4
69,100,50,0.7,3,wide,5,4,4,4,4,4,20,0.799,0.806,4.383725419114625,3.389583134409553,4.81526902880537,3.6910670456984693,3.4375106837912774,23,1.6458121337924747,3.837476800817459,3.703917892187288,3.9074820122573772,3.5696798999589543,3.690991567543204,Method4
69,100,50,0.7,3,wide,5,4,4,4,4,4,20,0.799,0.806,3.8903452746654605,3.2815952135760207,4.8441489092064085,3.688919444435852,3.4765159292252665,24,1.4163917074669754,3.837476800817459,3.703917892187288,3.9074820122573772,3.5696798999589543,3.690991567543204,Method4
69,100,50,0.7,3,wide,5,4,4,4,4,4,20,0.799,0.806,3.8572928321445246,3.3102822885434535,4.825719122287176,3.692634628234768,3.5071222573447534,25,1.3640513223060198,3.837476800817459,3.703917892187288,3.9074820122573772,3.5696798999589543,3.690991567543204,Method4
69,100,50,0.7,3,wide,5,4,4,4,4,4,20,0.799,0.806,3.7798217914441548,3.428402985407473,4.709795891254094,3.73863801137935,3.398938647210073,26,1.3064034905814077,3.837476800817459,3.703917892187288,3.9074820122573772,3.5696798999589543,3.690991567543204,Method4
69,100,50,0.7,3,wide,5,4,4,4,4,4,20,0.799,0.806,3.77179020510307,3.423301792816065,4.699311992261369,3.6950311737640518,3.424387966404355,27,1.2743562375123056,3.837476800817459,3.703917892187288,3.9074820122573772,3.5696798999589543,3.690991567543204,Method4
69,100,50,0.7,3,wide,5,4,4,4,4,4,20,0.799,0.806,3.7717158549431504,3.4235799125507693,4.699420552480267,3.6938734712028607,3.4245037415008355,28,1.2743549132511685,3.837476800817459,3.703917892187288,3.9074820122573772,3.5696798999589543,3.690991567543204,Method4
69,100,50,0.7,3,wide,5,4,4,4,4,4,20,0.799,0.806,3.818824953421739,3.318240826665108,4.566491962012336,3.721322204157987,3.4836271036543223,29,1.2209454506179551,3.837476800817459,3.703917892187288,3.9074820122573772,3.5696798999589543,3.690991567543204,Method4
69,100,50,0.7,3,wide,5,4,4,4,4,4,20,0.799,0.806,3.6971442948636093,3.203394713878104,4.5513183668339705,3.7507494088087627,3.4993887908534025,30,1.1707447836902356,3.837476800817459,3.703917892187288,3.9074820122573772,3.5696798999589543,3.690991567543204,Method4
69,100,50,0.7,3,wide,5,4,4,4,4,4,20,0.799,0.806,3.663921594823329,3.184591618535332,4.5364200511083625,3.7061723432373963,3.451211815378011,31,1.1629706438723417,3.837476800817459,3.703917892187288,3.9074820122573772,3.5696798999589543,3.690991567543204,Method4
69,100,50,0.7,3,wide,5,4,4,4,4,4,20,0.799,0.806,3.545540652823877,3.386714194494576,4.592307613665508,3.617448406848951,3.409985633028762,32,1.0393288920914387,3.837476800817459,3.703917892187288,3.9074820122573772,3.5696798999589543,3.690991567543204,Method4
69,100,50,0.7,3,wide,5,4,4,4,4,4,20,0.799,0.806,3.491437936577858,3.4334995842481115,4.594670109771292,3.6397547926812153,3.656415808590428,33,0.8090395088163739,3.837476800817459,3.703917892187288,3.9074820122573772,3.5696798999589543,3.690991567543204,Method4
69,100,50,0.7,3,wide,5,4,4,4,4,4,20,0.799,0.806,3.4774964644948434,3.4768972887782055,4.565500456879514,3.6308325104421453,3.6114810814388396,34,0.7924927681744834,3.837476800817459,3.703917892187288,3.9074820122573772,3.5696798999589543,3.690991567543204,Method4
69,100,50,0.7,3,wide,5,4,4,4,4,4,20,0.799,0.806,3.472338028889611,3.5005840328779847,4.579996101461886,3.5818038999152475,3.598563343787589,35,0.7860848327654079,3.837476800817459,3.703917892187288,3.9074820122573772,3.5696798999589543,3.690991567543204,Method4
69,100,50,0.7,3,wide,5,4,4,4,4,4,20,0.799,0.806,3.4315657383228775,3.5358822555666056,4.570696519115108,3.5751416214423473,3.597865106432411,36,0.7803092147366816,3.837476800817459,3.703917892187288,3.9074820122573772,3.5696798999589543,3.690991567543204,Method4
69,100,50,0.7,3,wide,5,4,4,4,4,4,20,0.799,0.806,3.4082015407021586,3.3972715666947626,4.500627903076546,3.5801182161127243,3.5044942957797565,37,0.7189699369788277,3.837476800817459,3.703917892187288,3.9074820122573772,3.5696798999589543,3.690991567543204,Method4
69,100,50,0.7,3,wide,5,4,4,4,4,4,20,0.799,0.806,3.3772653640781627,3.37812647978436,4.533098984994716,3.6779807751180056,3.4334715216386784,38,0.6811022730304728,3.837476800817459,3.703917892187288,3.9074820122573772,3.5696798999589543,3.690991567543204,Method4
69,100,50,0.7,3,wide,5,4,4,4,4,4,20,0.799,0.806,3.3479654757672095,3.4064575542471065,4.512964276433954,3.650519014759814,3.4525655505530057,39,0.6787687890939534,3.837476800817459,3.703917892187288,3.9074820122573772,3.5696798999589543,3.690991567543204,Method4
69,100,50,0.7,3,wide,5,4,4,4,4,4,20,0.799,0.806,3.419065868823669,3.4280402590499257,4.320809467050767,3.7081706960362446,3.526168635502063,40,0.6321917165618692,3.837476800817459,3.703917892187288,3.9074820122573772,3.5696798999589543,3.690991567543204,Method4
69,100,50,0.7,3,wide,5,4,4,4,4,4,20,0.799,0.806,3.4301029128556952,3.3367433644714155,4.3556157585889395,3.710130604976228,3.5522966829016105,41,0.613699524451641,3.837476800817459,3.703917892187288,3.9074820122573772,3.5696798999589543,3.690991567543204,Method4
69,100,50,0.7,3,wide,5,4,4,4,4,4,20,0.799,0.806,4.0386460848956105,4.341735530929373,4.312205663158649,4.16408200444291,4.106750685992099,5,19.77347666139125,3.469241692050867,3.605387611479471,3.482291935030975,3.8853825244336178,3.476434635954251,Method4
69,100,50,0.7,3,wide,5,4,4,4,4,4,20,0.799,0.806,4.0386460848956105,4.341735530929373,4.312205663158649,4.16408200444291,4.106750685992099,6,19.77347666139125,3.469241692050867,3.605387611479471,3.482291935030975,3.8853825244336178,3.476434635954251,Method4
69,100,50,0.7,3,wide,5,4,4,4,4,4,20,0.799,0.806,3.9556858137475097,4.355242776239808,4.331164982191468,4.502827340207703,4.320543309358257,7,6.893169257890801,3.469241692050867,3.605387611479471,3.482291935030975,3.8853825244336178,3.476434635954251,Method4
69,100,50,0.7,3,wide,5,4,4,4,4,4,20,0.799,0.806,3.910520568021132,4.458589276648058,4.122443466025427,4.43572434562255,4.178038070334032,8,4.505505480003871,3.469241692050867,3.605387611479471,3.482291935030975,3.8853825244336178,3.476434635954251,Method4
69,100,50,0.7,3,wide,5,4,4,4,4,4,20,0.799,0.806,3.0881543436531405,4.4970611534030684,3.983140616790441,4.346242798567606,4.22330787026045,9,3.99555450244162,3.469241692050867,3.605387611479471,3.482291935030975,3.8853825244336178,3.476434635954251,Method4
69,100,50,0.7,3,wide,5,4,4,4,4,4,20,0.799,0.806,2.861347971446337,4.566185799788755,4.029026947421077,4.378849115835126,4.2188941496724714,10,3.8454157992338285,3.469241692050867,3.605387611479471,3.482291935030975,3.8853825244336178,3.476434635954251,Method4
69,100,50,0.7,3,wide,5,4,4,4,4,4,20,0.799,0.806,3.0678054233538417,4.416986043797114,4.042263997322614,4.282873459504064,4.189919177856239,11,2.8085390401383674,3.469241692050867,3.605387611479471,3.482291935030975,3.8853825244336178,3.476434635954251,Method4
69,100,50,0.7,3,wide,5,4,4,4,4,4,20,0.799,0.806,3.172316678738058,4.406741600902405,4.07250070354973,3.9912357960063485,4.183175627919945,12,2.7504448684576555,3.469241692050867,3.605387611479471,3.482291935030975,3.8853825244336178,3.476434635954251,Method4
69,100,50,0.7,3,wide,5,4,4,4,4,4,20,0.799,0.806,3.052288457584933,4.32195670715227,4.14477603991724,3.9502011421474714,4.100881739039221,13,2.2809022665295307,3.469241692050867,3.605387611479471,3.482291935030975,3.8853825244336178,3.476434635954251,Method4
69,100,50,0.7,3,wide,5,4,4,4,4,4,20,0.799,0.806,3.0265846450871616,4.25292434326128,4.180743242417763,4.001426742291677,4.059986535670571,14,2.01118188301074,3.469241692050867,3.605387611479471,3.482291935030975,3.8853825244336178,3.476434635954251,Method4
69,100,50,0.7,3,wide,5,4,4,4,4,4,20,0.799,0.806,2.9699218976368673,4.349006498215795,4.2224144047949155,3.9789723159465296,4.000598019158538,15,1.8665690973284859,3.469241692050867,3.605387611479471,3.482291935030975,3.8853825244336178,3.476434635954251,Method4
69,100,50,0.7,3,wide,5,4,4,4,4,4,20,0.799,0.806,3.0340281761213492,4.348373921227983,4.250951148563523,3.636604486811253,4.0407661055697925,16,1.7337140508348037,3.469241692050867,3.605387611479471,3.482291935030975,3.8853825244336178,3.476434635954251,Method4
69,100,50,0.7,3,wide,5,4,4,4,4,4,20,0.799,0.806,3.011115688827827,4.318357454496749,4.310253796216966,3.636930258438002,3.6783816314202267,17,1.6489229146027229,3.469241692050867,3.605387611479471,3.482291935030975,3.8853825244336178,3.476434635954251,Method4
69,100,50,0.7,3,wide,5,4,4,4,4,4,20,0.799,0.806,3.108075224428207,4.276382216683333,4.2467784890994835,3.704193712062518,3.703502703681679,18,1.5637248327426598,3.469241692050867,3.605387611479471,3.482291935030975,3.8853825244336178,3.476434635954251,Method4
69,100,50,0.7,3,wide,5,4,4,4,4,4,20,0.799,0.806,3.102484108168612,4.286346925044304,4.245971652205354,3.708590825720953,3.743690693954597,19,1.5368229756050733,3.469241692050867,3.605387611479471,3.482291935030975,3.8853825244336178,3.476434635954251,Method4
69,100,50,0.7,3,wide,5,4,4,4,4,4,20,0.799,0.806,3.1518507514259713,4.277459553364744,4.276828060167556,3.7110538142843934,3.7483090426049515,20,1.4843894993001958,3.469241692050867,3.605387611479471,3.482291935030975,3.8853825244336178,3.476434635954251,Method4
69,100,50,0.7,3,wide,5,4,4,4,4,4,20,0.799,0.806,3.0832287786104713,4.33240299566692,4.350258596995568,3.6734109295712942,3.69044482350943,21,1.3816332695663431,3.469241692050867,3.605387611479471,3.482291935030975,3.8853825244336178,3.476434635954251,Method4
69,100,50,0.7,3,wide,5,4,4,4,4,4,20,0.799,0.806,3.081043430427413,4.33179151557289,4.344910906653344,3.6463859226707145,3.6939462209917404,22,1.380568434748246,3.469241692050867,3.605387611479471,3.482291935030975,3.8853825244336178,3.476434635954251,Method4
69,100,50,0.7,3,wide,5,4,4,4,4,4,20,0.799,0.806,3.009597319617467,4.3057907311348655,4.365513516098976,3.6171374011146353,3.6816769033154437,23,1.364212029343788,3.469241692050867,3.605387611479471,3.482291935030975,3.8853825244336178,3.476434635954251,Method4
69,100,50,0.7,3,wide,5,4,4,4,4,4,20,0.799,0.806,3.0546652940557513,3.9076850279489284,4.395773942733871,3.635530670188287,3.659943756901148,24,1.2012555292041924,3.469241692050867,3.605387611479471,3.482291935030975,3.8853825244336178,3.476434635954251,Method4
69,100,50,0.7,3,wide,5,4,4,4,4,4,20,0.799,0.806,3.1337214708099386,3.902264402662205,4.38702585122159,3.7225360942759798,3.3572847661571292,25,0.9765707977189642,3.469241692050867,3.605387611479471,3.482291935030975,3.8853825244336178,3.476434635954251,Method4
69,100,50,0.7,3,wide,5,4,4,4,4,4,20,0.799,0.806,3.133245567848607,3.904680112458549,4.390626801596223,3.722830601113093,3.3531037547580897,26,0.97623695667221555,3.469241692050867,3.605387611479471,3.482291935030975,3.8853825244336178,3.476434635954251,Method4
69,100,50,0.7,3,wide,5,4,4,4,4,4,20,0.799,0.806,3.1279694259271906,3.8377413512005685,4.103790547955923,3.6342479370206053,3.314944745282361,27,0.9077739466844321,3.469241692050867,3.605387611479471,3.482291935030975,3.8853825244336178,3.476434635954251,Method4
69,100,50,0.7,3,wide,5,4,4,4,4,4,20,0.799,0.806,3.122737422297526,3.834529355017066,4.091286528093393,3.6331968160062122,3.2644016864070124,28,0.8986755769005098,3.469241692050867,3.605387611479471,3.482291935030975,3.8853825244336178,3.476434635954251,Method4
69,100,50,0.7,3,wide,5,4,4,4,4,4,20,0.799,0.806,3.1872810158409752,3.761109452621847,4.076585289086294,3.5307395539387803,3.33053029456753,29,0.8075130395308258,3.469241692050867,3.605387611479471,3.482291935030975,3.8853825244336178,3.476434635954251,Method4
69,100,50,0.7,3,wide,5,4,4,4,4,4,20,0.799,0.806,3.2283184950180885,3.7962347748087217,3.994435202355564,3.407760532292228,3.369114908174831,30,0.7823331023285848,3.469241692050867,3.605387611479471,3.482291935030975,3.8853825244336178,3.476434635954251,Method4
69,100,50,0.7,3,wide,5,4,4,4,4,4,20,0.799,0.806,3.2647991493862243,3.77671911417635,3.823371805150181,3.3946092576346913,3.4276132765718286,31,0.744827468374493,3.469241692050867,3.605387611479471,3.482291935030975,3.8853825244336178,3.476434635954251,Method4
69,100,50,0.7,3,wide,5,4,4,4,4,4,20,0.799,0.806,3.2541311115853855,3.7789497370725638,3.8177574130444634,3.3993993290553255,3.4069271921067354,32,0.7426314974079672,3.469241692050867,3.605387611479471,3.482291935030975,3.8853825244336178,3.476434635954251,Method4
69,100,50,0.7,3,wide,5,4,4,4,4,4,20,0.799,0.806,3.3267810857572924,3.7631396903970376,3.8160508263454984,3.5077934608895864,3.4845010300369372,33,0.6711797886651567,3.469241692050867,3.605387611479471,3.482291935030975,3.8853825244336178,3.476434635954251,Method4
69,100,50,0.7,3,wide,5,4,4,4,4,4,20,0.799,0.806,3.3103677750382623,3.7567613936662405,3.818577995389091,3.516727567169173,3.4874095859750427,34,0.6680164518063385,3.469241692050867,3.605387611479471,3.482291935030975,3.8853825244336178,3.476434635954251,Method4
69,100,50,0.7,3,wide,5,4,4,4,4,4,20,0.799,0.806,3.241051534658958,3.690165330043379,3.779021956055332,3.6640122704929516,3.4744267745964565,35,0.566697646009512,3.469241692050867,3.605387611479471,3.482291935030975,3.8853825244336178,3.476434635954251,Method4
69,100,50,0.7,3,wide,5,4,4,4,4,4,20,0.799,0.806,3.2778159848457906,3.5886730708268706,3.729495764941198,3.6253699231199135,3.4440607980433144,36,0.5488250652066747,3.469241692050867,3.605387611479471,3.482291935030975,3.8853825244336178,3.476434635954251,Method4
69,100,50,0.7,3,wide,5,4,4,4,4,4,20,0.799,0.806,3.2627729494935847,3.606063604703081,3.6875608808537637,3.6773459510110156,3.4762768582373083,37,0.5307189036922713,3.469241692050867,3.605387611479471,3.482291935030975,3.8853825244336178,3.476434635954251,Method4
69,100,50,0.7,3,wide,5,4,4,4,4,4,20,0.799,0.806,3.2628251943901496,3.6046153467699873,3.687086967033012,3.676768721588062,3.478022278864842,38,0.530655313231926,3.469241692050867,3.605387611479471,3.482291935030975,3.8853825244336178,3.476434635954251,Method4
69,100,50,0.7,3,wide,5,4,4,4,4,4,20,0.799,0.806,3.2651450067676167,3.605492804462243,3.678406697600551,3.683176007833825,3.475972030409602,39,0.5304607513226433,3.469241692050867,3.605387611479471,3.482291935030975,3.8853825244336178,3.476434635954251,Method4
69,100,50,0.7,3,wide,5,4,4,4,4,4,20,0.799,0.806,3.2308277025234196,3.529613360430889,3.7170309308535727,3.701126927679544,3.4428269927533317,40,0.5074926541483183,3.469241692050867,3.605387611479471,3.482291935030975,3.8853825244336178,3.476434635954251,Method4
69,100,50,0.7,3,wide,5,4,4,4,4,4,20,0.799,0.806,3.1756372210689316,3.536823846219736,3.7344131106921603,3.7708237722986464,3.476432419794651,41,0.4951631202126702,3.469241692050867,3.605387611479471,3.482291935030975,3.8853825244336178,3.476434635954251,Method4
69,100,50,0.7,3,wide,5,4,4,4,4,4,20,0.799,0.806,3.6364599823143142,4.7669818571824285,3.9129882143062953,4.966099547075552,4.506987481311981,5,18.223285660817947,3.6642769917534372,3.512095876990652,3.827721135584523,3.6986809969033807,3.9510760972606698,Method4
69,100,50,0.7,3,wide,5,4,4,4,4,4,20,0.799,0.806,3.6364599823143142,4.7669818571824285,3.9129882143062953,4.966099547075552,4.506987481311981,6,18.223285660817947,3.6642769917534372,3.512095876990652,3.827721135584523,3.6986809969033807,3.9510760972606698,Method4
69,100,50,0.7,3,wide,5,4,4,4,4,4,20,0.799,0.806,3.4017535354233974,4.770647647714677,3.910502329876294,5.0042326106329975,4.485824432033898,7,18.187847704923218,3.6642769917534372,3.512095876990652,3.827721135584523,3.6986809969033807,3.9510760972606698,Method4
69,100,50,0.7,3,wide,5,4,4,4,4,4,20,0.799,0.806,4.4067954022724125,4.705763239192855,4.2833590684158125,4.855338997808374,4.853979535197238,8,7.561393738835135,3.6642769917534372,3.512095876990652,3.827721135584523,3.6986809969033807,3.9510760972606698,Method4
69,100,50,0.7,3,wide,5,4,4,4,4,4,20,0.799,0.806,4.4915851699930736,4.774883319020955,4.228810063579617,4.833562377252293,5.069317886168837,9,5.226166763931312,3.6642769917534372,3.512095876990652,3.827721135584523,3.6986809969033807,3.9510760972606698,Method4
69,100,50,0.7,3,wide,5,4,4,4,4,4,20,0.799,0.806,4.412064167222188,4.742526212066817,4.2897301249026745,4.844393973877353,5.2094159218308205,10,4.743693678856512,3.6642769917534372,3.512095876990652,3.827721135584523,3.6986809969033807,3.9510760972606698,Method4
69,100,50,0.7,3,wide,5,4,4,4,4,4,20,0.799,0.806,4.395384355814575,4.734135337971939,4.026670692926546,4.822499284403944,5.228355433794753,11,4.696777706307043,3.6642769917534372,3.512095876990652,3.827721135584523,3.6986809969033807,3.9510760972606698,Method4
69,100,50,0.7,3,wide,5,4,4,4,4,4,20,0.799,0.806,4.355848611332517,4.673927624218674,3.730388427977339,4.590852658601891,5.168940672995937,12,3.1451213989361673,3.6642769917534372,3.512095876990652,3.827721135584523,3.6986809969033807,3.9510760972606698,Method4
69,100,50,0.7,3,wide,5,4,4,4,4,4,20,0.799,0.806,4.338955628464307,4.6771362003480075,3.682676737657628,4.602165081745994,5.164659844616281,13,3.138527297023526,3.6642769917534372,3.512095876990652,3.827721135584523,3.6986809969033807,3.9510760972606698,Method4
69,100,50,0.7,3,wide,5,4,4,4,4,4,20,0.799,0.806,4.2303545616483715,4.679642522155122,3.64789710852949,4.566948304988016,5.148771765797814,14,2.809188806223826,3.6642769917534372,3.512095876990652,3.827721135584523,3.6986809969033807,3.9510760972606698,Method4
69,100,50,0.7,3,wide,5,4,4,4,4,4,20,0.799,0.806,4.244934941843665,4.467977079430786,3.6876199240345784,4.567274281007605,5.125275764472967,15,2.777803945721918,3.6642769917534372,3.512095876990652,3.827721135584523,3.6986809969033807,3.9510760972606698,Method4
69,100,50,0.7,3,wide,5,4,4,4,4,4,20,0.799,0.806,4.235517177746562,4.466696408010245,3.687584008181119,4.551420804124437,5.10765953072626,16,2.7739566413145833,3.6642769917534372,3.512095876990652,3.827721135584523,3.6986809969033807,3.9510760972606698,Method4
69,100,50,0.7,3,wide,5,4,4,4,4,4,20,0.799,0.806,4.166056517874804,4.4679475832445394,3.682667005009339,4.531630680461407,5.0976977045499305,17,2.7664029059607564,3.6642769917534372,3.512095876990652,3.827721135584523,3.6986809969033807,3.9510760972606698,Method4
69,100,50,0.7,3,wide,5,4,4,4,4,4,20,0.799,0.806,4.153926180519943,4.430563886050363,3.595337622677974,4.5515207318677975,5.0106678102600055,18,2.678624960745229,3.6642769917534372,3.512095876990652,3.827721135584523,3.6986809969033807,3.9510760972606698,Method4
69,100,50,0.7,3,wide,5,4,4,4,4,4,20,0.799,0.806,4.118847016167085,4.291793759420157,3.521526783943605,4.489717660741645,5.0106765319532265,19,2.389633153361028,3.6642769917534372,3.512095876990652,3.827721135584523,3.6986809969033807,3.9510760972606698,Method4
69,100,50,0.7,3,wide,5,4,4,4,4,4,20,0.799,0.806,3.9849372854071308,4.3299280222081675,3.5037833728876135,4.523231916348715,4.596471708835601,20,2.2318530169521433,3.6642769917534372,3.512095876990652,3.827721135584523,3.6986809969033807,3.9510760972606698,Method4
69,100,50,0.7,3,wide,5,4,4,4,4,4,20,0.799,0.806,3.886019288433199,4.329120538426102,3.4116063772391376,4.529251771531156,4.179080825354344,21,1.9732483462455443,3.6642769917534372,3.512095876990652,3.827721135584523,3.6986809969033807,3.9510760972606698,Method4
69,100,50,0.7,3,wide,5,4,4,4,4,4,20,0.799,0.806,3.951246701880509,4.345271199662513,3.4021867796005347,4.537196444599779,4.2180790457906765,22,1.73889775427637,3.6642769917534372,3.512095876990652,3.827721135584523,3.6986809969033807,3.9510760972606698,Method4
69,100,50,0.7,3,wide,5,4,4,4,4,4,20,0.799,0.806,3.9252799237540823,4.388329094843976,3.328220450112781,4.531435527889388,4.210337144328864,23,1.7269615277394084,3.6642769917534372,3.512095876990652,3.827721135584523,3.6986809969033807,3.9510760972606698,Method4
69,100,50,0.7,3,wide,5,4,4,4,4,4,20,0.799,0.806,3.921388629212441,4.352651404430932,3.3371198932071198,4.505733225374865,4.250239995886183,24,1.7012322767900565,3.6642769917534372,3.512095876990652,3.827721135584523,3.6986809969033807,3.9510760972606698,Method4
69,100,50,0.7,3,wide,5,4,4,4,4,4,20,0.799,0.806,3.892264591592198,4.28869347394886,3.274362341450704,4.481796202469209,4.189194627612011,25,1.5581630219922742,3.6642769917534372,3.512095876990652,3.827721135584523,3.6986809969033807,3.9510760972606698,Method4
69,100,50,0.7,3,wide,5,4,4,4,4,4,20,0.799,0.806,3.8374947004702933,4.2977694561805535,3.2438548398137144,4.503388579194741,4.231144169101525,26,1.474025491952425,3.6642769917534372,3.512095876990652,3.827721135584523,3.6986809969033807,3.9510760972606698,Method4
69,100,50,0.7,3,wide,5,4,4,4,4,4,20,0.799,0.806,3.8777096713535637,4.2652830361828595,3.2481616751554903,4.509906918481494,4.258714599546403,27,1.3621118180150302,3.6642769917534372,3.512095876990652,3.827721135584523,3.6986809969033807,3.9510760972606698,Method4
69,100,50,0.7,3,wide,5,4,4,4,4,4,20,0.799,0.806,3.972218553327123,4.2752322830288385,3.342161522657461,4.023901396035729,4.213233589290801,28,1.1204585038682524,3.6642769917534372,3.512095876990652,3.827721135584523,3.6986809969033807,3.9510760972606698,Method4
69,100,50,0.7,3,wide,5,4,4,4,4,4,20,0.799,0.806,3.9394464451983033,3.8825826457013353,3.3577629528717576,3.9722924901532286,4.0807913187307205,29,0.9634779125152146,3.6642769917534372,3.512095876990652,3.827721135584523,3.6986809969033807,3.9510760972606698,Method4
69,100,50,0.7,3,wide,5,4,4,4,4,4,20,0.799,0.806,3.8662350321297265,3.862073680877641,3.3139480687616407,3.937232951370267,4.0170413233721805,30,0.8757318920575586,3.6642769917534372,3.512095876990652,3.827721135584523,3.6986809969033807,3.9510760972606698,Method4
69,100,50,0.7,3,wide,5,4,4,4,4,4,20,0.799,0.806,3.8699124152477404,3.8304563082297682,3.3230095013976926,3.925550238861162,4.023088146177032,31,0.8740187776087439,3.6642769917534372,3.512095876990652,3.827721135584523,3.6986809969033807,3.9510760972606698,Method4
69,100,50,0.7,3,wide,5,4,4,4,4,4,20,0.799,0.806,3.942720742101482,3.805265906694711,3.325418742247929,3.9044817414081336,4.124751663275003,32,0.8342561410647849,3.6642769917534372,3.512095876990652,3.827721135584523,3.6986809969033807,3.9510760972606698,Method4
69,100,50,0.7,3,wide,5,4,4,4,4,4,20,0.799,0.806,3.9127772083424994,3.7482406937928006,3.3665323974065395,3.7705428252200153,4.205380713545778,33,0.763564996300611,3.6642769917534372,3.512095876990652,3.827721135584523,3.6986809969033807,3.9510760972606698,Method4
69,100,50,0.7,3,wide,5,4,4,4,4,4,20,0.799,0.806,3.8440543368884996,3.691362475502748,3.367963485888985,3.784017067325375,4.177056900528019,34,0.748077327594436,3.6642769917534372,3.512095876990652,3.827721135584523,3.6986809969033807,3.9510760972606698,Method4
69,100,50,0.7,3,wide,5,4,4,4,4,4,20,0.799,0.806,3.8291252117578702,3.69157627597563,3.352570891894663,3.7636596744287987,4.164609877607141,35,0.7443027818135157,3.6642769917534372,3.512095876990652,3.827721135584523,3.6986809969033807,3.9510760972606698,Method4
69,100,50,0.7,3,wide,5,4,4,4,4,4,20,0.799,0.806,3.8500431426886745,3.7725117868392584,3.1994989367471836,3.777583621214862,4.166629464780993,36,0.7064599918645502,3.6642769917534372,3.512095876990652,3.827721135584523,3.6986809969033807,3.9510760972606698,Method4
69,100,50,0.7,3,wide,5,4,4,4,4,4,20,0.799,0.806,3.659375932450356,3.7467647891298905,3.3612920079690696,3.810991810157003,4.079353417481272,37,0.6215416460953737,3.6642769917534372,3.512095876990652,3.827721135584523,3.6986809969033807,3.9510760972606698,Method4
69,100,50,0.7,3,wide,5,4,4,4,4,4,20,0.799,0.806,3.6368238364331824,3.805516731802152,3.349059556140519,3.7993539682517015,4.1149245657023155,38,0.6150638070173375,3.6642769917534372,3.512095876990652,3.827721135584523,3.6986809969033807,3.9510760972606698,Method4
69,100,50,0.7,3,wide,5,4,4,4,4,4,20,0.799,0.806,3.6366576448291665,3.8053599476386486,3.3490566345766783,3.7993907033291046,4.114754162305982,39,0.615062760154277,3.6642769917534372,3.512095876990652,3.827721135584523,3.6986809969033807,3.9510760972606698,Method4
69,100,50,0.7,3,wide,5,4,4,4,4,4,20,0.799,0.806,3.6440554423443228,3.739163673927853,3.4029372835900933,3.734242619034629,4.1705781289511705,40,0.5923580268614802,3.6642769917534372,3.512095876990652,3.827721135584523,3.6986809969033807,3.9510760972606698,Method4
69,100,50,0.7,3,wide,5,4,4,4,4,4,20,0.799,0.806,3.6771255392197917,3.7441602538898646,3.3980118267990287,3.7229007544861936,4.2375595246623154,41,0.5878285131658988,3.6642769917534372,3.512095876990652,3.827721135584523,3.6986809969033807,3.9510760972606698,Method4
69,100,50,0.7,3,wide,5,4,4,4,4,4,20,0.799,0.806,4.735415109791556,4.840404775605222,4.014619845075095,4.2285217568450735,4.361007397199326,5,20.14934153069747,3.4975438203794913,3.911030581072494,3.837370060956114,3.8681122060724564,3.928289592945966,Method4
69,100,50,0.7,3,wide,5,4,4,4,4,4,20,0.799,0.806,4.735415109791556,4.840404775605222,4.014619845075095,4.2285217568450735,4.361007397199326,6,20.14934153069747,3.4975438203794913,3.911030581072494,3.837370060956114,3.8681122060724564,3.928289592945966,Method4
69,100,50,0.7,3,wide,5,4,4,4,4,4,20,0.799,0.806,4.738824168904078,4.799012950060989,4.008685097282081,4.228104782149172,4.364443139910182,7,20.147333237819048,3.4975438203794913,3.911030581072494,3.837370060956114,3.8681122060724564,3.928289592945966,Method4
69,100,50,0.7,3,wide,5,4,4,4,4,4,20,0.799,0.806,4.727808478592903,4.401135547336764,3.934236390435451,4.222523078091466,4.402394175228927,8,20.016196279308907,3.4975438203794913,3.911030581072494,3.837370060956114,3.8681122060724564,3.928289592945966,Method4
69,100,50,0.7,3,wide,5,4,4,4,4,4,20,0.799,0.806,4.315844172476021,4.34826320217538,4.365677023741875,4.451997328718911,4.58954268975592,9,7.936737513138843,3.4975438203794913,3.911030581072494,3.837370060956114,3.8681122060724564,3.928289592945966,Method4
69,100,50,0.7,3,wide,5,4,4,4,4,4,20,0.799,0.806,4.148775799796174,4.2486381699711595,4.30788109391222,4.356289995788693,4.734016552119445,10,5.299055154737288,3.4975438203794913,3.911030581072494,3.837370060956114,3.8681122060724564,3.928289592945966,Method4
69,100,50,0.7,3,wide,5,4,4,4,4,4,20,0.799,0.806,4.212442509497043,3.997695579978307,4.3400930599364616,4.347912096574935,4.771195500643829,11,5.030854238539801,3.4975438203794913,3.911030581072494,3.837370060956114,3.8681122060724564,3.928289592945966,Method4
69,100,50,0.7,3,wide,5,4,4,4,4,4,20,0.799,0.806,4.413917943469189,4.208440983388864,4.319295085486026,4.324696466659343,4.541028145581638,12,3.606699825277994,3.4975438203794913,3.911030581072494,3.837370060956114,3.8681122060724564,3.928289592945966,Method4
69,100,50,0.7,3,wide,5,4,4,4,4,4,20,0.799,0.806,4.0743496915369,4.184180936929163,4.270386097410603,4.3360993039170594,4.566126840786554,13,3.460294598951672,3.4975438203794913,3.911030581072494,3.837370060956114,3.8681122060724564,3.928289592945966,Method4
69,100,50,0.7,3,wide,5,4,4,4,4,4,20,0.799,0.806,4.2930190984932235,4.193180418049173,4.224502950452278,4.307834500725947,4.563721296515623,14,3.40025094895675,3.4975438203794913,3.911030581072494,3.837370060956114,3.8681122060724564,3.928289592945966,Method4
69,100,50,0.7,3,wide,5,4,4,4,4,4,20,0.799,0.806,4.324426600962016,4.185360109505214,4.246798763306945,4.391637709731656,4.476082379008839,15,2.879999686868736,3.4975438203794913,3.911030581072494,3.837370060956114,3.8681122060724564,3.928289592945966,Method4
69,100,50,0.7,3,wide,5,4,4,4,4,4,20,0.799,0.806,4.268541664037906,4.2089358199220115,4.233437920940194,4.394092458514015,4.439758041309558,16,2.8250165994247975,3.4975438203794913,3.911030581072494,3.837370060956114,3.8681122060724564,3.928289592945966,Method4
69,100,50,0.7,3,wide,5,4,4,4,4,4,20,0.799,0.806,4.344469412561526,3.896395338271837,4.251867635087919,4.0349827831265666,4.481276914386876,17,2.6010178215765376,3.4975438203794913,3.911030581072494,3.837370060956114,3.8681122060724564,3.928289592945966,Method4
69,100,50,0.7,3,wide,5,4,4,4,4,4,20,0.799,0.806,4.225509221720768,3.904896020712719,4.25956384886353,4.168750336245329,4.563467466647285,18,2.4385177560865805,3.4975438203794913,3.911030581072494,3.837370060956114,3.8681122060724564,3.928289592945966,Method4
69,100,50,0.7,3,wide,5,4,4,4,4,4,20,0.799,0.806,4.213227559020159,3.9614966334277715,4.2498215275234426,4.188600798279674,4.56529368851479,19,2.4157422268847637,3.4975438203794913,3.911030581072494,3.837370060956114,3.8681122060724564,3.928289592945966,Method4
69,100,50,0.7,3,wide,5,4,4,4,4,4,20,0.799,0.806,4.2058967008993955,3.9261426888801685,4.311534087496639,4.121158710520525,4.552492465388538,20,2.158001326048573,3.4975438203794913,3.911030581072494,3.837370060956114,3.8681122060724564,3.928289592945966,Method4
69,100,50,0.7,3,wide,5,4,4,4,4,4,20,0.799,0.806,4.1707722306577795,3.874773045693382,4.131598880941243,4.101293718197317,4.529720475683979,21,2.131809860169868,3.4975438203794913,3.911030581072494,3.837370060956114,3.8681122060724564,3.928289592945966,Method4
69,100,50,0.7,3,wide,5,4,4,4,4,4,20,0.799,0.806,4.300253846675538,3.9569943405292114,4.151520318112711,4.126276075993481,4.535312503207663,22,1.9766533252452654,3.4975438203794913,3.911030581072494,3.837370060956114,3.8681122060724564,3.928289592945966,Method4
69,100,50,0.7,3,wide,5,4,4,4,4,4,20,0.799,0.806,4.30915851164994,4.001498866855647,3.969534030915982,4.199598881991834,4.52300135632313,23,1.9070801856496071,3.4975438203794913,3.911030581072494,3.837370060956114,3.8681122060724564,3.928289592945966,Method4
69,100,50,0.7,3,wide,5,4,4,4,4,4,20,0.799,0.806,4.2977972264334845,4.029173516351444,3.98257688896116,4.274359021294486,4.552224281645156,24,1.8826583268357164,3.4975438203794913,3.911030581072494,3.837370060956114,3.8681122060724564,3.928289592945966,Method4
69,100,50,0.7,3,wide,5,4,4,4,4,4,20,0.799,0.806,4.249135703974561,3.9947614032950725,4.069739120987226,4.275879857585986,4.1234572253949535,25,1.7304787217925133,3.4975438203794913,3.911030581072494,3.837370060956114,3.8681122060724564,3.928289592945966,Method4
69,100,50,0.7,3,wide,5,4,4,4,4,4,20,0.799,0.806,4.2562362406935845,4.028978096921475,4.031270389288302,4.271940777934009,4.154610631431529,26,1.7041373338180337,3.4975438203794913,3.911030581072494,3.837370060956114,3.8681122060724564,3.928289592945966,Method4
69,100,50,0.7,3,wide,5,4,4,4,4,4,20,0.799,0.806,4.285007638965681,4.023891472486229,3.9424094105845975,4.252598214464454,4.112081783081475,27,1.6079261281519848,3.4975438203794913,3.911030581072494,3.837370060956114,3.8681122060724564,3.928289592945966,Method4
69,100,50,0.7,3,wide,5,4,4,4,4,4,20,0.799,0.806,4.310145586288983,3.92664613616736,3.9716287859921438,4.2385952950604775,4.135943144871089,28,1.528042165366434,3.4975438203794913,3.911030581072494,3.837370060956114,3.8681122060724564,3.928289592945966,Method4
69,100,50,0.7,3,wide,5,4,4,4,4,4,20,0.799,0.806,4.400343110532487,3.9802757908530113,4.0689191757905965,4.26994751491429,4.280500224696538,29,1.4814257803051232,3.4975438203794913,3.911030581072494,3.837370060956114,3.8681122060724564,3.928289592945966,Method4
69,100,50,0.7,3,wide,5,4,4,4,4,4,20,0.799,0.806,4.344261607200654,3.9488294698246964,4.113243296211566,4.3264639749328015,4.251343908226307,30,1.3979054313096633,3.4975438203794913,3.911030581072494,3.837370060956114,3.8681122060724564,3.928289592945966,Method4
69,100,50,0.7,3,wide,5,4,4,4,4,4,20,0.799,0.806,4.346907137527948,3.953389315945705,4.114123444117718,4.332046235309588,4.253010538109321,31,1.3978421231861493,3.4975438203794913,3.911030581072494,3.837370060956114,3.8681122060724564,3.928289592945966,Method4
69,100,50,0.7,3,wide,5,4,4,4,4,4,20,0.799,0.806,4.333561946529315,3.9743659906912847,4.093846910748148,4.317220601306857,4.263261505556979,32,1.386046194687114,3.4975438203794913,3.911030581072494,3.837370060956114,3.8681122060724564,3.928289592945966,Method4
69,100,50,0.7,3,wide,5,4,4,4,4,4,20,0.799,0.806,4.2707535859193575,3.933911572733743,4.1322935069088524,4.263368394412291,4.265954553507699,33,1.3675522956706672,3.4975438203794913,3.911030581072494,3.837370060956114,3.8681122060724564,3.928289592945966,Method4
69,100,50,0.7,3,wide,5,4,4,4,4,4,20,0.799,0.806,4.230447197890049,3.9428683366806028,4.039620014365945,4.2802909534133855,4.278440254431033,34,1.3441911300266884,3.4975438203794913,3.911030581072494,3.837370060956114,3.8681122060724564,3.928289592945966,Method4
69,100,50,0.7,3,wide,5,4,4,4,4,4,20,0.799,0.806,4.2347607325153955,3.9505492502955617,4.054249321872146,4.246749949030081,4.2916672681647725,35,1.2993383809697072,3.4975438203794913,3.911030581072494,3.837370060956114,3.8681122060724564,3.928289592945966,Method4
69,100,50,0.7,3,wide,5,4,4,4,4,4,20,0.799,0.806,4.316530535471952,3.9641371485952166,4.165606476767567,4.107692904534097,4.225130672418123,36,1.1203721262104778,3.4975438203794913,3.911030581072494,3.837370060956114,3.8681122060724564,3.928289592945966,Method4
69,100,50,0.7,3,wide,5,4,4,4,4,4,20,0.799,0.806,4.301453926432546,4.010370435819308,4.174788063744432,3.9502210792849293,4.2421734100154715,37,1.0425104289150728,3.4975438203794913,3.911030581072494,3.837370060956114,3.8681122060724564,3.928289592945966,Method4
69,100,50,0.7,3,wide,5,4,4,4,4,4,20,0.799,0.806,4.31718079555089,4.004486497568364,4.1905946189906,3.9383977068831335,4.247060438982509,38,1.0418439880168318,3.4975438203794913,3.911030581072494,3.837370060956114,3.8681122060724564,3.928289592945966,Method4
69,100,50,0.7,3,wide,5,4,4,4,4,4,20,0.799,0.806,4.35967006931973,4.023475713042139,4.187869377839136,3.920456616538077,4.189205676419936,39,1.0341764148177415,3.4975438203794913,3.911030581072494,3.837370060956114,3.8681122060724564,3.928289592945966,Method4
69,100,50,0.7,3,wide,5,4,4,4,4,4,20,0.799,0.806,4.300127196770626,3.9587654892810593,4.1898945474456095,4.091319238027004,4.29526884852044,40,0.9630917957953605,3.4975438203794913,3.911030581072494,3.837370060956114,3.8681122060724564,3.928289592945966,Method4
69,100,50,0.7,3,wide,5,4,4,4,4,4,20,0.799,0.806,4.307056946655517,3.9587953432919822,4.199533857047541,4.083348640097462,4.308323438607456,41,0.9615619797017133,3.4975438203794913,3.911030581072494,3.837370060956114,3.8681122060724564,3.928289592945966,Method4
69,100,50,0.7,3,wide,5,4,4,4,4,4,20,0.799,0.806,4.445983374646174,5.4538359033587875,4.351995711389683,4.113007830115573,4.499769078489562,5,15.141921061817163,3.7237415890129713,3.8989372897238574,3.678845373856145,3.9272314061819125,3.5544185239210933,Method4
69,100,50,0.7,3,wide,5,4,4,4,4,4,20,0.799,0.806,4.445983374646174,5.4538359033587875,4.351995711389683,4.113007830115573,4.499769078489562,6,15.141921061817163,3.7237415890129713,3.8989372897238574,3.678845373856145,3.9272314061819125,3.5544185239210933,Method4
69,100,50,0.7,3,wide,5,4,4,4,4,4,20,0.799,0.806,4.243021439020003,5.11361907018965,4.370794517608905,4.720893872295141,4.440704335687953,7,8.36864828701311,3.7237415890129713,3.8989372897238574,3.678845373856145,3.9272314061819125,3.5544185239210933,Method4
69,100,50,0.7,3,wide,5,4,4,4,4,4,20,0.799,0.806,4.120272791214801,4.774419675055349,4.235958184987941,4.654183751688647,4.6409327822001725,8,5.532536653825195,3.7237415890129713,3.8989372897238574,3.678845373856145,3.9272314061819125,3.5544185239210933,Method4
69,100,50,0.7,3,wide,5,4,4,4,4,4,20,0.799,0.806,4.1296146320208384,4.777652411132464,4.235681014456834,4.557954450877514,4.644663665783769,9,5.52358325169569,3.7237415890129713,3.8989372897238574,3.678845373856145,3.9272314061819125,3.5544185239210933,Method4
69,100,50,0.7,3,wide,5,4,4,4,4,4,20,0.799,0.806,4.087543875024388,4.778692796940822,4.234098364491779,4.236783303025998,4.645589328003714,10,5.23059307174389,3.7237415890129713,3.8989372897238574,3.678845373856145,3.9272314061819125,3.5544185239210933,Method4
69,100,50,0.7,3,wide,5,4,4,4,4,4,20,0.799,0.806,4.04751093102915,4.2382615734092814,4.247972624278354,4.275441627242445,4.621952106028762,11,4.9100049900395515,3.7237415890129713,3.8989372897238574,3.678845373856145,3.9272314061819125,3.5544185239210933,Method4
69,100,50,0.7,3,wide,5,4,4,4,4,4,20,0.799,0.806,4.074223518826375,3.8578211743699633,4.276143359475821,4.231632683627885,4.624753422634777,12,4.5989844030968134,3.7237415890129713,3.8989372897238574,3.678845373856145,3.9272314061819125,3.5544185239210933,Method4
69,100,50,0.7,3,wide,5,4,4,4,4,4,20,0.799,0.806,4.073285153363308,3.8730366829046936,4.283288978737724,4.245077537651728,4.62438992541051,13,4.597287011940093,3.7237415890129713,3.8989372897238574,3.678845373856145,3.9272314061819125,3.5544185239210933,Method4
69,100,50,0.7,3,wide,5,4,4,4,4,4,20,0.799,0.806,4.035798617400551,3.9090480428561123,4.214307104120394,4.2106317919808856,4.160647873238838,14,4.478248841227333,3.7237415890129713,3.8989372897238574,3.678845373856145,3.9272314061819125,3.5544185239210933,Method4
69,100,50,0.7,3,wide,5,4,4,4,4,4,20,0.799,0.806,4.015946610915005,3.953863185813735,4.252095142318787,4.2602082383689055,3.9699783663963584,15,4.328827366471779,3.7237415890129713,3.8989372897238574,3.678845373856145,3.9272314061819125,3.5544185239210933,Method4
69,100,50,0.7,3,wide,5,4,4,4,4,4,20,0.799,0.806,4.244107613803651,3.947736478348399,4.324580953682677,4.13361333247177,4.090704414789316,16,3.4706263514030167,3.7237415890129713,3.8989372897238574,3.678845373856145,3.9272314061819125,3.5544185239210933,Method4
69,100,50,0.7,3,wide,5,4,4,4,4,4,20,0.799,0.806,4.245234900115435,4.07392506981286,4.332607001657504,4.0012830698421835,3.8679136692024216,17,2.681996737233881,3.7237415890129713,3.8989372897238574,3.678845373856145,3.9272314061819125,3.5544185239210933,Method4
69,100,50,0.7,3,wide,5,4,4,4,4,4,20,0.799,0.806,4.382636987669558,4.0965629103512695,4.285962640354666,3.958155364457535,3.8884951671804435,18,2.318730520623238,3.7237415890129713,3.8989372897238574,3.678845373856145,3.9272314061819125,3.5544185239210933,Method4
69,100,50,0.7,3,wide,5,4,4,4,4,4,20,0.799,0.806,3.6947614995146494,3.887301828980864,4.216415828763936,4.043082646848104,3.9460292359176017,19,1.9973391828615141,3.7237415890129713,3.8989372897238574,3.678845373856145,3.9272314061819125,3.5544185239210933,Method4
69,100,50,0.7,3,wide,5,4,4,4,4,4,20,0.799,0.806,3.6969074916460154,3.9290935418364836,4.213299549621156,4.126017720708964,3.9142665590268297,20,1.8292351950891255,3.7237415890129713,3.8989372897238574,3.678845373856145,3.9272314061819125,3.5544185239210933,Method4
69,100,50,0.7,3,wide,5,4,4,4,4,4,20,0.799,0.806,3.6996595279230955,3.926946558429978,4.215385318168254,4.123957102012804,3.888835677291982,21,1.8280585369209856,3.7237415890129713,3.8989372897238574,3.678845373856145,3.9272314061819125,3.5544185239210933,Method4
69,100,50,0.7,3,wide,5,4,4,4,4,4,20,0.799,0.806,3.7945486116231626,3.9593972412189773,4.186489609757771,4.152424413722313,3.941551828493715,22,1.8061214528075535,3.7237415890129713,3.8989372897238574,3.678845373856145,3.9272314061819125,3.5544185239210933,Method4
69,100,50,0.7,3,wide,5,4,4,4,4,4,20,0.799,0.806,3.7592202131178922,3.9317298300193615,4.358484146331159,4.2922724401681585,3.9016320215274245,23,1.4986614947887127,3.7237415890129713,3.8989372897238574,3.678845373856145,3.9272314061819125,3.5544185239210933,Method4
69,100,50,0.7,3,wide,5,4,4,4,4,4,20,0.799,0.806,3.7871541996536093,3.982587339539067,4.383582887864553,4.3217044025249205,3.8424475427413824,24,1.4085804430950593,3.7237415890129713,3.8989372897238574,3.678845373856145,3.9272314061819125,3.5544185239210933,Method4
69,100,50,0.7,3,wide,5,4,4,4,4,4,20,0.799,0.806,3.643013195234641,3.8973467361220995,3.783423071212327,4.220507717577776,3.8715142258123882,25,1.1799003242718866,3.7237415890129713,3.8989372897238574,3.678845373856145,3.9272314061819125,3.5544185239210933,Method4
69,100,50,0.7,3,wide,5,4,4,4,4,4,20,0.799,0.806,3.6373336030409344,3.8938300299473028,3.782781900309098,4.22731003978302,3.866257766335194,26,1.1789696245421173,3.7237415890129713,3.8989372897238574,3.678845373856145,3.9272314061819125,3.5544185239210933,Method4
69,100,50,0.7,3,wide,5,4,4,4,4,4,20,0.799,0.806,3.6296152130015007,3.8684095834996337,3.7706822065450862,4.249395048000945,3.836593791296005,27,1.1451472370928222,3.7237415890129713,3.8989372897238574,3.678845373856145,3.9272314061819125,3.5544185239210933,Method4
69,100,50,0.7,3,wide,5,4,4,4,4,4,20,0.799,0.806,3.7568841820024788,3.7636291298012168,3.7688825111448043,4.22293839286531,3.837767982320448,28,0.9601296999813415,3.7237415890129713,3.8989372897238574,3.678845373856145,3.9272314061819125,3.5544185239210933,Method4
69,100,50,0.7,3,wide,5,4,4,4,4,4,20,0.799,0.806,3.759008911438899,3.771922854781955,3.734256392242779,4.221546766066986,3.797214316873853,29,0.9308965019401709,3.7237415890129713,3.8989372897238574,3.678845373856145,3.9272314061819125,3.5544185239210933,Method4
69,100,50,0.7,3,wide,5,4,4,4,4,4,20,0.799,0.806,3.75515717447244,3.763462027022561,3.731223034703373,4.228942490745185,3.805267760418334,30,0.9302578549594779,3.7237415890129713,3.8989372897238574,3.678845373856145,3.9272314061819125,3.5544185239210933,Method4
69,100,50,0.7,3,wide,5,4,4,4,4,4,20,0.799,0.806,3.7783035463815953,3.7940039941317263,3.766633883578563,4.231905314388181,3.8336587886442155,31,0.8812927134375116,3.7237415890129713,3.8989372897238574,3.678845373856145,3.9272314061819125,3.5544185239210933,Method4
69,100,50,0.7,3,wide,5,4,4,4,4,4,20,0.799,0.806,3.74063925266755,3.7308713567374507,3.7430631631080096,4.105205431945196,3.8530251133158306,32,0.8267916925846974,3.7237415890129713,3.8989372897238574,3.678845373856145,3.9272314061819125,3.5544185239210933,Method4
69,100,50,0.7,3,wide,5,4,4,4,4,4,20,0.799,0.806,3.7351259970433484,3.7189392330676325,3.742342235996178,4.101577289387292,3.850691748986349,33,0.8226864483064236,3.7237415890129713,3.8989372897238574,3.678845373856145,3.9272314061819125,3.5544185239210933,Method4
69,100,50,0.7,3,wide,5,4,4,4,4,4,20,0.799,0.806,3.735731621495255,3.720530809186714,3.7404262097141148,4.0969463520148155,3.8736722773505425,34,0.8211530003156615,3.7237415890129713,3.8989372897238574,3.678845373856145,3.9272314061819125,3.5544185239210933,Method4
69,100,50,0.7,3,wide,5,4,4,4,4,4,20,0.799,0.806,3.7285588159083027,3.7248993387853675,3.6957664473463923,4.075297672552415,3.8670707913706037,35,0.8166542410304118,3.7237415890129713,3.8989372897238574,3.678845373856145,3.9272314061819125,3.5544185239210933,Method4
69,100,50,0.7,3,wide,5,4,4,4,4,4,20,0.799,0.806,3.710558437403195,3.716577662339207,3.622135026767716,4.0110999981892155,3.844987050767167,36,0.717503793378807,3.7237415890129713,3.8989372897238574,3.678845373856145,3.9272314061819125,3.5544185239210933,Method4
69,100,50,0.7,3,wide,5,4,4,4,4,4,20,0.799,0.806,3.7061720668054834,3.758810732085843,3.6711783292152416,3.994169149764821,3.937783240763869,37,0.6362154740801453,3.7237415890129713,3.8989372897238574,3.678845373856145,3.9272314061819125,3.5544185239210933,Method4
69,100,50,0.7,3,wide,5,4,4,4,4,4,20,0.799,0.806,3.65881839364952,3.7456571979203788,3.6722727987066115,3.9711197281562507,3.894263708531376,38,0.6098343100171352,3.7237415890129713,3.8989372897238574,3.678845373856145,3.9272314061819125,3.5544185239210933,Method4
69,100,50,0.7,3,wide,5,4,4,4,4,4,20,0.799,0.806,3.6604763103460805,3.7488174273110415,3.6707160649178405,3.970821998557209,3.891306602401105,39,0.6097755318323562,3.7237415890129713,3.8989372897238574,3.678845373856145,3.9272314061819125,3.5544185239210933,Method4
69,100,50,0.7,3,wide,5,4,4,4,4,4,20,0.799,0.806,3.6345349559956293,3.7728356752621357,3.6580034610010004,3.9789315254704842,3.8732183449476696,40,0.5976182073227815,3.7237415890129713,3.8989372897238574,3.678845373856145,3.9272314061819125,3.5544185239210933,Method4
69,100,50,0.7,3,wide,5,4,4,4,4,4,20,0.799,0.806,3.622793321653295,3.767096793787039,3.644391900633847,3.967548449449829,3.9098205251098674,41,0.5893076748972289,3.7237415890129713,3.8989372897238574,3.678845373856145,3.9272314061819125,3.5544185239210933,Method4
69,100,50,0.7,3,wide,5,4,4,4,4,4,20,0.799,0.806,4.24885078881429,4.154278764964655,4.460755125692636,4.69642037574346,3.463784440405447,5,14.51289307813162,3.7173193095541426,3.6680859157955585,3.7127767403511305,3.785833433260344,3.939646879931348,Method4
69,100,50,0.7,3,wide,5,4,4,4,4,4,20,0.799,0.806,4.24885078881429,4.154278764964655,4.460755125692636,4.69642037574346,3.463784440405447,6,14.51289307813162,3.7173193095541426,3.6680859157955585,3.7127767403511305,3.785833433260344,3.939646879931348,Method4
69,100,50,0.7,3,wide,5,4,4,4,4,4,20,0.799,0.806,4.257488110016136,4.0637028856760535,4.811055799752929,4.326340306193146,4.033783578522133,7,5.014113289844289,3.7173193095541426,3.6680859157955585,3.7127767403511305,3.785833433260344,3.939646879931348,Method4
69,100,50,0.7,3,wide,5,4,4,4,4,4,20,0.799,0.806,4.144601476464533,4.211908920941335,4.669301823821713,4.228862827568321,4.05021275890497,8,3.7544298919476273,3.7173193095541426,3.6680859157955585,3.7127767403511305,3.785833433260344,3.939646879931348,Method4
69,100,50,0.7,3,wide,5,4,4,4,4,4,20,0.799,0.806,4.158763736232755,4.2105520338021964,4.746800707984599,4.224268582256386,4.1083798605850035,9,3.4467262912740746,3.7173193095541426,3.6680859157955585,3.7127767403511305,3.785833433260344,3.939646879931348,Method4
69,100,50,0.7,3,wide,5,4,4,4,4,4,20,0.799,0.806,4.177262797308479,4.20146612593213,4.697625626906314,4.3314084171298655,4.128027858455937,10,2.9825163652624997,3.7173193095541426,3.6680859157955585,3.7127767403511305,3.785833433260344,3.939646879931348,Method4
69,100,50,0.7,3,wide,5,4,4,4,4,4,20,0.799,0.806,4.19838378259617,4.2298277923061045,4.644579556830928,4.031316438978368,4.205589154298351,11,2.875211537399127,3.7173193095541426,3.6680859157955585,3.7127767403511305,3.785833433260344,3.939646879931348,Method4
69,100,50,0.7,3,wide,5,4,4,4,4,4,20,0.799,0.806,3.556090237768572,4.207546873856845,4.699992172629768,4.037897002701099,4.164897644536913,12,2.574786765202358,3.7173193095541426,3.6680859157955585,3.7127767403511305,3.785833433260344,3.939646879931348,Method4
69,100,50,0.7,3,wide,5,4,4,4,4,4,20,0.799,0.806,3.4404272790097177,4.2327377832935635,4.691304812692221,4.05842480337878,4.132924130600598,13,2.5477852403858403,3.7173193095541426,3.6680859157955585,3.7127767403511305,3.785833433260344,3.939646879931348,Method4
69,100,50,0.7,3,wide,5,4,4,4,4,4,20,0.799,0.806,3.474788525564315,4.269029617898592,4.65073691736029,4.145800579369219,4.171915230221652,14,2.234789371633635,3.7173193095541426,3.6680859157955585,3.7127767403511305,3.785833433260344,3.939646879931348,Method4
69,100,50,0.7,3,wide,5,4,4,4,4,4,20,0.799,0.806,3.565884169951903,4.24198673387439,4.611639578866018,4.073837963588573,4.206185921326781,15,2.0420498805701945,3.7173193095541426,3.6680859157955585,3.7127767403511305,3.785833433260344,3.939646879931348,Method4
69,100,50,0.7,3,wide,5,4,4,4,4,4,20,0.799,0.806,3.566219584011643,4.243232655209981,4.61148283622818,4.081856362765526,4.205983393519387,16,2.041961285898078,3.7173193095541426,3.6680859157955585,3.7127767403511305,3.785833433260344,3.939646879931348,Method4
69,100,50,0.7,3,wide,5,4,4,4,4,4,20,0.799,0.806,3.573322338065172,4.238475060623571,4.612330218638076,4.117421415793697,4.2027012960618855,17,1.9818127084483852,3.7173193095541426,3.6680859157955585,3.7127767403511305,3.785833433260344,3.939646879931348,Method4
69,100,50,0.7,3,wide,5,4,4,4,4,4,20,0.799,0.806,3.5447985282254595,3.98711244721838,4.598777035667804,4.143505775276785,4.216652851562406,18,1.9407988027402505,3.7173193095541426,3.6680859157955585,3.7127767403511305,3.785833433260344,3.939646879931348,Method4
69,100,50,0.7,3,wide,5,4,4,4,4,4,20,0.799,0.806,3.5134224908947016,3.9463046131809216,4.207928731196868,4.29931453295876,4.223253400253463,19,1.769074025422549,3.7173193095541426,3.6680859157955585,3.7127767403511305,3.785833433260344,3.939646879931348,Method4
69,100,50,0.7,3,wide,5,4,4,4,4,4,20,0.799,0.806,3.551620406575947,3.895013136402314,4.245567050554077,4.252210251169309,4.258464483376738,20,1.714425883128218,3.7173193095541426,3.6680859157955585,3.7127767403511305,3.785833433260344,3.939646879931348,Method4
69,100,50,0.7,3,wide,5,4,4,4,4,4,20,0.799,0.806,3.5425747238252976,3.9903661484787807,4.139871770746612,4.12912654128409,4.284465390530437,21,1.6598167270137834,3.7173193095541426,3.6680859157955585,3.7127767403511305,3.785833433260344,3.939646879931348,Method4
69,100,50,0.7,3,wide,5,4,4,4,4,4,20,0.799,0.806,3.541960232905629,3.99125138568669,4.129230174570791,4.140116723261081,4.283065224093606,22,1.658060529856103,3.7173193095541426,3.6680859157955585,3.7127767403511305,3.785833433260344,3.939646879931348,Method4
69,100,50,0.7,3,wide,5,4,4,4,4,4,20,0.799,0.806,3.5840824817211496,4.02926596617785,4.139249267647724,4.139498629832032,4.323930913665162,23,1.613994884687894,3.7173193095541426,3.6680859157955585,3.7127767403511305,3.785833433260344,3.939646879931348,Method4
69,100,50,0.7,3,wide,5,4,4,4,4,4,20,0.799,0.806,3.5959562468746977,3.841587104674043,4.129817897179586,4.23332312220265,4.359833386366388,24,1.5492342187347623,3.7173193095541426,3.6680859157955585,3.7127767403511305,3.785833433260344,3.939646879931348,Method4
69,100,50,0.7,3,wide,5,4,4,4,4,4,20,0.799,0.806,3.4917119615101946,3.788097998157354,4.137058596819764,4.264834527583079,4.386373029181689,25,1.4302833339809673,3.7173193095541426,3.6680859157955585,3.7127767403511305,3.785833433260344,3.939646879931348,Method4
69,100,50,0.7,3,wide,5,4,4,4,4,4,20,0.799,0.806,3.637833839294125,3.7811345853377274,4.1161012029123425,4.281050309428682,4.347887122760024,26,1.301672707785417,3.7173193095541426,3.6680859157955585,3.7127767403511305,3.785833433260344,3.939646879931348,Method4
69,100,50,0.7,3,wide,5,4,4,4,4,4,20,0.799,0.806,3.625761011903601,3.841309248452599,4.1202150265174895,4.207668416886897,3.9231950983674726,27,1.2038631634826835,3.7173193095541426,3.6680859157955585,3.7127767403511305,3.785833433260344,3.939646879931348,Method4
69,100,50,0.7,3,wide,5,4,4,4,4,4,20,0.799,0.806,3.624892942134487,3.8447594757684023,4.121785454715469,4.2061082055079435,3.925321773804536,28,1.2038060296116038,3.7173193095541426,3.6680859157955585,3.7127767403511305,3.785833433260344,3.939646879931348,Method4
69,100,50,0.7,3,wide,5,4,4,4,4,4,20,0.799,0.806,3.612726158060619,3.848298173694608,4.137181875726109,4.150699034140789,3.9779375955474627,29,1.1867154255489432,3.7173193095541426,3.6680859157955585,3.7127767403511305,3.785833433260344,3.939646879931348,Method4
69,100,50,0.7,3,wide,5,4,4,4,4,4,20,0.799,0.806,3.4610843438245302,3.8347437060843763,4.124374818106991,4.032905088678153,3.8921551196343347,30,1.1146793097745569,3.7173193095541426,3.6680859157955585,3.7127767403511305,3.785833433260344,3.939646879931348,Method4
69,100,50,0.7,3,wide,5,4,4,4,4,4,20,0.799,0.806,3.484581196828687,3.9289424544374603,3.946445983458547,3.970277725941022,3.9806668759296993,31,1.0666316805403642,3.7173193095541426,3.6680859157955585,3.7127767403511305,3.785833433260344,3.939646879931348,Method4
69,100,50,0.7,3,wide,5,4,4,4,4,4,20,0.799,0.806,3.4939476515849925,3.895893115086615,3.924962119458223,3.9333873109992243,3.957972941532471,32,1.0572633129155933,3.7173193095541426,3.6680859157955585,3.7127767403511305,3.785833433260344,3.939646879931348,Method4
69,100,50,0.7,3,wide,5,4,4,4,4,4,20,0.799,0.806,3.490730278348208,3.896334909922279,3.9220694765307624,3.9348306198191803,3.9601763614146224,33,1.0572172483698805,3.7173193095541426,3.6680859157955585,3.7127767403511305,3.785833433260344,3.939646879931348,Method4
69,100,50,0.7,3,wide,5,4,4,4,4,4,20,0.799,0.806,3.4815847913037223,3.895838420428419,3.914741499623412,3.944631432549911,3.951000449511262,34,1.0501008769626794,3.7173193095541426,3.6680859157955585,3.7127767403511305,3.785833433260344,3.939646879931348,Method4
69,100,50,0.7,3,wide,5,4,4,4,4,4,20,0.799,0.806,3.4497872134312004,3.890234243562033,3.979266291351935,4.016244321662888,3.793567171276862,35,1.0079727134832848,3.7173193095541426,3.6680859157955585,3.7127767403511305,3.785833433260344,3.939646879931348,Method4
69,100,50,0.7,3,wide,5,4,4,4,4,4,20,0.799,0.806,3.442841986976291,3.891334783378015,3.970566550202966,4.015843264448914,3.7962207613949857,36,1.007218686648505,3.7173193095541426,3.6680859157955585,3.7127767403511305,3.785833433260344,3.939646879931348,Method4
69,100,50,0.7,3,wide,5,4,4,4,4,4,20,0.799,0.806,3.4239570775825765,3.87647264623286,3.9771699733555628,3.9854554757402734,3.8123422823773945,37,0.9914410698309696,3.7173193095541426,3.6680859157955585,3.7127767403511305,3.785833433260344,3.939646879931348,Method4
69,100,50,0.7,3,wide,5,4,4,4,4,4,20,0.799,0.806,3.4634796694323526,3.7921149293613707,3.96162094018155,3.98657300692216,3.840764393149041,38,0.954377590735803,3.7173193095541426,3.6680859157955585,3.7127767403511305,3.785833433260344,3.939646879931348,Method4
69,100,50,0.7,3,wide,5,4,4,4,4,4,20,0.799,0.806,3.445774514933912,3.7601465159658254,4.014966184666314,4.0867175300323995,3.7187899572885086,39,0.8926463293525504,3.7173193095541426,3.6680859157955585,3.7127767403511305,3.785833433260344,3.939646879931348,Method4
69,100,50,0.7,3,wide,5,4,4,4,4,4,20,0.799,0.806,3.4262883937595374,3.798616609148458,3.9657596819761607,4.08232043129956,3.6920248231522748,40,0.8448000216021174,3.7173193095541426,3.6680859157955585,3.7127767403511305,3.785833433260344,3.939646879931348,Method4
69,100,50,0.7,3,wide,5,4,4,4,4,4,20,0.799,0.806,3.463083713112053,3.7859802735015857,4.009872693580037,4.077096221465428,3.6528371240578683,41,0.840217250751813,3.7173193095541426,3.6680859157955585,3.7127767403511305,3.785833433260344,3.939646879931348,Method4
69,100,50,0.7,3,wide,5,4,4,4,4,4,20,0.799,0.806,4.788908025358747,5.159518866766721,3.608661834848661,4.8390911217056365,4.964014465685729,5,17.39660302132638,3.4957107935945344,3.7795275132955317,3.614294303373856,3.7800675115988884,3.8686907241223114,Method4
69,100,50,0.7,3,wide,5,4,4,4,4,4,20,0.799,0.806,4.788908025358747,5.159518866766721,3.608661834848661,4.8390911217056365,4.964014465685729,6,17.39660302132638,3.4957107935945344,3.7795275132955317,3.614294303373856,3.7800675115988884,3.8686907241223114,Method4
69,100,50,0.7,3,wide,5,4,4,4,4,4,20,0.799,0.806,4.809241681470845,5.133214207765999,3.671617120960723,4.868120045936813,4.333568729505154,7,16.93625046105715,3.4957107935945344,3.7795275132955317,3.614294303373856,3.7800675115988884,3.8686907241223114,Method4
69,100,50,0.7,3,wide,5,4,4,4,4,4,20,0.799,0.806,4.690035662106493,5.753602273340997,3.645749460803659,4.948132068091938,4.237185418344883,8,16.57788354314074,3.4957107935945344,3.7795275132955317,3.614294303373856,3.7800675115988884,3.8686907241223114,Method4
69,100,50,0.7,3,wide,5,4,4,4,4,4,20,0.799,0.806,5.243473007903065,5.8937820737006055,3.616415345432184,4.969316258848036,4.241148257693093,9,16.249343146500806,3.4957107935945344,3.7795275132955317,3.614294303373856,3.7800675115988884,3.8686907241223114,Method4
69,100,50,0.7,3,wide,5,4,4,4,4,4,20,0.799,0.806,5.155601984893746,5.48295466060599,3.628594454611078,4.964021610217893,4.241522699452318,10,16.005536670805856,3.4957107935945344,3.7795275132955317,3.614294303373856,3.7800675115988884,3.8686907241223114,Method4
69,100,50,0.7,3,wide,5,4,4,4,4,4,20,0.799,0.806,4.268042277328576,4.478958357147096,4.0371483938757216,4.735503233945271,4.696645810558656,11,6.741362393514406,3.4957107935945344,3.7795275132955317,3.614294303373856,3.7800675115988884,3.8686907241223114,Method4
69,100,50,0.7,3,wide,5,4,4,4,4,4,20,0.799,0.806,4.356059647786546,4.2551127714469175,3.96180716037185,4.707129098143945,4.670078416162923,12,6.440116094117994,3.4957107935945344,3.7795275132955317,3.614294303373856,3.7800675115988884,3.8686907241223114,Method4
69,100,50,0.7,3,wide,5,4,4,4,4,4,20,0.799,0.806,4.3740661881502625,4.254288318557375,3.9539884833610897,4.710403019528265,4.739712397174734,13,6.434550638372176,3.4957107935945344,3.7795275132955317,3.614294303373856,3.7800675115988884,3.8686907241223114,Method4
69,100,50,0.7,3,wide,5,4,4,4,4,4,20,0.799,0.806,4.286586695597099,4.475026181560308,3.3996642016433167,4.693389437185313,4.661023392791053,14,6.1986764613527265,3.4957107935945344,3.7795275132955317,3.614294303373856,3.7800675115988884,3.8686907241223114,Method4
69,100,50,0.7,3,wide,5,4,4,4,4,4,20,0.799,0.806,4.286510862539508,4.476162533328047,3.393624734753825,4.694829996486044,4.661453034821119,15,6.198599193695229,3.4957107935945344,3.7795275132955317,3.614294303373856,3.7800675115988884,3.8686907241223114,Method4
69,100,50,0.7,3,wide,5,4,4,4,4,4,20,0.799,0.806,4.175423233052022,4.137943620714139,3.7263849545501397,4.674156592171939,4.566213869878357,16,3.496937373764559,3.4957107935945344,3.7795275132955317,3.614294303373856,3.7800675115988884,3.8686907241223114,Method4
69,100,50,0.7,3,wide,5,4,4,4,4,4,20,0.799,0.806,3.961719805795028,4.241623111687654,3.753695244070573,4.531180874834073,4.427998712009305,17,2.622699511626468,3.4957107935945344,3.7795275132955317,3.614294303373856,3.7800675115988884,3.8686907241223114,Method4
69,100,50,0.7,3,wide,5,4,4,4,4,4,20,0.799,0.806,3.928228001846852,4.2566836532455925,3.704898390140561,4.569056230639593,4.428279814557988,18,2.5285687952879483,3.4957107935945344,3.7795275132955317,3.614294303373856,3.7800675115988884,3.8686907241223114,Method4
69,100,50,0.7,3,wide,5,4,4,4,4,4,20,0.799,0.806,3.7792438974593767,4.242526658410588,3.727750313288403,4.553652531785959,4.413639785018006,19,2.490670395208744,3.4957107935945344,3.7795275132955317,3.614294303373856,3.7800675115988884,3.8686907241223114,Method4
69,100,50,0.7,3,wide,5,4,4,4,4,4,20,0.799,0.806,3.8292314432375036,4.2238250428879995,3.7263835888264167,4.569656707154562,4.296013186164178,20,2.4558569910795764,3.4957107935945344,3.7795275132955317,3.614294303373856,3.7800675115988884,3.8686907241223114,Method4
69,100,50,0.7,3,wide,5,4,4,4,4,4,20,0.799,0.806,3.8219747607660275,4.220397435061733,3.784482253813997,4.555601897409252,4.259037189375363,21,2.3419555261094684,3.4957107935945344,3.7795275132955317,3.614294303373856,3.7800675115988884,3.8686907241223114,Method4
69,100,50,0.7,3,wide,5,4,4,4,4,4,20,0.799,0.806,3.8188667618910266,4.050741500296508,3.815990044240496,4.479599297620509,4.43084816694473,22,2.16800465982518,3.4957107935945344,3.7795275132955317,3.614294303373856,3.7800675115988884,3.8686907241223114,Method4
69,100,50,0.7,3,wide,5,4,4,4,4,4,20,0.799,0.806,3.9003019557124343,4.05567616729714,3.7912616776384676,4.450828853007843,4.450137934243919,23,2.1399714880276277,3.4957107935945344,3.7795275132955317,3.614294303373856,3.7800675115988884,3.8686907241223114,Method4
69,100,50,0.7,3,wide,5,4,4,4,4,4,20,0.799,0.806,3.9130962034725076,4.004181811002563,3.7582401767403604,4.422276331514495,4.469710680103564,24,2.0663140346756528,3.4957107935945344,3.7795275132955317,3.614294303373856,3.7800675115988884,3.8686907241223114,Method4
69,100,50,0.7,3,wide,5,4,4,4,4,4,20,0.799,0.806,3.839685141401575,4.000497989056859,3.820250629136844,4.416887780010945,4.398318809468605,25,2.034825993829323,3.4957107935945344,3.7795275132955317,3.614294303373856,3.7800675115988884,3.8686907241223114,Method4
69,100,50,0.7,3,wide,5,4,4,4,4,4,20,0.799,0.806,3.8932839931932772,4.026705019905659,3.8536844471340226,4.421151907276777,4.417619980185916,26,2.020270106763754,3.4957107935945344,3.7795275132955317,3.614294303373856,3.7800675115988884,3.8686907241223114,Method4
69,100,50,0.7,3,wide,5,4,4,4,4,4,20,0.799,0.806,3.720115676165919,3.9244654992948353,3.7186685450108232,4.490723775234272,4.358084951526461,27,1.7642761534310087,3.4957107935945344,3.7795275132955317,3.614294303373856,3.7800675115988884,3.8686907241223114,Method4
69,100,50,0.7,3,wide,5,4,4,4,4,4,20,0.799,0.806,3.7347913983727086,3.96538354857796,3.6276169718098763,4.50010457335934,4.351939906745583,28,1.6057706919501198,3.4957107935945344,3.7795275132955317,3.614294303373856,3.7800675115988884,3.8686907241223114,Method4
69,100,50,0.7,3,wide,5,4,4,4,4,4,20,0.799,0.806,3.7350581660639937,3.9975465111709294,3.633106244739277,4.503935710499639,4.321745934306865,29,1.5990705559359766,3.4957107935945344,3.7795275132955317,3.614294303373856,3.7800675115988884,3.8686907241223114,Method4
69,100,50,0.7,3,wide,5,4,4,4,4,4,20,0.799,0.806,3.7024861657863077,3.8308555279622833,3.650114763515712,4.421899973937869,4.330115056560053,30,1.408469936201833,3.4957107935945344,3.7795275132955317,3.614294303373856,3.7800675115988884,3.8686907241223114,Method4
69,100,50,0.7,3,wide,5,4,4,4,4,4,20,0.799,0.806,3.7670549314185644,3.7570310201853885,3.650915335571004,4.3897906797650315,4.415453103917535,31,1.383313342364628,3.4957107935945344,3.7795275132955317,3.614294303373856,3.7800675115988884,3.8686907241223114,Method4
69,100,50,0.7,3,wide,5,4,4,4,4,4,20,0.799,0.806,3.5218690812936035,3.712152488262456,3.6111983114144746,4.322293248391124,4.39864419600801,32,1.2154413630124132,3.4957107935945344,3.7795275132955317,3.614294303373856,3.7800675115988884,3.8686907241223114,Method4
69,100,50,0.7,3,wide,5,4,4,4,4,4,20,0.799,0.806,3.5227908123055407,3.711307937475546,3.611623168627275,4.321402079754511,4.397097461711982,33,1.2153686935458432,3.4957107935945344,3.7795275132955317,3.614294303373856,3.7800675115988884,3.8686907241223114,Method4
69,100,50,0.7,3,wide,5,4,4,4,4,4,20,0.799,0.806,3.4629470665394377,3.835037965668269,3.6814030816391186,4.397052200783112,4.515423986333036,34,1.0331761473096086,3.4957107935945344,3.7795275132955317,3.614294303373856,3.7800675115988884,3.8686907241223114,Method4
69,100,50,0.7,3,wide,5,4,4,4,4,4,20,0.799,0.806,3.4901095973109455,3.776674275226849,3.6839561064653417,4.4242040460548955,4.536000371216937,35,0.9994224113031068,3.4957107935945344,3.7795275132955317,3.614294303373856,3.7800675115988884,3.8686907241223114,Method4
69,100,50,0.7,3,wide,5,4,4,4,4,4,20,0.799,0.806,3.557107268271162,3.719931733099558,3.8293059353082546,4.108958715733757,4.361476891969073,36,0.910166966413463,3.4957107935945344,3.7795275132955317,3.614294303373856,3.7800675115988884,3.8686907241223114,Method4
69,100,50,0.7,3,wide,5,4,4,4,4,4,20,0.799,0.806,3.5634556930996957,3.720368705923254,3.8249947776669506,4.104288376607591,4.363967050708912,37,0.9096922475178905,3.4957107935945344,3.7795275132955317,3.614294303373856,3.7800675115988884,3.8686907241223114,Method4
69,100,50,0.7,3,wide,5,4,4,4,4,4,20,0.799,0.806,3.562503336817234,3.7105651245667235,3.813564823590397,4.107613986387349,4.3534633243359995,38,0.9081902034047465,3.4957107935945344,3.7795275132955317,3.614294303373856,3.7800675115988884,3.8686907241223114,Method4
69,100,50,0.7,3,wide,5,4,4,4,4,4,20,0.799,0.806,3.5523371701100155,3.7170155171242047,3.8208694191490977,4.109280365046255,4.344409547290125,39,0.9072892864201744,3.4957107935945344,3.7795275132955317,3.614294303373856,3.7800675115988884,3.8686907241223114,Method4
69,100,50,0.7,3,wide,5,4,4,4,4,4,20,0.799,0.806,3.4830356535704534,3.6864835735385455,3.88104458259631,4.103350518853108,4.323271514831241,40,0.8999576530550656,3.4957107935945344,3.7795275132955317,3.614294303373856,3.7800675115988884,3.8686907241223114,Method4
69,100,50,0.7,3,wide,5,4,4,4,4,4,20,0.799,0.806,3.6355739760936263,3.6206070962387233,3.9374538426311694,3.9088730010218975,4.348563225043084,41,0.8586605178019533,3.4957107935945344,3.7795275132955317,3.614294303373856,3.7800675115988884,3.8686907241223114,Method4
69,100,50,0.7,3,wide,5,4,4,4,4,4,20,0.799,0.806,4.256906804690872,4.572448511492246,4.347567604121009,4.059487801911457,5.3686772568237595,5,17.865417506577344,3.6461255441209017,3.6190548048738034,3.585908770702406,3.652689082605741,3.839321513321639,Method4
69,100,50,0.7,3,wide,5,4,4,4,4,4,20,0.799,0.806,4.256906804690872,4.572448511492246,4.347567604121009,4.059487801911457,5.3686772568237595,6,17.865417506577344,3.6461255441209017,3.6190548048738034,3.585908770702406,3.652689082605741,3.839321513321639,Method4
69,100,50,0.7,3,wide,5,4,4,4,4,4,20,0.799,0.806,4.293940797826959,4.1622489400412945,4.522053924582241,4.173272875694294,5.084747363461681,7,8.006982685998869,3.6461255441209017,3.6190548048738034,3.585908770702406,3.652689082605741,3.839321513321639,Method4
69,100,50,0.7,3,wide,5,4,4,4,4,4,20,0.799,0.806,4.461126206905534,3.4006110308381494,4.5623194334237445,4.129047296672215,5.037439340429223,8,7.512765952587769,3.6461255441209017,3.6190548048738034,3.585908770702406,3.652689082605741,3.839321513321639,Method4
69,100,50,0.7,3,wide,5,4,4,4,4,4,20,0.799,0.806,4.324573028495176,3.5490530433562504,4.640990882782997,4.189159860499912,4.8279279201148455,9,5.521090127559684,3.6461255441209017,3.6190548048738034,3.585908770702406,3.652689082605741,3.839321513321639,Method4
69,100,50,0.7,3,wide,5,4,4,4,4,4,20,0.799,0.806,4.344321456946666,3.562518393706519,4.715654343459586,4.198696914416371,4.676628164665202,10,4.664583960985672,3.6461255441209017,3.6190548048738034,3.585908770702406,3.652689082605741,3.839321513321639,Method4
69,100,50,0.7,3,wide,5,4,4,4,4,4,20,0.799,0.806,4.310233023986698,3.5532031360824603,4.718102252527527,4.206182705431496,4.682055122018211,11,4.663210969881862,3.6461255441209017,3.6190548048738034,3.585908770702406,3.652689082605741,3.839321513321639,Method4
69,100,50,0.7,3,wide,5,4,4,4,4,4,20,0.799,0.806,4.300942439256227,3.551287982032108,4.632721561144171,4.2815015257881175,4.258013671523869,12,4.507553566408984,3.6461255441209017,3.6190548048738034,3.585908770702406,3.652689082605741,3.839321513321639,Method4
69,100,50,0.7,3,wide,5,4,4,4,4,4,20,0.799,0.806,4.098079954459689,3.6983220424411174,3.8930831042175766,4.334632303204795,4.20289276703336,13,3.833030847054986,3.6461255441209017,3.6190548048738034,3.585908770702406,3.652689082605741,3.839321513321639,Method4
69,100,50,0.7,3,wide,5,4,4,4,4,4,20,0.799,0.806,3.940868889674214,3.6539322663584,3.9957132474458565,4.324488470558827,4.449367985675258,14,3.4903093189422862,3.6461255441209017,3.6190548048738034,3.585908770702406,3.652689082605741,3.839321513321639,Method4
69,100,50,0.7,3,wide,5,4,4,4,4,4,20,0.799,0.806,4.074167114841168,2.792638549578219,4.278707037299375,4.477306932826771,4.427369745163813,15,2.49991781859502,3.6461255441209017,3.6190548048738034,3.585908770702406,3.652689082605741,3.839321513321639,Method4
69,100,50,0.7,3,wide,5,4,4,4,4,4,20,0.799,0.806,4.087774970129817,2.7605566320733423,4.30136582790988,4.490455185597068,4.391693624526536,16,2.4916004418963786,3.6461255441209017,3.6190548048738034,3.585908770702406,3.652689082605741,3.839321513321639,Method4
69,100,50,0.7,3,wide,5,4,4,4,4,4,20,0.799,0.806,4.162112501518865,2.8725414566863336,3.9364491551221916,4.521531436639608,4.4569101189484535,17,2.1394222190450116,3.6461255441209017,3.6190548048738034,3.585908770702406,3.652689082605741,3.839321513321639,Method4
69,100,50,0.7,3,wide,5,4,4,4,4,4,20,0.799,0.806,4.0422412955049944,2.9414681455971974,3.9317101826334366,4.40038938697054,4.475562305096725,18,1.825906831021584,3.6461255441209017,3.6190548048738034,3.585908770702406,3.652689082605741,3.839321513321639,Method4
69,100,50,0.7,3,wide,5,4,4,4,4,4,20,0.799,0.806,3.991448198867128,2.942365368586072,3.9085347580578036,4.407718343387275,4.391570293616693,19,1.7667182697425456,3.6461255441209017,3.6190548048738034,3.585908770702406,3.652689082605741,3.839321513321639,Method4
69,100,50,0.7,3,wide,5,4,4,4,4,4,20,0.799,0.806,3.7582357487576625,3.117848947924148,3.9510095819079143,4.505990931534874,4.459527516212405,20,1.5338425666774675,3.6461255441209017,3.6190548048738034,3.585908770702406,3.652689082605741,3.839321513321639,Method4
69,100,50,0.7,3,wide,5,4,4,4,4,4,20,0.799,0.806,3.642180640632003,3.1949783358990453,3.9668323388049624,4.46818569827726,4.474031500752847,21,1.329828081511512,3.6461255441209017,3.6190548048738034,3.585908770702406,3.652689082605741,3.839321513321639,Method4
69,100,50,0.7,3,wide,5,4,4,4,4,4,20,0.799,0.806,3.6413490545724367,3.271667645233498,3.9774569645830877,4.444365276418094,4.492775800452626,22,1.3011611127069178,3.6461255441209017,3.6190548048738034,3.585908770702406,3.652689082605741,3.839321513321639,Method4
69,100,50,0.7,3,wide,5,4,4,4,4,4,20,0.799,0.806,3.629994193027144,3.280120740199769,3.9720306567221315,4.446422800500286,4.493467836006089,23,1.3002065159664198,3.6461255441209017,3.6190548048738034,3.585908770702406,3.652689082605741,3.839321513321639,Method4
69,100,50,0.7,3,wide,5,4,4,4,4,4,20,0.799,0.806,3.6292143626203353,3.2856793549379644,3.9693398669989546,4.443999188062011,4.502960650697551,24,1.2970670776919666,3.6461255441209017,3.6190548048738034,3.585908770702406,3.652689082605741,3.839321513321639,Method4
69,100,50,0.7,3,wide,5,4,4,4,4,4,20,0.799,0.806,3.6340868739752996,3.279369490512127,3.9664318719372043,4.441580991227038,4.525193737062428,25,1.2776130487723278,3.6461255441209017,3.6190548048738034,3.585908770702406,3.652689082605741,3.839321513321639,Method4
69,100,50,0.7,3,wide,5,4,4,4,4,4,20,0.799,0.806,3.6141948314829064,3.298468253930465,3.924869119000303,4.41711596077351,4.628152202493487,26,1.2077214086728105,3.6461255441209017,3.6190548048738034,3.585908770702406,3.652689082605741,3.839321513321639,Method4
69,100,50,0.7,3,wide,5,4,4,4,4,4,20,0.799,0.806,3.4637798110470466,3.3005875292858713,3.9507526666073396,4.467516214408703,4.602098689697982,27,1.1768639613209855,3.6461255441209017,3.6190548048738034,3.585908770702406,3.652689082605741,3.839321513321639,Method4
69,100,50,0.7,3,wide,5,4,4,4,4,4,20,0.799,0.806,3.5265751875974565,3.2924279871185687,3.985394894455569,4.1551714720453985,4.5009480065869525,28,1.0719409271116063,3.6461255441209017,3.6190548048738034,3.585908770702406,3.652689082605741,3.839321513321639,Method4
69,100,50,0.7,3,wide,5,4,4,4,4,4,20,0.799,0.806,3.515094175559837,3.2512754935668773,3.994590171566132,4.163935567033266,4.493935826394725,29,1.067412719676422,3.6461255441209017,3.6190548048738034,3.585908770702406,3.652689082605741,3.839321513321639,Method4
69,100,50,0.7,3,wide,5,4,4,4,4,4,20,0.799,0.806,3.5218054018818763,3.2367202172356433,3.8966569793649635,4.169192793402805,4.297183931257295,30,0.9838542441308353,3.6461255441209017,3.6190548048738034,3.585908770702406,3.652689082605741,3.839321513321639,Method4
69,100,50,0.7,3,wide,5,4,4,4,4,4,20,0.799,0.806,3.6281782879376276,3.266419174665549,3.899523444670617,3.8866191116622395,4.220470914615032,31,0.9171596194478095,3.6461255441209017,3.6190548048738034,3.585908770702406,3.652689082605741,3.839321513321639,Method4
69,100,50,0.7,3,wide,5,4,4,4,4,4,20,0.799,0.806,3.625589349179095,3.2804345315753034,3.8922825639771297,3.93439299691806,4.2426117759185775,32,0.9023513802546199,3.6461255441209017,3.6190548048738034,3.585908770702406,3.652689082605741,3.839321513321639,Method4
69,100,50,0.7,3,wide,5,4,4,4,4,4,20,0.799,0.806,3.6281335017471723,3.286628955741824,3.8820372973395205,3.908259622541136,4.135898705420884,33,0.8892754618236456,3.6461255441209017,3.6190548048738034,3.585908770702406,3.652689082605741,3.839321513321639,Method4
69,100,50,0.7,3,wide,5,4,4,4,4,4,20,0.799,0.806,3.621887113100565,3.2361802196496616,3.859206274203279,3.957933469866402,4.1652804352628765,34,0.8658500225560588,3.6461255441209017,3.6190548048738034,3.585908770702406,3.652689082605741,3.839321513321639,Method4
69,100,50,0.7,3,wide,5,4,4,4,4,4,20,0.799,0.806,3.668056747030332,3.273102713590834,3.6361663051355344,3.9564425138688692,4.101682706372135,35,0.8150165078380167,3.6461255441209017,3.6190548048738034,3.585908770702406,3.652689082605741,3.839321513321639,Method4
69,100,50,0.7,3,wide,5,4,4,4,4,4,20,0.799,0.806,3.6420426077394845,3.2487834049569537,3.6354113554237144,3.961425896572187,4.1293309326440975,36,0.8123554370216134,3.6461255441209017,3.6190548048738034,3.585908770702406,3.652689082605741,3.839321513321639,Method4
69,100,50,0.7,3,wide,5,4,4,4,4,4,20,0.799,0.806,3.609989237570529,3.2452483397765293,3.5961047050416566,3.9800904739665754,4.07900407443533,37,0.8028905604339133,3.6461255441209017,3.6190548048738034,3.585908770702406,3.652689082605741,3.839321513321639,Method4
69,100,50,0.7,3,wide,5,4,4,4,4,4,20,0.799,0.806,3.5702626841298053,3.2804031665734756,3.5875092278328964,3.993860171396187,4.072516624308651,38,0.7983817709462359,3.6461255441209017,3.6190548048738034,3.585908770702406,3.652689082605741,3.839321513321639,Method4
69,100,50,0.7,3,wide,5,4,4,4,4,4,20,0.799,0.806,3.581325763378294,3.279159939293786,3.5672013313687705,3.9875219541352855,4.07297409836594,39,0.7971621831798491,3.6461255441209017,3.6190548048738034,3.585908770702406,3.652689082605741,3.839321513321639,Method4
69,100,50,0.7,3,wide,5,4,4,4,4,4,20,0.799,0.806,3.580582603642208,3.2852317651358094,3.56746116543227,3.979442637668976,4.072856873140758,40,0.7970144386451419,3.6461255441209017,3.6190548048738034,3.585908770702406,3.652689082605741,3.839321513321639,Method4
69,100,50,0.7,3,wide,5,4,4,4,4,4,20,0.799,0.806,3.5668115992438834,3.306523690739176,3.581455038589488,3.956942612119906,4.053984174339757,41,0.7937250385572796,3.6461255441209017,3.6190548048738034,3.585908770702406,3.652689082605741,3.839321513321639,Method4
69,100,50,0.7,3,wide,5,4,4,4,4,4,20,0.799,0.806,4.547892854627007,4.067319106869523,4.217127309714454,4.692616518756494,4.206228202191954,5,17.295937954564174,3.894077632302468,3.727373131477177,3.775495943962762,3.7674082931708486,3.4939621049553695,Method4
69,100,50,0.7,3,wide,5,4,4,4,4,4,20,0.799,0.806,4.547892854627007,4.067319106869523,4.217127309714454,4.692616518756494,4.206228202191954,6,17.295937954564174,3.894077632302468,3.727373131477177,3.775495943962762,3.7674082931708486,3.4939621049553695,Method4
69,100,50,0.7,3,wide,5,4,4,4,4,4,20,0.799,0.806,4.545339236363026,4.337682780310696,4.617536577471607,3.97873799355867,4.601627503486392,7,6.784083365272552,3.894077632302468,3.727373131477177,3.775495943962762,3.7674082931708486,3.4939621049553695,Method4
69,100,50,0.7,3,wide,5,4,4,4,4,4,20,0.799,0.806,4.4919542156817736,3.9224312444717038,4.6024036395107215,3.934229697985179,4.574178113019909,8,6.524750987855441,3.894077632302468,3.727373131477177,3.775495943962762,3.7674082931708486,3.4939621049553695,Method4
69,100,50,0.7,3,wide,5,4,4,4,4,4,20,0.799,0.806,4.461987148510608,3.9321593984728196,4.0379075471240595,3.902759710122432,4.588694399300986,9,6.271680539971006,3.894077632302468,3.727373131477177,3.775495943962762,3.7674082931708486,3.4939621049553695,Method4
69,100,50,0.7,3,wide,5,4,4,4,4,4,20,0.799,0.806,4.466199884699249,4.1721410227132205,4.010024914408681,4.173415018260873,4.357965432798601,10,4.65728194142272,3.894077632302468,3.727373131477177,3.775495943962762,3.7674082931708486,3.4939621049553695,Method4
69,100,50,0.7,3,wide,5,4,4,4,4,4,20,0.799,0.806,4.465722976214476,4.175466948700516,4.035450781077485,4.103901563514061,4.356153616134005,11,4.652069656264254,3.894077632302468,3.727373131477177,3.775495943962762,3.7674082931708486,3.4939621049553695,Method4
69,100,50,0.7,3,wide,5,4,4,4,4,4,20,0.799,0.806,4.561418574346348,4.2295212056901414,4.2544277948796925,3.961998390138381,4.249080664466035,12,3.927745810777832,3.894077632302468,3.727373131477177,3.775495943962762,3.7674082931708486,3.4939621049553695,Method4
69,100,50,0.7,3,wide,5,4,4,4,4,4,20,0.799,0.806,4.466887814656314,4.008683967111372,4.35504898774235,4.004483482174123,4.3139552183476795,13,3.4275557398030507,3.894077632302468,3.727373131477177,3.775495943962762,3.7674082931708486,3.4939621049553695,Method4
69,100,50,0.7,3,wide,5,4,4,4,4,4,20,0.799,0.806,4.526314184164726,3.91592572884425,3.956919337200551,3.98326891039485,4.215847496858984,14,3.102369724293667,3.894077632302468,3.727373131477177,3.775495943962762,3.7674082931708486,3.4939621049553695,Method4
69,100,50,0.7,3,wide,5,4,4,4,4,4,20,0.799,0.806,4.528358086307919,3.922079994013912,3.9845974734957696,3.887422540740956,4.216739691342573,15,2.7992043374993947,3.894077632302468,3.727373131477177,3.775495943962762,3.7674082931708486,3.4939621049553695,Method4
69,100,50,0.7,3,wide,5,4,4,4,4,4,20,0.799,0.806,4.527084338822427,3.9364922979820953,4.028711057032919,3.7102192356367176,4.242415153210272,16,2.7466553384158843,3.894077632302468,3.727373131477177,3.775495943962762,3.7674082931708486,3.4939621049553695,Method4
69,100,50,0.7,3,wide,5,4,4,4,4,4,20,0.799,0.806,4.531639981090734,4.035895528566341,4.054108498743478,3.749597347137203,4.210577046974451,17,2.629484269444051,3.894077632302468,3.727373131477177,3.775495943962762,3.7674082931708486,3.4939621049553695,Method4
69,100,50,0.7,3,wide,5,4,4,4,4,4,20,0.799,0.806,4.570564877531356,3.951113002088974,4.082879699391626,3.7182431630389274,4.1931729540369655,18,2.537045851046897,3.894077632302468,3.727373131477177,3.775495943962762,3.7674082931708486,3.4939621049553695,Method4
69,100,50,0.7,3,wide,5,4,4,4,4,4,20,0.799,0.806,4.559211591106528,3.9451294088146476,4.070081356964094,3.645776977645218,4.188800313500604,19,2.5312892803893097,3.894077632302468,3.727373131477177,3.775495943962762,3.7674082931708486,3.4939621049553695,Method4
69,100,50,0.7,3,wide,5,4,4,4,4,4,20,0.799,0.806,4.555771121988235,3.937019882312128,4.078761785614699,3.6479327550665865,4.1734455507919686,20,2.5235645198646703,3.894077632302468,3.727373131477177,3.775495943962762,3.7674082931708486,3.4939621049553695,Method4
69,100,50,0.7,3,wide,5,4,4,4,4,4,20,0.799,0.806,4.577614350910499,3.782494670428893,4.062533992394342,3.6418882930715775,4.1903061662059535,21,2.4904591366570075,3.894077632302468,3.727373131477177,3.775495943962762,3.7674082931708486,3.4939621049553695,Method4
69,100,50,0.7,3,wide,5,4,4,4,4,4,20,0.799,0.806,4.551065942196244,3.7729450850217225,3.94111637853237,3.703893795482004,4.233933501563402,22,2.3303207262801324,3.894077632302468,3.727373131477177,3.775495943962762,3.7674082931708486,3.4939621049553695,Method4
69,100,50,0.7,3,wide,5,4,4,4,4,4,20,0.799,0.806,3.964249136451605,3.8495297109930573,3.8843627262062483,3.568389406226043,4.150824196336451,23,1.9909440457737173,3.894077632302468,3.727373131477177,3.775495943962762,3.7674082931708486,3.4939621049553695,Method4
69,100,50,0.7,3,wide,5,4,4,4,4,4,20,0.799,0.806,4.006097128567608,3.7622541884112954,3.8796857678529206,3.560707300468173,4.177573139041955,24,1.967481801180725,3.894077632302468,3.727373131477177,3.775495943962762,3.7674082931708486,3.4939621049553695,Method4
69,100,50,0.7,3,wide,5,4,4,4,4,4,20,0.799,0.806,4.092237202375158,3.6335936762366807,3.9285342608011624,3.667890371240707,4.192476780861555,25,1.901282062833374,3.894077632302468,3.727373131477177,3.775495943962762,3.7674082931708486,3.4939621049553695,Method4
69,100,50,0.7,3,wide,5,4,4,4,4,4,20,0.799,0.806,4.063529671752532,3.6960863824025187,3.9204381709805096,3.5750898542144753,4.1741229842759795,26,1.8436882502014607,3.894077632302468,3.727373131477177,3.775495943962762,3.7674082931708486,3.4939621049553695,Method4
69,100,50,0.7,3,wide,5,4,4,4,4,4,20,0.799,0.806,4.072008846940741,3.7151845010657047,3.868736720240382,3.5986825823304107,4.18816680062251,27,1.8323788848290392,3.894077632302468,3.727373131477177,3.775495943962762,3.7674082931708486,3.4939621049553695,Method4
69,100,50,0.7,3,wide,5,4,4,4,4,4,20,0.799,0.806,3.851509216286508,3.7341741146516467,3.9098959475488493,3.6022093443572043,4.207685563672696,28,1.715406878674987,3.894077632302468,3.727373131477177,3.775495943962762,3.7674082931708486,3.4939621049553695,Method4
69,100,50,0.7,3,wide,5,4,4,4,4,4,20,0.799,0.806,3.8345947915375818,3.845042303647612,3.9167408845923366,3.508024933977038,4.1782330331286675,29,1.6802867588922863,3.894077632302468,3.727373131477177,3.775495943962762,3.7674082931708486,3.4939621049553695,Method4
69,100,50,0.7,3,wide,5,4,4,4,4,4,20,0.799,0.806,3.760355444813915,3.7038402430795836,3.8700948133920785,3.5673034969857094,4.188652626533083,30,1.6520019379200113,3.894077632302468,3.727373131477177,3.775495943962762,3.7674082931708486,3.4939621049553695,Method4
69,100,50,0.7,3,wide,5,4,4,4,4,4,20,0.799,0.806,3.671759262863156,3.73218084811294,3.890795002960022,3.6666939017922684,4.135893837826288,31,1.4267922070448984,3.894077632302468,3.727373131477177,3.775495943962762,3.7674082931708486,3.4939621049553695,Method4
69,100,50,0.7,3,wide,5,4,4,4,4,4,20,0.799,0.806,3.6884182498930045,3.6553651821268676,3.8492649337931177,3.561217916070009,4.099090330446025,32,1.3796788291052908,3.894077632302468,3.727373131477177,3.775495943962762,3.7674082931708486,3.4939621049553695,Method4
69,100,50,0.7,3,wide,5,4,4,4,4,4,20,0.799,0.806,3.833871919754347,3.6834751805256136,3.930285006122941,3.5724102619139946,4.174407038487767,33,1.2761673055027407,3.894077632302468,3.727373131477177,3.775495943962762,3.7674082931708486,3.4939621049553695,Method4
69,100,50,0.7,3,wide,5,4,4,4,4,4,20,0.799,0.806,3.7979457779024037,3.5911567168222334,3.964960497820296,3.6250361803727356,3.8357822778909063,34,1.174374514110152,3.894077632302468,3.727373131477177,3.775495943962762,3.7674082931708486,3.4939621049553695,Method4
69,100,50,0.7,3,wide,5,4,4,4,4,4,20,0.799,0.806,3.849690123143168,3.5803109621363305,3.845051130395482,3.811032642416837,3.6460061725285913,35,1.109011476170455,3.894077632302468,3.727373131477177,3.775495943962762,3.7674082931708486,3.4939621049553695,Method4
69,100,50,0.7,3,wide,5,4,4,4,4,4,20,0.799,0.806,3.8303447471562526,3.6111013263032827,3.8401264885775825,3.883576276639356,3.6480132955766673,36,1.0907456148725172,3.894077632302468,3.727373131477177,3.775495943962762,3.7674082931708486,3.4939621049553695,Method4
69,100,50,0.7,3,wide,5,4,4,4,4,4,20,0.799,0.806,3.7579619722854494,3.638918156646443,3.845585120703689,3.8564333388759917,3.670611758472836,37,1.0700010938547446,3.894077632302468,3.727373131477177,3.775495943962762,3.7674082931708486,3.4939621049553695,Method4
69,100,50,0.7,3,wide,5,4,4,4,4,4,20,0.799,0.806,3.8619868200534877,3.6312310197105973,3.8468643441029418,3.9223466647417786,3.62479266097386,38,1.0542272095634946,3.894077632302468,3.727373131477177,3.775495943962762,3.7674082931708486,3.4939621049553695,Method4
69,100,50,0.7,3,wide,5,4,4,4,4,4,20,0.799,0.806,3.8454806499075285,3.6433771960130295,3.8504023533672385,3.871261597899736,3.5435256077855466,39,1.048445206408061,3.894077632302468,3.727373131477177,3.775495943962762,3.7674082931708486,3.4939621049553695,Method4
69,100,50,0.7,3,wide,5,4,4,4,4,4,20,0.799,0.806,3.8493880454242677,3.6256955789861824,3.8504493829810356,3.8615517124032266,3.5525507377951393,40,1.0475454969063445,3.894077632302468,3.727373131477177,3.775495943962762,3.7674082931708486,3.4939621049553695,Method4
69,100,50,0.7,3,wide,5,4,4,4,4,4,20,0.799,0.806,3.8161229017224105,3.593448336796891,3.9158146909955556,3.8409038092245744,3.531472287165631,41,1.0266924585856954,3.894077632302468,3.727373131477177,3.775495943962762,3.7674082931708486,3.4939621049553695,Method4
69,100,50,0.7,3,wide,5,4,4,4,4,4,20,0.799,0.806,4.1533565262522,4.632052682692031,3.710834946980991,3.924537074320667,4.3817383126603575,5,18.130266945438237,3.5363130070527493,3.7460326002739843,3.487551698874355,3.4961289926072863,3.7030325564852706,Method4
69,100,50,0.7,3,wide,5,4,4,4,4,4,20,0.799,0.806,4.1533565262522,4.632052682692031,3.710834946980991,3.924537074320667,4.3817383126603575,6,18.130266945438237,3.5363130070527493,3.7460326002739843,3.487551698874355,3.4961289926072863,3.7030325564852706,Method4
69,100,50,0.7,3,wide,5,4,4,4,4,4,20,0.799,0.806,4.1841571161094295,4.6462143811638,4.0726903534095715,4.259003286103633,4.601077780634292,7,8.851045371984146,3.5363130070527493,3.7460326002739843,3.487551698874355,3.4961289926072863,3.7030325564852706,Method4
69,100,50,0.7,3,wide,5,4,4,4,4,4,20,0.799,0.806,4.171760599868916,4.4587844954536795,4.0766930049272485,4.279934702106892,4.604932835054435,8,8.817656647840057,3.5363130070527493,3.7460326002739843,3.487551698874355,3.4961289926072863,3.7030325564852706,Method4
69,100,50,0.7,3,wide,5,4,4,4,4,4,20,0.799,0.806,4.134816006623999,4.681849225857928,4.136609812678603,4.364379088117367,4.626395285467997,9,4.872231358350318,3.5363130070527493,3.7460326002739843,3.487551698874355,3.4961289926072863,3.7030325564852706,Method4
69,100,50,0.7,3,wide,5,4,4,4,4,4,20,0.799,0.806,4.128268156876065,4.681733525432441,4.120868168092902,4.4078580580529145,4.577667719283609,10,4.433829206473868,3.5363130070527493,3.7460326002739843,3.487551698874355,3.4961289926072863,3.7030325564852706,Method4
69,100,50,0.7,3,wide,5,4,4,4,4,4,20,0.799,0.806,4.109644642369839,4.616429922036524,4.125976770440662,4.340241752572284,4.716702436643757,11,3.9285274945032436,3.5363130070527493,3.7460326002739843,3.487551698874355,3.4961289926072863,3.7030325564852706,Method4
69,100,50,0.7,3,wide,5,4,4,4,4,4,20,0.799,0.806,4.02370879863779,4.364942627556251,4.111256510553831,4.192954849745187,3.8066936064555534,12,3.0131808694929876,3.5363130070527493,3.7460326002739843,3.487551698874355,3.4961289926072863,3.7030325564852706,Method4
69,100,50,0.7,3,wide,5,4,4,4,4,4,20,0.799,0.806,4.0713560415004535,4.46745209945091,4.152692914152801,4.147997996507595,3.9005635792666244,13,2.5408125361750376,3.5363130070527493,3.7460326002739843,3.487551698874355,3.4961289926072863,3.7030325564852706,Method4
69,100,50,0.7,3,wide,5,4,4,4,4,4,20,0.799,0.806,4.093781477977946,4.447880664327574,3.761322411245497,4.187448674324637,3.828682885521624,14,2.4239876987621023,3.5363130070527493,3.7460326002739843,3.487551698874355,3.4961289926072863,3.7030325564852706,Method4
69,100,50,0.7,3,wide,5,4,4,4,4,4,20,0.799,0.806,4.090861352307674,4.369669905604253,3.7540830115881736,4.198192787784106,3.8186778405481903,15,2.4121820918015033,3.5363130070527493,3.7460326002739843,3.487551698874355,3.4961289926072863,3.7030325564852706,Method4
69,100,50,0.7,3,wide,5,4,4,4,4,4,20,0.799,0.806,4.054169119404276,4.326929833159354,3.6887062718562023,4.232418067252528,3.8410024811142747,16,2.3050685592849516,3.5363130070527493,3.7460326002739843,3.487551698874355,3.4961289926072863,3.7030325564852706,Method4
69,100,50,0.7,3,wide,5,4,4,4,4,4,20,0.799,0.806,3.766346278548288,4.292284256141333,3.7457641292059463,4.226312901334762,3.7774931662259172,17,2.207555092460061,3.5363130070527493,3.7460326002739843,3.487551698874355,3.4961289926072863,3.7030325564852706,Method4
69,100,50,0.7,3,wide,5,4,4,4,4,4,20,0.799,0.806,3.7890987544044763,4.23741106310926,3.747482803060405,4.2127662191335995,3.8140882337631066,18,1.9868101808857639,3.5363130070527493,3.7460326002739843,3.487551698874355,3.4961289926072863,3.7030325564852706,Method4
69,100,50,0.7,3,wide,5,4,4,4,4,4,20,0.799,0.806,3.78935739598369,4.205209482462498,3.7806402524742952,4.229311302918318,3.8338189259382274,19,1.9545890555508802,3.5363130070527493,3.7460326002739843,3.487551698874355,3.4961289926072863,3.7030325564852706,Method4
69,100,50,0.7,3,wide,5,4,4,4,4,4,20,0.799,0.806,3.744236212773653,4.170433481872775,3.7668550431497136,4.234009198965964,3.8406255334142636,20,1.8712486616301638,3.5363130070527493,3.7460326002739843,3.487551698874355,3.4961289926072863,3.7030325564852706,Method4
69,100,50,0.7,3,wide,5,4,4,4,4,4,20,0.799,0.806,3.7493362521743494,4.175346764251434,3.7837132983562016,4.242344863744136,3.785074049410226,21,1.863868681581334,3.5363130070527493,3.7460326002739843,3.487551698874355,3.4961289926072863,3.7030325564852706,Method4
69,100,50,0.7,3,wide,5,4,4,4,4,4,20,0.799,0.806,3.7389028657357524,4.19718893356599,3.6902396377360223,4.254569268016617,3.812467897442706,22,1.8519665922748505,3.5363130070527493,3.7460326002739843,3.487551698874355,3.4961289926072863,3.7030325564852706,Method4
69,100,50,0.7,3,wide,5,4,4,4,4,4,20,0.799,0.806,3.817198147892433,4.186122839967938,3.4316742461499277,4.182647402503522,3.93333920190885,23,1.6249924544618441,3.5363130070527493,3.7460326002739843,3.487551698874355,3.4961289926072863,3.7030325564852706,Method4
69,100,50,0.7,3,wide,5,4,4,4,4,4,20,0.799,0.806,3.8127965705605544,4.159688726931545,3.413443660943676,4.207114766533194,3.9618390327673194,24,1.5998485610454853,3.5363130070527493,3.7460326002739843,3.487551698874355,3.4961289926072863,3.7030325564852706,Method4
69,100,50,0.7,3,wide,5,4,4,4,4,4,20,0.799,0.806,3.842367318475265,4.198174680552037,3.3940443681704924,4.173813070660263,3.8042980804960678,25,1.5202854089698103,3.5363130070527493,3.7460326002739843,3.487551698874355,3.4961289926072863,3.7030325564852706,Method4
69,100,50,0.7,3,wide,5,4,4,4,4,4,20,0.799,0.806,3.9048420298207245,4.13472124184714,3.4614995863428057,3.8465982204881297,3.952085336051125,26,1.3977720400487164,3.5363130070527493,3.7460326002739843,3.487551698874355,3.4961289926072863,3.7030325564852706,Method4
69,100,50,0.7,3,wide,5,4,4,4,4,4,20,0.799,0.806,3.900124492140389,4.135280174228064,3.4572821278059047,3.8100883120462723,3.9457907314234335,27,1.3952320554028583,3.5363130070527493,3.7460326002739843,3.487551698874355,3.4961289926072863,3.7030325564852706,Method4
69,100,50,0.7,3,wide,5,4,4,4,4,4,20,0.799,0.806,3.8733124441932048,4.125208468828767,3.441291234353877,3.8035966387176865,3.9535772833469545,28,1.2524362475632143,3.5363130070527493,3.7460326002739843,3.487551698874355,3.4961289926072863,3.7030325564852706,Method4
69,100,50,0.7,3,wide,5,4,4,4,4,4,20,0.799,0.806,3.8530457435357897,4.257544860039827,3.4821477100782032,3.683584474519013,3.9238363507849803,29,1.146459516366375,3.5363130070527493,3.7460326002739843,3.487551698874355,3.4961289926072863,3.7030325564852706,Method4
69,100,50,0.7,3,wide,5,4,4,4,4,4,20,0.799,0.806,3.825950389589005,4.250375552462197,3.494079324481472,3.6764709841451393,3.944233876808733,30,1.1408222138780768,3.5363130070527493,3.7460326002739843,3.487551698874355,3.4961289926072863,3.7030325564852706,Method4
69,100,50,0.7,3,wide,5,4,4,4,4,4,20,0.799,0.806,3.848158695545549,4.267914110287107,3.5065454501727102,3.4850733287083684,3.9564999282411457,31,1.0496595738209833,3.5363130070527493,3.7460326002739843,3.487551698874355,3.4961289926072863,3.7030325564852706,Method4
69,100,50,0.7,3,wide,5,4,4,4,4,4,20,0.799,0.806,3.8654057073561274,4.282992590264335,3.5082065890578646,3.4790157128244252,3.943868278713203,32,1.0441477400188306,3.5363130070527493,3.7460326002739843,3.487551698874355,3.4961289926072863,3.7030325564852706,Method4
69,100,50,0.7,3,wide,5,4,4,4,4,4,20,0.799,0.806,3.90813188437561,4.312251130528949,3.483121732427638,3.4314469536903727,3.969058884532761,33,1.0349975056066256,3.5363130070527493,3.7460326002739843,3.487551698874355,3.4961289926072863,3.7030325564852706,Method4
69,100,50,0.7,3,wide,5,4,4,4,4,4,20,0.799,0.806,3.8991020593802723,4.301128882930365,3.4793800779647,3.459391084273969,3.9549322708243704,34,1.0150819991803433,3.5363130070527493,3.7460326002739843,3.487551698874355,3.4961289926072863,3.7030325564852706,Method4
69,100,50,0.7,3,wide,5,4,4,4,4,4,20,0.799,0.806,3.9054726877563137,4.32780320345211,3.4304519863118883,3.440992896107075,3.919140914614657,35,0.9937212452175297,3.5363130070527493,3.7460326002739843,3.487551698874355,3.4961289926072863,3.7030325564852706,Method4
69,100,50,0.7,3,wide,5,4,4,4,4,4,20,0.799,0.806,3.7135083444128485,4.246031176044693,3.375019905061195,3.4311919290293735,3.9636419669767364,36,0.9063113126466752,3.5363130070527493,3.7460326002739843,3.487551698874355,3.4961289926072863,3.7030325564852706,Method4
69,100,50,0.7,3,wide,5,4,4,4,4,4,20,0.799,0.806,3.7760406572676875,4.289387310173713,3.311620614249352,3.4540800349780207,3.9494607708531113,37,0.8285114208348058,3.5363130070527493,3.7460326002739843,3.487551698874355,3.4961289926072863,3.7030325564852706,Method4
69,100,50,0.7,3,wide,5,4,4,4,4,4,20,0.799,0.806,3.7826612644562467,4.317133435746958,3.309404081658678,3.511506515313823,3.966326568392438,38,0.8199092873199062,3.5363130070527493,3.7460326002739843,3.487551698874355,3.4961289926072863,3.7030325564852706,Method4
69,100,50,0.7,3,wide,5,4,4,4,4,4,20,0.799,0.806,3.7818575384031288,4.317321668068079,3.309401519030871,3.511297712311547,3.965726295161056,39,0.8199067426371719,3.5363130070527493,3.7460326002739843,3.487551698874355,3.4961289926072863,3.7030325564852706,Method4
69,100,50,0.7,3,wide,5,4,4,4,4,4,20,0.799,0.806,3.7872844387152247,4.326667294922698,3.3188405181095675,3.5126056528785283,3.9647355047679227,40,0.8190964054936782,3.5363130070527493,3.7460326002739843,3.487551698874355,3.4961289926072863,3.7030325564852706,Method4
69,100,50,0.7,3,wide,5,4,4,4,4,4,20,0.799,0.806,3.7790741098464866,4.292911574562523,3.3201477190407904,3.53209580390199,3.888653666841041,41,0.8097451727906543,3.5363130070527493,3.7460326002739843,3.487551698874355,3.4961289926072863,3.7030325564852706,Method4
69,100,50,0.7,3,wide,5,4,4,4,4,4,20,0.799,0.806,4.116635765145677,5.222876504848445,5.0078233473883,3.969406522407192,4.766932058375126,5,20.818922712229853,3.722282398634656,3.9403163304268674,3.9164712578140173,3.51090184129416,3.9398206391228117,Method4
69,100,50,0.7,3,wide,5,4,4,4,4,4,20,0.799,0.806,4.116635765145677,5.222876504848445,5.0078233473883,3.969406522407192,4.766932058375126,6,20.818922712229853,3.722282398634656,3.9403163304268674,3.9164712578140173,3.51090184129416,3.9398206391228117,Method4
69,100,50,0.7,3,wide,5,4,4,4,4,4,20,0.799,0.806,4.091512658436213,5.235877213629443,5.015756251267657,3.848400977686466,4.7969221956529635,7,20.802786430617942,3.722282398634656,3.9403163304268674,3.9164712578140173,3.51090184129416,3.9398206391228117,Method4
69,100,50,0.7,3,wide,5,4,4,4,4,4,20,0.799,0.806,4.268643302963594,4.990777303980758,4.868685358506895,2.9520992244296083,4.609664043230194,8,7.08521104214893,3.722282398634656,3.9403163304268674,3.9164712578140173,3.51090184129416,3.9398206391228117,Method4
69,100,50,0.7,3,wide,5,4,4,4,4,4,20,0.799,0.806,3.7255610929424505,4.947856611569356,4.79046281575161,2.8740524705843806,4.652369728535255,9,6.905825141759624,3.722282398634656,3.9403163304268674,3.9164712578140173,3.51090184129416,3.9398206391228117,Method4
69,100,50,0.7,3,wide,5,4,4,4,4,4,20,0.799,0.806,3.7461813689213788,4.940805615544233,4.24752808437559,2.9112206621565884,4.603498268255994,10,6.698940357176528,3.722282398634656,3.9403163304268674,3.9164712578140173,3.51090184129416,3.9398206391228117,Method4
69,100,50,0.7,3,wide,5,4,4,4,4,4,20,0.799,0.806,3.7412200992029323,4.922558696002709,4.081349183753112,2.9315373989986706,4.60773885874456,11,6.673084330607096,3.722282398634656,3.9403163304268674,3.9164712578140173,3.51090184129416,3.9398206391228117,Method4
69,100,50,0.7,3,wide,5,4,4,4,4,4,20,0.799,0.806,3.8872287885679047,4.735003372509566,4.155151624317007,3.172828984554818,4.399577904367544,12,4.252813011594185,3.722282398634656,3.9403163304268674,3.9164712578140173,3.51090184129416,3.9398206391228117,Method4
69,100,50,0.7,3,wide,5,4,4,4,4,4,20,0.799,0.806,3.909061772613806,4.729693920391355,4.200047356698115,3.2487062750791806,3.77221193788296,13,3.9531716945385287,3.722282398634656,3.9403163304268674,3.9164712578140173,3.51090184129416,3.9398206391228117,Method4
69,100,50,0.7,3,wide,5,4,4,4,4,4,20,0.799,0.806,3.8539066416264514,4.67478497640926,4.201756545388192,3.379560388121551,3.8987134052998464,14,3.429398243122366,3.722282398634656,3.9403163304268674,3.9164712578140173,3.51090184129416,3.9398206391228117,Method4
69,100,50,0.7,3,wide,5,4,4,4,4,4,20,0.799,0.806,3.643729856447241,4.617691524467384,4.182149541853283,3.4352704815692316,3.932205882441233,15,3.3072693387772545,3.722282398634656,3.9403163304268674,3.9164712578140173,3.51090184129416,3.9398206391228117,Method4
69,100,50,0.7,3,wide,5,4,4,4,4,4,20,0.799,0.806,3.7924015649351395,4.4403566732625315,3.96311208951489,3.705592574215979,3.9583996884547807,16,2.5416829462846597,3.722282398634656,3.9403163304268674,3.9164712578140173,3.51090184129416,3.9398206391228117,Method4
69,100,50,0.7,3,wide,5,4,4,4,4,4,20,0.799,0.806,3.7835888806223585,4.200233788711947,4.010945842493307,3.720981901262778,3.963287282123655,17,2.4972636528792,3.722282398634656,3.9403163304268674,3.9164712578140173,3.51090184129416,3.9398206391228117,Method4
69,100,50,0.7,3,wide,5,4,4,4,4,4,20,0.799,0.806,3.756606607733052,4.1264296757436,3.9320137788831984,3.7017210680833483,3.9861134227786845,18,2.0991575462677754,3.722282398634656,3.9403163304268674,3.9164712578140173,3.51090184129416,3.9398206391228117,Method4
69,100,50,0.7,3,wide,5,4,4,4,4,4,20,0.799,0.806,3.594269908175368,4.136314218590445,3.8937759918048758,3.716407000788258,3.9402464790383216,19,1.960059649722312,3.722282398634656,3.9403163304268674,3.9164712578140173,3.51090184129416,3.9398206391228117,Method4
69,100,50,0.7,3,wide,5,4,4,4,4,4,20,0.799,0.806,3.566820804687632,4.152734619659209,3.8882469446406196,3.6930508438137033,3.864461813961871,20,1.9449009748441002,3.722282398634656,3.9403163304268674,3.9164712578140173,3.51090184129416,3.9398206391228117,Method4
69,100,50,0.7,3,wide,5,4,4,4,4,4,20,0.799,0.806,3.483982036925999,4.2419449980474,3.922615652926769,3.632365568132872,3.9277807534282165,21,1.6603623408366717,3.722282398634656,3.9403163304268674,3.9164712578140173,3.51090184129416,3.9398206391228117,Method4
69,100,50,0.7,3,wide,5,4,4,4,4,4,20,0.799,0.806,3.471778493608754,4.247365137611209,3.8925412893062568,3.6393772949579324,3.8987779077609113,22,1.6527218632046627,3.722282398634656,3.9403163304268674,3.9164712578140173,3.51090184129416,3.9398206391228117,Method4
69,100,50,0.7,3,wide,5,4,4,4,4,4,20,0.799,0.806,3.4711411832203263,4.281950807685453,3.9143091406245274,3.6276797832039085,3.9151308499247097,23,1.6421840999480461,3.722282398634656,3.9403163304268674,3.9164712578140173,3.51090184129416,3.9398206391228117,Method4
69,100,50,0.7,3,wide,5,4,4,4,4,4,20,0.799,0.806,3.4231149693057787,4.256745610842078,3.9644670300456823,3.6226167894495043,3.952482906314166,24,1.5156978175111397,3.722282398634656,3.9403163304268674,3.9164712578140173,3.51090184129416,3.9398206391228117,Method4
69,100,50,0.7,3,wide,5,4,4,4,4,4,20,0.799,0.806,3.3467478127542303,4.200933403626631,3.91311648193526,3.5859105709459542,3.902051399333993,25,1.4473591605767924,3.722282398634656,3.9403163304268674,3.9164712578140173,3.51090184129416,3.9398206391228117,Method4
69,100,50,0.7,3,wide,5,4,4,4,4,4,20,0.799,0.806,3.3894090635189635,4.213947984790744,3.91122259185425,3.588185958401068,3.8676905401216484,26,1.4392335516521368,3.722282398634656,3.9403163304268674,3.9164712578140173,3.51090184129416,3.9398206391228117,Method4
69,100,50,0.7,3,wide,5,4,4,4,4,4,20,0.799,0.806,3.4473832609750374,4.181883129451185,3.917919440976309,3.5982689627275164,3.8721590708505,27,1.4313244611493114,3.722282398634656,3.9403163304268674,3.9164712578140173,3.51090184129416,3.9398206391228117,Method4
69,100,50,0.7,3,wide,5,4,4,4,4,4,20,0.799,0.806,3.473490562994196,4.140421675050563,3.8656380880605052,3.623224602108306,3.8838796627684133,28,1.3768267244324703,3.722282398634656,3.9403163304268674,3.9164712578140173,3.51090184129416,3.9398206391228117,Method4
69,100,50,0.7,3,wide,5,4,4,4,4,4,20,0.799,0.806,3.486797573403039,4.168110581655335,3.969069259081742,3.5892273668379633,3.9171774764536633,29,1.3190308131211126,3.722282398634656,3.9403163304268674,3.9164712578140173,3.51090184129416,3.9398206391228117,Method4
69,100,50,0.7,3,wide,5,4,4,4,4,4,20,0.799,0.806,3.541060837586134,4.155764021250499,4.012812521090839,3.6038300718501572,3.9197431969542396,30,1.3069198754477453,3.722282398634656,3.9403163304268674,3.9164712578140173,3.51090184129416,3.9398206391228117,Method4
69,100,50,0.7,3,wide,5,4,4,4,4,4,20,0.799,0.806,3.4797932262501994,4.107726136425862,4.110410450806577,3.586136735767893,3.825183997467249,31,1.2478285412849583,3.722282398634656,3.9403163304268674,3.9164712578140173,3.51090184129416,3.9398206391228117,Method4
69,100,50,0.7,3,wide,5,4,4,4,4,4,20,0.799,0.806,3.491617063322552,4.0943961936569915,4.104250918090958,3.59276167877029,3.809179701552569,32,1.247187320000299,3.722282398634656,3.9403163304268674,3.9164712578140173,3.51090184129416,3.9398206391228117,Method4
69,100,50,0.7,3,wide,5,4,4,4,4,4,20,0.799,0.806,3.495277785500588,4.066295877599363,4.0948097652378594,3.6465671494340763,3.8720865741548853,33,1.2227035774516957,3.722282398634656,3.9403163304268674,3.9164712578140173,3.51090184129416,3.9398206391228117,Method4
69,100,50,0.7,3,wide,5,4,4,4,4,4,20,0.799,0.806,3.494631113972217,4.04468715825837,4.101581655121542,3.708366878052804,3.901914499023696,34,1.2189662269892623,3.722282398634656,3.9403163304268674,3.9164712578140173,3.51090184129416,3.9398206391228117,Method4
69,100,50,0.7,3,wide,5,4,4,4,4,4,20,0.799,0.806,3.4886384393293537,4.071829336341678,4.22853020818492,3.6619370286145294,3.988384989031099,35,1.128739326261251,3.722282398634656,3.9403163304268674,3.9164712578140173,3.51090184129416,3.9398206391228117,Method4
69,100,50,0.7,3,wide,5,4,4,4,4,4,20,0.799,0.806,3.496109998094157,3.9864067218096046,4.123589305547316,3.474239480269566,4.064904775316834,36,1.0284295630640259,3.722282398634656,3.9403163304268674,3.9164712578140173,3.51090184129416,3.9398206391228117,Method4
69,100,50,0.7,3,wide,5,4,4,4,4,4,20,0.799,0.806,3.4894345436823766,3.9890368823625875,4.119245416861349,3.487148341967442,4.0750863748007635,37,1.0270487595862452,3.722282398634656,3.9403163304268674,3.9164712578140173,3.51090184129416,3.9398206391228117,Method4
69,100,50,0.7,3,wide,5,4,4,4,4,4,20,0.799,0.806,3.517333991741921,3.9722327248491474,4.10023027134935,3.5250072799703145,4.072672240662115,38,1.0222999965969994,3.722282398634656,3.9403163304268674,3.9164712578140173,3.51090184129416,3.9398206391228117,Method4
69,100,50,0.7,3,wide,5,4,4,4,4,4,20,0.799,0.806,3.5283608737076304,3.9659320743639053,4.081772729759021,3.512829432036442,4.0782673667010805,39,1.021214989741755,3.722282398634656,3.9403163304268674,3.9164712578140173,3.51090184129416,3.9398206391228117,Method4
69,100,50,0.7,3,wide,5,4,4,4,4,4,20,0.799,0.806,3.4963621097084125,4.212126147570115,4.2265682685450985,3.479320147483525,4.102035589167803,40,0.9434014100628022,3.722282398634656,3.9403163304268674,3.9164712578140173,3.51090184129416,3.9398206391228117,Method4
69,100,50,0.7,3,wide,5,4,4,4,4,4,20,0.799,0.806,3.556292457526427,4.161317375466469,4.267639188453476,3.523223817026478,4.145425497687011,41,0.9067661317777947,3.722282398634656,3.9403163304268674,3.9164712578140173,3.51090184129416,3.9398206391228117,Method4
69,100,50,0.7,3,wide,5,4,4,4,4,4,20,0.799,0.806,4.622170836099653,3.955180453708366,4.707473702138649,4.063332685847656,5.0358398048768604,5,12.757057311064498,3.481635099107142,3.742517807472486,3.9461663725271228,3.5479442875547327,3.8746462610900436,Method4
69,100,50,0.7,3,wide,5,4,4,4,4,4,20,0.799,0.806,4.622170836099653,3.955180453708366,4.707473702138649,4.063332685847656,5.0358398048768604,6,12.757057311064498,3.481635099107142,3.742517807472486,3.9461663725271228,3.5479442875547327,3.8746462610900436,Method4
69,100,50,0.7,3,wide,5,4,4,4,4,4,20,0.799,0.806,4.588593874962319,4.019942709620784,4.465735765137313,4.1785355732138205,4.533412169204583,7,4.55115521225375,3.481635099107142,3.742517807472486,3.9461663725271228,3.5479442875547327,3.8746462610900436,Method4
69,100,50,0.7,3,wide,5,4,4,4,4,4,20,0.799,0.806,4.5406559472857975,4.2166011459666315,4.482218231101504,4.243538993643938,3.9085039334786775,8,4.200175241517889,3.481635099107142,3.742517807472486,3.9461663725271228,3.5479442875547327,3.8746462610900436,Method4
69,100,50,0.7,3,wide,5,4,4,4,4,4,20,0.799,0.806,4.476545857423565,4.142086152641984,4.086897833846168,4.249370376847486,3.884267894522784,9,4.024633589029855,3.481635099107142,3.742517807472486,3.9461663725271228,3.5479442875547327,3.8746462610900436,Method4
69,100,50,0.7,3,wide,5,4,4,4,4,4,20,0.799,0.806,4.477000484549413,3.920781346715058,4.047233694877905,4.274902726208901,3.931802886901445,10,3.983438522094449,3.481635099107142,3.742517807472486,3.9461663725271228,3.5479442875547327,3.8746462610900436,Method4
69,100,50,0.7,3,wide,5,4,4,4,4,4,20,0.799,0.806,4.530392784358379,4.004575643931271,4.2404212348542805,4.248027456661036,3.7732749993071177,11,2.8520082417427353,3.481635099107142,3.742517807472486,3.9461663725271228,3.5479442875547327,3.8746462610900436,Method4
69,100,50,0.7,3,wide,5,4,4,4,4,4,20,0.799,0.806,4.609521497771447,3.8358985975798454,4.212701384208838,4.2796488156657295,3.77679120456517,12,2.095600573443253,3.481635099107142,3.742517807472486,3.9461663725271228,3.5479442875547327,3.8746462610900436,Method4
69,100,50,0.7,3,wide,5,4,4,4,4,4,20,0.799,0.806,4.607253957626285,3.6108871132874794,4.181147219802309,4.210355804200394,3.699077244898273,13,1.994259140337388,3.481635099107142,3.742517807472486,3.9461663725271228,3.5479442875547327,3.8746462610900436,Method4
69,100,50,0.7,3,wide,5,4,4,4,4,4,20,0.799,0.806,4.606231396339341,3.6578248217361806,4.173927932003845,4.157431694988375,3.7402645716204748,14,1.9063844930208096,3.481635099107142,3.742517807472486,3.9461663725271228,3.5479442875547327,3.8746462610900436,Method4
69,100,50,0.7,3,wide,5,4,4,4,4,4,20,0.799,0.806,4.138123140611267,3.706683383265002,4.0908596905064565,4.1804263248916325,3.7958618382569425,15,1.79021737324357,3.481635099107142,3.742517807472486,3.9461663725271228,3.5479442875547327,3.8746462610900436,Method4
69,100,50,0.7,3,wide,5,4,4,4,4,4,20,0.799,0.806,4.173515785086979,3.7024766827680042,4.108836466621866,4.1982728347440075,3.8248586490538887,16,1.7575153019997718,3.481635099107142,3.742517807472486,3.9461663725271228,3.5479442875547327,3.8746462610900436,Method4
69,100,50,0.7,3,wide,5,4,4,4,4,4,20,0.799,0.806,3.9803379514557986,3.645891829635605,4.150893507433882,4.161019659376621,3.972431365102582,17,1.6390452088609513,3.481635099107142,3.742517807472486,3.9461663725271228,3.5479442875547327,3.8746462610900436,Method4
69,100,50,0.7,3,wide,5,4,4,4,4,4,20,0.799,0.806,4.005991114659969,3.6291928399816014,4.1023244381984885,4.123757394878639,3.970439509341644,18,1.5485234284520386,3.481635099107142,3.742517807472486,3.9461663725271228,3.5479442875547327,3.8746462610900436,Method4
69,100,50,0.7,3,wide,5,4,4,4,4,4,20,0.799,0.806,3.974127376858336,3.6257766716311117,4.0823738104684315,4.121861848557617,4.001937119953002,19,1.5331747722665594,3.481635099107142,3.742517807472486,3.9461663725271228,3.5479442875547327,3.8746462610900436,Method4
69,100,50,0.7,3,wide,5,4,4,4,4,4,20,0.799,0.806,3.9158694343757112,3.67927038962773,4.07816271426235,3.7900418857199414,4.003019417059281,20,1.4034862697574932,3.481635099107142,3.742517807472486,3.9461663725271228,3.5479442875547327,3.8746462610900436,Method4
69,100,50,0.7,3,wide,5,4,4,4,4,4,20,0.799,0.806,3.9056598141272825,3.677351996336406,4.103919942462715,3.8374782035568558,4.006587736036558,21,1.3369461010964918,3.481635099107142,3.742517807472486,3.9461663725271228,3.5479442875547327,3.8746462610900436,Method4
69,100,50,0.7,3,wide,5,4,4,4,4,4,20,0.799,0.806,3.742775969771096,3.7024433652527744,4.084784718769614,3.854961413007077,4.074416545349349,22,1.302858913960949,3.481635099107142,3.742517807472486,3.9461663725271228,3.5479442875547327,3.8746462610900436,Method4
69,100,50,0.7,3,wide,5,4,4,4,4,4,20,0.799,0.806,3.714336604781432,3.7583614065111717,4.090482126838965,3.6904056989127474,4.08026813421813,23,1.262711746444769,3.481635099107142,3.742517807472486,3.9461663725271228,3.5479442875547327,3.8746462610900436,Method4
69,100,50,0.7,3,wide,5,4,4,4,4,4,20,0.799,0.806,3.694847274097588,3.767725954175924,4.078057433644757,3.737229930505954,4.091979815967841,24,1.2578047947837094,3.481635099107142,3.742517807472486,3.9461663725271228,3.5479442875547327,3.8746462610900436,Method4
69,100,50,0.7,3,wide,5,4,4,4,4,4,20,0.799,0.806,3.693886389403415,3.74530168505393,4.075617453561951,3.7616718235669517,4.18389212439264,25,1.2459731561076137,3.481635099107142,3.742517807472486,3.9461663725271228,3.5479442875547327,3.8746462610900436,Method4
69,100,50,0.7,3,wide,5,4,4,4,4,4,20,0.799,0.806,3.663219900000542,3.7563634788163163,4.116352974632222,3.6934875098413813,4.138942129809228,26,1.1067678631673765,3.481635099107142,3.742517807472486,3.9461663725271228,3.5479442875547327,3.8746462610900436,Method4
69,100,50,0.7,3,wide,5,4,4,4,4,4,20,0.799,0.806,3.6380652558310316,3.7723334523461927,3.921094444482306,3.710363120948095,4.0564929410018,27,1.0788879039637054,3.481635099107142,3.742517807472486,3.9461663725271228,3.5479442875547327,3.8746462610900436,Method4
69,100,50,0.7,3,wide,5,4,4,4,4,4,20,0.799,0.806,3.6690168606635543,3.802071926077651,3.9230935503798268,3.6745683917779823,4.062572005411374,28,1.054046879101621,3.481635099107142,3.742517807472486,3.9461663725271228,3.5479442875547327,3.8746462610900436,Method4
69,100,50,0.7,3,wide,5,4,4,4,4,4,20,0.799,0.806,3.634261878285684,3.8095026783759027,3.9068427734714617,3.6989784660257117,4.025586283410036,29,1.0427470508549161,3.481635099107142,3.742517807472486,3.9461663725271228,3.5479442875547327,3.8746462610900436,Method4
69,100,50,0.7,3,wide,5,4,4,4,4,4,20,0.799,0.806,3.6588291623238045,3.8035926522653,3.9120784891334943,3.6608471302735492,4.032460612409387,30,1.0398274941556838,3.481635099107142,3.742517807472486,3.9461663725271228,3.5479442875547327,3.8746462610900436,Method4
69,100,50,0.7,3,wide,5,4,4,4,4,4,20,0.799,0.806,3.669129506696902,3.7908443096434716,3.92868101629883,3.6526076087087422,4.018612731526233,31,1.0292193391314008,3.481635099107142,3.742517807472486,3.9461663725271228,3.5479442875547327,3.8746462610900436,Method4
69,100,50,0.7,3,wide,5,4,4,4,4,4,20,0.799,0.806,3.669245044087705,3.8524942290094746,3.9446594268952513,3.5515858400528093,3.9726433095185265,32,1.0135820823359998,3.481635099107142,3.742517807472486,3.9461663725271228,3.5479442875547327,3.8746462610900436,Method4
69,100,50,0.7,3,wide,5,4,4,4,4,4,20,0.799,0.806,3.50194275306723,3.8541482353532297,3.7832314975931802,3.5212351163747715,3.833842288237792,33,0.8546464977855346,3.481635099107142,3.742517807472486,3.9461663725271228,3.5479442875547327,3.8746462610900436,Method4
69,100,50,0.7,3,wide,5,4,4,4,4,4,20,0.799,0.806,3.620220981876438,3.8405678745355676,3.9310836887252685,3.559974324218075,3.709777465500396,34,0.6155800804988689,3.481635099107142,3.742517807472486,3.9461663725271228,3.5479442875547327,3.8746462610900436,Method4
69,100,50,0.7,3,wide,5,4,4,4,4,4,20,0.799,0.806,3.6133933280369375,3.81747060075713,3.9116434481591176,3.5669774752077172,3.6820091165794895,35,0.6117242654711121,3.481635099107142,3.742517807472486,3.9461663725271228,3.5479442875547327,3.8746462610900436,Method4
69,100,50,0.7,3,wide,5,4,4,4,4,4,20,0.799,0.806,3.6237156452084287,3.840172143039021,3.9246994530517214,3.5444514921196895,3.6354150449893847,36,0.6033644278494268,3.481635099107142,3.742517807472486,3.9461663725271228,3.5479442875547327,3.8746462610900436,Method4
69,100,50,0.7,3,wide,5,4,4,4,4,4,20,0.799,0.806,3.623003123272575,3.8337018000090857,3.9239603034943427,3.5439652507082586,3.638039666164016,37,0.6031091976772434,3.481635099107142,3.742517807472486,3.9461663725271228,3.5479442875547327,3.8746462610900436,Method4
69,100,50,0.7,3,wide,5,4,4,4,4,4,20,0.799,0.806,3.6434078980045435,3.8421408282243337,3.9321530155456297,3.5382775618702125,3.63517385881126,38,0.6023371185930846,3.481635099107142,3.742517807472486,3.9461663725271228,3.5479442875547327,3.8746462610900436,Method4
69,100,50,0.7,3,wide,5,4,4,4,4,4,20,0.799,0.806,3.6429294578312144,3.8441649986792776,3.928130573803146,3.540668569086031,3.6262147703853485,39,0.6021671249104847,3.481635099107142,3.742517807472486,3.9461663725271228,3.5479442875547327,3.8746462610900436,Method4
69,100,50,0.7,3,wide,5,4,4,4,4,4,20,0.799,0.806,3.6390993243667857,3.7695210718137386,3.8526257901095233,3.700334475717194,3.6409830808328305,40,0.5671233636175289,3.481635099107142,3.742517807472486,3.9461663725271228,3.5479442875547327,3.8746462610900436,Method4
69,100,50,0.7,3,wide,5,4,4,4,4,4,20,0.799,0.806,3.6304862855504014,3.7259842889602557,3.8063646672313523,3.7004534814873353,3.6696226564805188,41,0.5512916322061535,3.481635099107142,3.742517807472486,3.9461663725271228,3.5479442875547327,3.8746462610900436,Method4
69,100,50,0.7,3,wide,5,4,4,4,4,4,20,0.799,0.806,4.154208061194673,4.21344328695616,5.043632085612083,4.753935789378902,4.87306858005364,5,25.88123672880553,3.6922784628124514,3.63152357066984,3.6252747676481802,3.696189982108994,3.5837549298125757,Method4
69,100,50,0.7,3,wide,5,4,4,4,4,4,20,0.799,0.806,4.154208061194673,4.21344328695616,5.043632085612083,4.753935789378902,4.87306858005364,6,25.88123672880553,3.6922784628124514,3.63152357066984,3.6252747676481802,3.696189982108994,3.5837549298125757,Method4
69,100,50,0.7,3,wide,5,4,4,4,4,4,20,0.799,0.806,3.9350880100463055,4.794300804865835,4.60437233304514,4.230508036363264,4.632870861675989,7,6.6001280023553806,3.6922784628124514,3.63152357066984,3.6252747676481802,3.696189982108994,3.5837549298125757,Method4
69,100,50,0.7,3,wide,5,4,4,4,4,4,20,0.799,0.806,3.394941295296174,4.787214959654344,4.654429854755062,4.263164107895131,4.675116015103006,8,6.31041597343238,3.6922784628124514,3.63152357066984,3.6252747676481802,3.696189982108994,3.5837549298125757,Method4
69,100,50,0.7,3,wide,5,4,4,4,4,4,20,0.799,0.806,2.9436035985655375,4.70107774244744,4.620114116430567,4.144909170690334,4.687592442135862,9,6.085397601093448,3.6922784628124514,3.63152357066984,3.6252747676481802,3.696189982108994,3.5837549298125757,Method4
69,100,50,0.7,3,wide,5,4,4,4,4,4,20,0.799,0.806,3.4194982751610237,4.3921028291109545,4.304815978734437,4.205635669974056,4.656006044268343,10,4.463737754875322,3.6922784628124514,3.63152357066984,3.6252747676481802,3.696189982108994,3.5837549298125757,Method4
69,100,50,0.7,3,wide,5,4,4,4,4,4,20,0.799,0.806,3.2504885547755524,4.441549035888321,4.409343138950545,4.203979293526477,4.523039131146095,11,3.6772907686075906,3.6922784628124514,3.63152357066984,3.6252747676481802,3.696189982108994,3.5837549298125757,Method4
69,100,50,0.7,3,wide,5,4,4,4,4,4,20,0.799,0.806,3.153011550659681,4.4134159801690345,4.387474328376362,4.211262139259854,4.551762378959973,12,3.6279703814964903,3.6922784628124514,3.63152357066984,3.6252747676481802,3.696189982108994,3.5837549298125757,Method4
69,100,50,0.7,3,wide,5,4,4,4,4,4,20,0.799,0.806,3.0445435989346175,4.35752075778984,4.440657213932517,4.202418872361599,4.5785015194613035,13,3.3657884907175504,3.6922784628124514,3.63152357066984,3.6252747676481802,3.696189982108994,3.5837549298125757,Method4
69,100,50,0.7,3,wide,5,4,4,4,4,4,20,0.799,0.806,3.1350811986543126,4.299765794719371,4.321071076051941,4.1772904576792325,3.8351196316054703,14,2.8887050410595423,3.6922784628124514,3.63152357066984,3.6252747676481802,3.696189982108994,3.5837549298125757,Method4
69,100,50,0.7,3,wide,5,4,4,4,4,4,20,0.799,0.806,3.1009013585054617,4.261945522129482,4.325992938876861,4.187455076899303,3.940170156793856,15,2.700912679699861,3.6922784628124514,3.63152357066984,3.6252747676481802,3.696189982108994,3.5837549298125757,Method4
69,100,50,0.7,3,wide,5,4,4,4,4,4,20,0.799,0.806,3.160570661514308,4.300105405994069,4.268586388543676,4.233037392407921,3.818425813054147,16,2.148692801520858,3.6922784628124514,3.63152357066984,3.6252747676481802,3.696189982108994,3.5837549298125757,Method4
69,100,50,0.7,3,wide,5,4,4,4,4,4,20,0.799,0.806,3.235087629081826,4.320234282790245,4.260349407818717,4.248990713927196,3.6550685490057653,17,2.0655400737076643,3.6922784628124514,3.63152357066984,3.6252747676481802,3.696189982108994,3.5837549298125757,Method4
69,100,50,0.7,3,wide,5,4,4,4,4,4,20,0.799,0.806,3.233853401301307,4.349450862379874,4.257197973936277,4.247356798195673,3.6965327962389525,18,2.0230404992313655,3.6922784628124514,3.63152357066984,3.6252747676481802,3.696189982108994,3.5837549298125757,Method4
69,100,50,0.7,3,wide,5,4,4,4,4,4,20,0.799,0.806,3.259366075874507,4.326661000512719,4.27800509970083,3.9180458787894126,3.618600663822563,19,1.9355092121368278,3.6922784628124514,3.63152357066984,3.6252747676481802,3.696189982108994,3.5837549298125757,Method4
69,100,50,0.7,3,wide,5,4,4,4,4,4,20,0.799,0.806,3.2201417809057404,3.9276269540876974,4.327435386828942,3.880761167984732,3.6166355619461585,20,1.851480145937195,3.6922784628124514,3.63152357066984,3.6252747676481802,3.696189982108994,3.5837549298125757,Method4
69,100,50,0.7,3,wide,5,4,4,4,4,4,20,0.799,0.806,3.1552267308512003,3.9997454752597648,4.31175321986255,3.888451914256914,3.4650690088174194,21,1.805628948566048,3.6922784628124514,3.63152357066984,3.6252747676481802,3.696189982108994,3.5837549298125757,Method4
69,100,50,0.7,3,wide,5,4,4,4,4,4,20,0.799,0.806,3.1525240909360757,4.00454387069917,4.34269536655643,3.8934348509549097,3.4645066060487775,22,1.804885702148832,3.6922784628124514,3.63152357066984,3.6252747676481802,3.696189982108994,3.5837549298125757,Method4
69,100,50,0.7,3,wide,5,4,4,4,4,4,20,0.799,0.806,3.184144839703163,3.9985804026745018,4.364071068617538,3.9113642165353,3.528031517505215,23,1.7948289479469246,3.6922784628124514,3.63152357066984,3.6252747676481802,3.696189982108994,3.5837549298125757,Method4
69,100,50,0.7,3,wide,5,4,4,4,4,4,20,0.799,0.806,3.0954598652940493,4.011622933890231,4.368351498741924,3.780758907533773,3.542565118260553,24,1.6930589914561693,3.6922784628124514,3.63152357066984,3.6252747676481802,3.696189982108994,3.5837549298125757,Method4
69,100,50,0.7,3,wide,5,4,4,4,4,4,20,0.799,0.806,3.155314683549302,3.994173003049449,4.36459117953178,3.817432259410218,3.600379495176428,25,1.6393266812461602,3.6922784628124514,3.63152357066984,3.6252747676481802,3.696189982108994,3.5837549298125757,Method4
69,100,50,0.7,3,wide,5,4,4,4,4,4,20,0.799,0.806,3.191934889810517,3.9303663491314498,4.465123884500378,3.81595643238311,3.63396812600538,26,1.5756265450152747,3.6922784628124514,3.63152357066984,3.6252747676481802,3.696189982108994,3.5837549298125757,Method4
69,100,50,0.7,3,wide,5,4,4,4,4,4,20,0.799,0.806,3.1321990968681144,3.8504272075312698,4.403241979441985,3.7936596871818784,3.6665083733211183,27,1.5243817222145772,3.6922784628124514,3.63152357066984,3.6252747676481802,3.696189982108994,3.5837549298125757,Method4
69,100,50,0.7,3,wide,5,4,4,4,4,4,20,0.799,0.806,3.146315243870873,3.8461444138969645,4.397343098856072,3.798070586698276,3.6624028876455275,28,1.5232113507297274,3.6922784628124514,3.63152357066984,3.6252747676481802,3.696189982108994,3.5837549298125757,Method4
69,100,50,0.7,3,wide,5,4,4,4,4,4,20,0.799,0.806,3.209616931097701,3.8302345444884995,4.278816344420507,3.611274679885161,3.7061722439413214,29,1.443879453501992,3.6922784628124514,3.63152357066984,3.6252747676481802,3.696189982108994,3.5837549298125757,Method4
69,100,50,0.7,3,wide,5,4,4,4,4,4,20,0.799,0.806,3.2945856537008527,3.7932735285485712,4.238802161479596,3.5329836368404433,3.723682983177382,30,1.2245521223714186,3.6922784628124514,3.63152357066984,3.6252747676481802,3.696189982108994,3.5837549298125757,Method4
69,100,50,0.7,3,wide,5,4,4,4,4,4,20,0.799,0.806,3.4962651417262323,3.6238147541676904,3.76007831087117,3.593955860309401,3.645856562788958,31,0.8968946381715212,3.6922784628124514,3.63152357066984,3.6252747676481802,3.696189982108994,3.5837549298125757,Method4
69,100,50,0.7,3,wide,5,4,4,4,4,4,20,0.799,0.806,3.4970332720832085,3.633318639490788,3.787895292348578,3.5848039172529287,3.669106012481353,32,0.8929590899665901,3.6922784628124514,3.63152357066984,3.6252747676481802,3.696189982108994,3.5837549298125757,Method4
69,100,50,0.7,3,wide,5,4,4,4,4,4,20,0.799,0.806,3.497006542308056,3.6296636145478898,3.7874521183998784,3.584513137560871,3.6688963716696885,33,0.8929453443694606,3.6922784628124514,3.63152357066984,3.6252747676481802,3.696189982108994,3.5837549298125757,Method4
69,100,50,0.7,3,wide,5,4,4,4,4,4,20,0.799,0.806,3.5138361762596575,3.649562237009567,3.758666554604468,3.541960575598558,3.6691085991616683,34,0.8884559455192266,3.6922784628124514,3.63152357066984,3.6252747676481802,3.696189982108994,3.5837549298125757,Method4
69,100,50,0.7,3,wide,5,4,4,4,4,4,20,0.799,0.806,3.5381993492242723,3.5712048218403836,3.9139512728094563,3.6992950290407136,3.6242357678890373,35,0.7656422466421529,3.6922784628124514,3.63152357066984,3.6252747676481802,3.696189982108994,3.5837549298125757,Method4
69,100,50,0.7,3,wide,5,4,4,4,4,4,20,0.799,0.806,3.550517651382994,3.5594019329438167,3.8957554374064833,3.7098189110862223,3.6041794509011935,36,0.7636986150213537,3.6922784628124514,3.63152357066984,3.6252747676481802,3.696189982108994,3.5837549298125757,Method4
69,100,50,0.7,3,wide,5,4,4,4,4,4,20,0.799,0.806,3.5768933206177667,3.5975119980911274,3.8612383146832454,3.6997877908362753,3.6012078337862743,37,0.7591868650214757,3.6922784628124514,3.63152357066984,3.6252747676481802,3.696189982108994,3.5837549298125757,Method4
69,100,50,0.7,3,wide,5,4,4,4,4,4,20,0.799,0.806,3.5706934456792028,3.522901699373874,3.8436319669289847,3.7122915510680805,3.5945400022249756,38,0.7387924296833506,3.6922784628124514,3.63152357066984,3.6252747676481802,3.696189982108994,3.5837549298125757,Method4
69,100,50,0.7,3,wide,5,4,4,4,4,4,20,0.799,0.806,3.569820910891643,3.5227517270588695,3.8450093362283706,3.711944069648412,3.59631973376192,39,0.7387824015957252,3.6922784628124514,3.63152357066984,3.6252747676481802,3.696189982108994,3.5837549298125757,Method4
69,100,50,0.7,3,wide,5,4,4,4,4,4,20,0.799,0.806,3.6871489526705497,3.54828623214525,3.7286175778586044,3.7304715809115243,3.6451212821467136,40,0.7159244780012602,3.6922784628124514,3.63152357066984,3.6252747676481802,3.696189982108994,3.5837549298125757,Method4
69,100,50,0.7,3,wide,5,4,4,4,4,4,20,0.799,0.806,3.6986810057498363,3.569044934851433,3.6707623252006982,3.733679607303086,3.6789714179742776,41,0.7084997106080002,3.6922784628124514,3.63152357066984,3.6252747676481802,3.696189982108994,3.5837549298125757,Method4
69,100,50,0.7,3,wide,5,4,4,4,4,4,20,0.799,0.806,4.359890479889514,3.9584487696958326,4.504455446475233,3.5587567284973516,4.725530738449891,5,18.68322032774262,3.7504190415585166,3.5175577892013923,3.7996450464039784,3.952062740741019,3.7258348069675757,Method4
69,100,50,0.7,3,wide,5,4,4,4,4,4,20,0.799,0.806,4.359890479889514,3.9584487696958326,4.504455446475233,3.5587567284973516,4.725530738449891,6,18.68322032774262,3.7504190415585166,3.5175577892013923,3.7996450464039784,3.952062740741019,3.7258348069675757,Method4
69,100,50,0.7,3,wide,5,4,4,4,4,4,20,0.799,0.806,4.407757164455375,3.889753103389734,4.350890103611137,3.8992418375434332,4.493421883002342,7,6.124004791886824,3.7504190415585166,3.5175577892013923,3.7996450464039784,3.952062740741019,3.7258348069675757,Method4
69,100,50,0.7,3,wide,5,4,4,4,4,4,20,0.799,0.806,4.726339369009695,3.8843328305264855,4.434488901806975,4.090972992598061,4.6060022286137015,8,4.018969525739742,3.7504190415585166,3.5175577892013923,3.7996450464039784,3.952062740741019,3.7258348069675757,Method4
69,100,50,0.7,3,wide,5,4,4,4,4,4,20,0.799,0.806,4.190833638087579,3.8581476156295187,4.464043546691993,4.0956111040800485,4.588709182913165,9,3.8424189618663522,3.7504190415585166,3.5175577892013923,3.7996450464039784,3.952062740741019,3.7258348069675757,Method4
69,100,50,0.7,3,wide,5,4,4,4,4,4,20,0.799,0.806,4.035906004104368,3.8608090757222615,4.511359909219825,4.080179621565194,4.5567368483447295,10,3.4749978557551007,3.7504190415585166,3.5175577892013923,3.7996450464039784,3.952062740741019,3.7258348069675757,Method4
69,100,50,0.7,3,wide,5,4,4,4,4,4,20,0.799,0.806,3.8731021246338444,3.8643731251643,4.516561793683584,4.06991470670268,4.548971690292529,11,3.3474234379324685,3.7504190415585166,3.5175577892013923,3.7996450464039784,3.952062740741019,3.7258348069675757,Method4
69,100,50,0.7,3,wide,5,4,4,4,4,4,20,0.799,0.806,3.8751200606234537,3.855186260901644,4.43087758240908,4.127140866935441,4.583213859924307,12,2.8182965214394056,3.7504190415585166,3.5175577892013923,3.7996450464039784,3.952062740741019,3.7258348069675757,Method4
69,100,50,0.7,3,wide,5,4,4,4,4,4,20,0.799,0.806,3.843783480961403,3.834799654758408,4.549570362425169,4.013406458091885,4.438806159650812,13,2.50996777207546,3.7504190415585166,3.5175577892013923,3.7996450464039784,3.952062740741019,3.7258348069675757,Method4
69,100,50,0.7,3,wide,5,4,4,4,4,4,20,0.799,0.806,3.8754219607742595,3.601177928543542,4.606700345507225,3.996608283298693,4.469546995427136,14,2.457212234249139,3.7504190415585166,3.5175577892013923,3.7996450464039784,3.952062740741019,3.7258348069675757,Method4
69,100,50,0.7,3,wide,5,4,4,4,4,4,20,0.799,0.806,3.9565910213822866,3.439737690481174,4.58776069880234,4.059128762875947,4.140890844124905,15,2.3529703646784585,3.7504190415585166,3.5175577892013923,3.7996450464039784,3.952062740741019,3.7258348069675757,Method4
69,100,50,0.7,3,wide,5,4,4,4,4,4,20,0.799,0.806,3.926644943536349,3.3127179673022047,4.586639834781883,4.066834417908553,4.150984420734358,16,2.3230281489802773,3.7504190415585166,3.5175577892013923,3.7996450464039784,3.952062740741019,3.7258348069675757,Method4
69,100,50,0.7,3,wide,5,4,4,4,4,4,20,0.799,0.806,3.9252556871731468,3.314643904717446,4.587053174397732,4.057446317974076,4.152244209200675,17,2.3229608602470435,3.7504190415585166,3.5175577892013923,3.7996450464039784,3.952062740741019,3.7258348069675757,Method4
69,100,50,0.7,3,wide,5,4,4,4,4,4,20,0.799,0.806,3.9553864283393625,3.3344955186564382,4.615422396234831,4.02979967699504,4.153721822178288,18,2.2645805854906036,3.7504190415585166,3.5175577892013923,3.7996450464039784,3.952062740741019,3.7258348069675757,Method4
69,100,50,0.7,3,wide,5,4,4,4,4,4,20,0.799,0.806,4.119435219117831,3.408397610465447,4.622588725148472,3.7275267256335147,4.191558361489391,19,2.1488288413426955,3.7504190415585166,3.5175577892013923,3.7996450464039784,3.952062740741019,3.7258348069675757,Method4
69,100,50,0.7,3,wide,5,4,4,4,4,4,20,0.799,0.806,4.081167931597816,3.4155144104377753,4.616091891130096,3.7192601644959087,4.19770229146459,20,2.146461963119832,3.7504190415585166,3.5175577892013923,3.7996450464039784,3.952062740741019,3.7258348069675757,Method4
69,100,50,0.7,3,wide,5,4,4,4,4,4,20,0.799,0.806,4.057365103792526,3.4212048476334624,4.635558878969716,3.6279889551287856,4.190632286551998,21,1.5400064829570017,3.7504190415585166,3.5175577892013923,3.7996450464039784,3.952062740741019,3.7258348069675757,Method4
69,100,50,0.7,3,wide,5,4,4,4,4,4,20,0.799,0.806,4.079450582587567,3.4155774895148983,4.623827283039863,3.5078997700108823,4.157579455640974,22,1.4903967798707356,3.7504190415585166,3.5175577892013923,3.7996450464039784,3.952062740741019,3.7258348069675757,Method4
69,100,50,0.7,3,wide,5,4,4,4,4,4,20,0.799,0.806,4.079555708581835,3.4770074482120252,4.593817066590794,3.594242350926462,4.234931608012118,23,1.372830357816719,3.7504190415585166,3.5175577892013923,3.7996450464039784,3.952062740741019,3.7258348069675757,Method4
69,100,50,0.7,3,wide,5,4,4,4,4,4,20,0.799,0.806,4.140219529255221,3.4860685265471343,4.587380297394697,3.5201300157594786,4.19231003044482,24,1.3049693997836864,3.7504190415585166,3.5175577892013923,3.7996450464039784,3.952062740741019,3.7258348069675757,Method4
69,100,50,0.7,3,wide,5,4,4,4,4,4,20,0.799,0.806,4.2228415254089136,3.5920724379287456,4.566543384213091,3.5534643866616156,4.072663535864683,25,1.1367849700983776,3.7504190415585166,3.5175577892013923,3.7996450464039784,3.952062740741019,3.7258348069675757,Method4
69,100,50,0.7,3,wide,5,4,4,4,4,4,20,0.799,0.806,3.8927981023649147,3.6642838493002303,3.9870867888368062,3.4404082201355446,4.015051272190293,26,0.9312770821130221,3.7504190415585166,3.5175577892013923,3.7996450464039784,3.952062740741019,3.7258348069675757,Method4
69,100,50,0.7,3,wide,5,4,4,4,4,4,20,0.799,0.806,3.818182242789663,3.6470580650866253,3.986185806219264,3.5284474674016857,3.982649321267063,27,0.8751468610805748,3.7504190415585166,3.5175577892013923,3.7996450464039784,3.952062740741019,3.7258348069675757,Method4
69,100,50,0.7,3,wide,5,4,4,4,4,4,20,0.799,0.806,3.8093646913126604,3.64198249725136,3.9775751233755696,3.5208356413381314,3.973061581606018,28,0.8735863446276022,3.7504190415585166,3.5175577892013923,3.7996450464039784,3.952062740741019,3.7258348069675757,Method4
69,100,50,0.7,3,wide,5,4,4,4,4,4,20,0.799,0.806,3.7832182192419688,3.6283236286338267,4.003514639118397,3.5300876039485036,3.910976701737842,29,0.8661995777515863,3.7504190415585166,3.5175577892013923,3.7996450464039784,3.952062740741019,3.7258348069675757,Method4
69,100,50,0.7,3,wide,5,4,4,4,4,4,20,0.799,0.806,3.763725488668646,3.592308212001492,4.02801109411763,3.529422871512041,3.9299227036243805,30,0.8401378985155779,3.7504190415585166,3.5175577892013923,3.7996450464039784,3.952062740741019,3.7258348069675757,Method4
69,100,50,0.7,3,wide,5,4,4,4,4,4,20,0.799,0.806,3.6801588909192313,3.6278034442848335,3.990953318260446,3.528767931281304,3.912288027882211,31,0.8104935816019696,3.7504190415585166,3.5175577892013923,3.7996450464039784,3.952062740741019,3.7258348069675757,Method4
69,100,50,0.7,3,wide,5,4,4,4,4,4,20,0.799,0.806,3.6743762960130546,3.604440383338672,3.973739936230074,3.5644605131537195,3.8726348828991317,32,0.7885235120209381,3.7504190415585166,3.5175577892013923,3.7996450464039784,3.952062740741019,3.7258348069675757,Method4
69,100,50,0.7,3,wide,5,4,4,4,4,4,20,0.799,0.806,3.6453234000447425,3.5996082853861244,3.915493338717819,3.590191297845787,3.8644496251226386,33,0.7809221012633079,3.7504190415585166,3.5175577892013923,3.7996450464039784,3.952062740741019,3.7258348069675757,Method4
69,100,50,0.7,3,wide,5,4,4,4,4,4,20,0.799,0.806,3.636539951712602,3.606228085381602,3.950040606877405,3.483355303080496,3.8669472309259385,34,0.7129624603172231,3.7504190415585166,3.5175577892013923,3.7996450464039784,3.952062740741019,3.7258348069675757,Method4
69,100,50,0.7,3,wide,5,4,4,4,4,4,20,0.799,0.806,3.621280399778931,3.6997282734859964,3.9358752442111005,3.470563683252676,3.97250670157872,35,0.6402482512866233,3.7504190415585166,3.5175577892013923,3.7996450464039784,3.952062740741019,3.7258348069675757,Method4
69,100,50,0.7,3,wide,5,4,4,4,4,4,20,0.799,0.806,3.6175999228687563,3.700158311750164,3.934497272326204,3.4709870481110863,3.959072064690742,36,0.6397589488069323,3.7504190415585166,3.5175577892013923,3.7996450464039784,3.952062740741019,3.7258348069675757,Method4
69,100,50,0.7,3,wide,5,4,4,4,4,4,20,0.799,0.806,3.676289872182548,3.6470125517414367,3.8243677549487587,3.479494023585342,3.9184578146227316,37,0.5678452637413156,3.7504190415585166,3.5175577892013923,3.7996450464039784,3.952062740741019,3.7258348069675757,Method4
69,100,50,0.7,3,wide,5,4,4,4,4,4,20,0.799,0.806,3.684557639340792,3.660501111792053,3.8950074563125723,3.489082770974238,3.8772257246103066,38,0.5522684488930971,3.7504190415585166,3.5175577892013923,3.7996450464039784,3.952062740741019,3.7258348069675757,Method4
69,100,50,0.7,3,wide,5,4,4,4,4,4,20,0.799,0.806,3.6836892867072675,3.660220986755852,3.8951455568995645,3.4870298041667347,3.8789545359222948,39,0.5522532654423578,3.7504190415585166,3.5175577892013923,3.7996450464039784,3.952062740741019,3.7258348069675757,Method4
69,100,50,0.7,3,wide,5,4,4,4,4,4,20,0.799,0.806,3.694570850991797,3.68776509594736,3.8987779476813667,3.5069643549817755,3.8859158341494617,40,0.5472856034982326,3.7504190415585166,3.5175577892013923,3.7996450464039784,3.952062740741019,3.7258348069675757,Method4
69,100,50,0.7,3,wide,5,4,4,4,4,4,20,0.799,0.806,3.6790462000599184,3.6485229703041506,3.940728696165327,3.494390768065428,3.7911535081236702,41,0.49841245450252575,3.7504190415585166,3.5175577892013923,3.7996450464039784,3.952062740741019,3.7258348069675757,Method4
69,100,50,0.7,3,wide,5,4,4,4,4,4,20,0.799,0.806,4.276258623087241,3.898023419299865,3.8392866269485832,3.7419734054459326,4.799848062100293,5,34.7399744229051,3.613477441183347,3.588707610518694,3.734403417864128,3.4891758908897033,3.692980036083938,Method4
69,100,50,0.7,3,wide,5,4,4,4,4,4,20,0.799,0.806,4.276258623087241,3.898023419299865,3.8392866269485832,3.7419734054459326,4.799848062100293,6,34.7399744229051,3.613477441183347,3.588707610518694,3.734403417864128,3.4891758908897033,3.692980036083938,Method4
69,100,50,0.7,3,wide,5,4,4,4,4,4,20,0.799,0.806,4.02748104239524,4.191260878630287,4.101295193200879,3.6365655100420593,3.5498690686440297,7,32.82730626779764,3.613477441183347,3.588707610518694,3.734403417864128,3.4891758908897033,3.692980036083938,Method4
69,100,50,0.7,3,wide,5,4,4,4,4,4,20,0.799,0.806,3.9800543426200323,4.263203343042448,4.102054289619848,3.3910595147894993,3.4936520642767666,8,32.78285290389324,3.613477441183347,3.588707610518694,3.734403417864128,3.4891758908897033,3.692980036083938,Method4
69,100,50,0.7,3,wide,5,4,4,4,4,4,20,0.799,0.806,3.4312666608535953,4.247415279209144,4.148772463583741,3.370603270951619,3.292669653719471,9,32.39272217069423,3.613477441183347,3.588707610518694,3.734403417864128,3.4891758908897033,3.692980036083938,Method4
69,100,50,0.7,3,wide,5,4,4,4,4,4,20,0.799,0.806,3.5400605007266748,4.082390946431767,3.0113051218523874,3.719653340720419,3.358205958515176,10,30.946347933634744,3.613477441183347,3.588707610518694,3.734403417864128,3.4891758908897033,3.692980036083938,Method4
69,100,50,0.7,3,wide,5,4,4,4,4,4,20,0.799,0.806,3.8550110077193582,4.470084798326452,3.743923095139707,3.5880058122367884,4.214750231537635,11,6.169758313728408,3.613477441183347,3.588707610518694,3.734403417864128,3.4891758908897033,3.692980036083938,Method4
69,100,50,0.7,3,wide,5,4,4,4,4,4,20,0.799,0.806,3.8736885143367226,4.471908795433556,3.6937276313812077,3.6043087193637544,4.208301017859465,12,6.163313098582999,3.613477441183347,3.588707610518694,3.734403417864128,3.4891758908897033,3.692980036083938,Method4
69,100,50,0.7,3,wide,5,4,4,4,4,4,20,0.799,0.806,4.107839327349488,4.327770636286937,3.527699889402454,3.6460136147265394,4.177964447238259,13,4.289648086045414,3.613477441183347,3.588707610518694,3.734403417864128,3.4891758908897033,3.692980036083938,Method4
69,100,50,0.7,3,wide,5,4,4,4,4,4,20,0.799,0.806,4.123435924092299,4.329891139747408,3.4390280042133092,3.6640359707502412,4.213949165978318,14,4.153869095735311,3.613477441183347,3.588707610518694,3.734403417864128,3.4891758908897033,3.692980036083938,Method4
69,100,50,0.7,3,wide,5,4,4,4,4,4,20,0.799,0.806,4.154864152259296,4.308360065533947,3.4296393403805725,3.6519577182183025,4.127779097364811,15,4.084442407935998,3.613477441183347,3.588707610518694,3.734403417864128,3.4891758908897033,3.692980036083938,Method4
69,100,50,0.7,3,wide,5,4,4,4,4,4,20,0.799,0.806,4.166469544454286,4.30817885899426,3.4332507879106595,3.656375573019195,4.11268606671235,16,4.083373255491016,3.613477441183347,3.588707610518694,3.734403417864128,3.4891758908897033,3.692980036083938,Method4
69,100,50,0.7,3,wide,5,4,4,4,4,4,20,0.799,0.806,3.8043521496558124,4.321963682831957,3.5372218251181615,3.5713577903113447,4.141983909756254,17,3.8100280887377544,3.613477441183347,3.588707610518694,3.734403417864128,3.4891758908897033,3.692980036083938,Method4
69,100,50,0.7,3,wide,5,4,4,4,4,4,20,0.799,0.806,3.6689501242658666,3.6742750042451178,3.5659906036356834,3.500897341308052,4.074453121670116,18,3.376307919926176,3.613477441183347,3.588707610518694,3.734403417864128,3.4891758908897033,3.692980036083938,Method4
69,100,50,0.7,3,wide,5,4,4,4,4,4,20,0.799,0.806,3.512947102390222,3.639865611391548,3.5332060961174623,3.475958501214457,4.110919614929143,19,3.318384028320812,3.613477441183347,3.588707610518694,3.734403417864128,3.4891758908897033,3.692980036083938,Method4
69,100,50,0.7,3,wide,5,4,4,4,4,4,20,0.799,0.806,3.579696171475217,3.338053759351335,3.433988658034458,3.611820233091479,4.162757151259767,20,3.1034677998499953,3.613477441183347,3.588707610518694,3.734403417864128,3.4891758908897033,3.692980036083938,Method4
69,100,50,0.7,3,wide,5,4,4,4,4,4,20,0.799,0.806,3.463897160486209,3.3504070247999587,3.6090383372187835,3.662527107546464,4.149329196243556,21,2.524722693254108,3.613477441183347,3.588707610518694,3.734403417864128,3.4891758908897033,3.692980036083938,Method4
69,100,50,0.7,3,wide,5,4,4,4,4,4,20,0.799,0.806,3.618711364087989,3.3589259715971376,3.6464208786964454,3.784542228682174,4.075223586310031,22,2.393850549947534,3.613477441183347,3.588707610518694,3.734403417864128,3.4891758908897033,3.692980036083938,Method4
69,100,50,0.7,3,wide,5,4,4,4,4,4,20,0.799,0.806,3.7900539081977342,3.4357345017077527,3.6337238174147473,4.089887780240923,3.858607764157655,23,1.9277904080966701,3.613477441183347,3.588707610518694,3.734403417864128,3.4891758908897033,3.692980036083938,Method4
69,100,50,0.7,3,wide,5,4,4,4,4,4,20,0.799,0.806,3.755579506354634,3.339974003318963,3.64925961856581,4.06515040073824,3.8705940088889506,24,1.8984906338669465,3.613477441183347,3.588707610518694,3.734403417864128,3.4891758908897033,3.692980036083938,Method4
69,100,50,0.7,3,wide,5,4,4,4,4,4,20,0.799,0.806,3.775406496892179,3.233488636009079,3.6919901847936156,3.994125381259425,3.8438259922918303,25,1.6749659842939324,3.613477441183347,3.588707610518694,3.734403417864128,3.4891758908897033,3.692980036083938,Method4
69,100,50,0.7,3,wide,5,4,4,4,4,4,20,0.799,0.806,3.7132721375953297,3.2361474765375546,3.6939471476402117,4.056586164262431,3.7911141002999393,26,1.630104471481342,3.613477441183347,3.588707610518694,3.734403417864128,3.4891758908897033,3.692980036083938,Method4
69,100,50,0.7,3,wide,5,4,4,4,4,4,20,0.799,0.806,3.7192952022769914,3.2550909138468027,3.692530502230181,4.031516099313661,3.756486412075315,27,1.564520666045773,3.613477441183347,3.588707610518694,3.734403417864128,3.4891758908897033,3.692980036083938,Method4
69,100,50,0.7,3,wide,5,4,4,4,4,4,20,0.799,0.806,3.7303902856414712,3.3482948726444124,3.6754792197923796,4.132329669813246,3.68867094028467,28,1.4563810500510261,3.613477441183347,3.588707610518694,3.734403417864128,3.4891758908897033,3.692980036083938,Method4
69,100,50,0.7,3,wide,5,4,4,4,4,4,20,0.799,0.806,3.649004733995136,3.293753002820606,3.663974947166798,4.181833017666747,3.693082582944872,29,1.350128435423971,3.613477441183347,3.588707610518694,3.734403417864128,3.4891758908897033,3.692980036083938,Method4
69,100,50,0.7,3,wide,5,4,4,4,4,4,20,0.799,0.806,3.480026406916234,3.3645283106321493,3.8527276489714986,4.069605946312943,3.663602625253784,30,1.1959022002839221,3.613477441183347,3.588707610518694,3.734403417864128,3.4891758908897033,3.692980036083938,Method4
69,100,50,0.7,3,wide,5,4,4,4,4,4,20,0.799,0.806,3.529367058939847,3.308271101066039,3.8932088650667582,4.023335931093823,3.6374896476965692,31,1.107481843261978,3.613477441183347,3.588707610518694,3.734403417864128,3.4891758908897033,3.692980036083938,Method4
69,100,50,0.7,3,wide,5,4,4,4,4,4,20,0.799,0.806,3.5738077294130703,3.32036916978338,3.8063273933621833,4.0061150869163775,3.6142029459941183,32,0.9282681243853458,3.613477441183347,3.588707610518694,3.734403417864128,3.4891758908897033,3.692980036083938,Method4
69,100,50,0.7,3,wide,5,4,4,4,4,4,20,0.799,0.806,3.57648698704213,3.3203480334034268,3.8035876497141397,4.010895642442578,3.6145548011433344,33,0.9281678814362994,3.613477441183347,3.588707610518694,3.734403417864128,3.4891758908897033,3.692980036083938,Method4
69,100,50,0.7,3,wide,5,4,4,4,4,4,20,0.799,0.806,3.703954326852054,3.3697081648433054,3.7043145295148774,3.976305244246951,3.642195310820134,34,0.7601897827230396,3.613477441183347,3.588707610518694,3.734403417864128,3.4891758908897033,3.692980036083938,Method4
69,100,50,0.7,3,wide,5,4,4,4,4,4,20,0.799,0.806,3.7744742559851523,3.3805177164615987,3.6895903920447504,3.818606073680993,3.6711645000785986,35,0.7304597189792998,3.613477441183347,3.588707610518694,3.734403417864128,3.4891758908897033,3.692980036083938,Method4
69,100,50,0.7,3,wide,5,4,4,4,4,4,20,0.799,0.806,3.733443650075098,3.3995775911683683,3.70831083060738,3.77363400304626,3.7018043125540334,36,0.7195765084044972,3.613477441183347,3.588707610518694,3.734403417864128,3.4891758908897033,3.692980036083938,Method4
69,100,50,0.7,3,wide,5,4,4,4,4,4,20,0.799,0.806,3.7542263120108252,3.3978602830081286,3.7054382338039984,3.7915039424589563,3.6292238897838316,37,0.6878307524792358,3.613477441183347,3.588707610518694,3.734403417864128,3.4891758908897033,3.692980036083938,Method4
69,100,50,0.7,3,wide,5,4,4,4,4,4,20,0.799,0.806,3.763759245335866,3.3928526401363674,3.7209922145824406,3.7444592822255847,3.635737331109098,38,0.6841525986774668,3.613477441183347,3.588707610518694,3.734403417864128,3.4891758908897033,3.692980036083938,Method4
69,100,50,0.7,3,wide,5,4,4,4,4,4,20,0.799,0.806,3.773320253611339,3.3837738460058793,3.722137729282982,3.7418635533441447,3.635717057967086,39,0.6840383744264993,3.613477441183347,3.588707610518694,3.734403417864128,3.4891758908897033,3.692980036083938,Method4
69,100,50,0.7,3,wide,5,4,4,4,4,4,20,0.799,0.806,3.799233039648808,3.364294265318508,3.7309613746322894,3.7623665053540223,3.6387557388816654,40,0.6784431364584903,3.613477441183347,3.588707610518694,3.734403417864128,3.4891758908897033,3.692980036083938,Method4
69,100,50,0.7,3,wide,5,4,4,4,4,4,20,0.799,0.806,3.853987487795297,3.3985260495145124,3.7081718923862037,3.789079779396737,3.6248666780154073,41,0.6697947303467315,3.613477441183347,3.588707610518694,3.734403417864128,3.4891758908897033,3.692980036083938,Method4
